0.02|(489.3, 769.8)
0.1136452|(471.8, 760.4)
0.1539467|(452.5, 832.2)
0.1705269|(449.5, 840.5)
0.1870823|(456.9, 841.7)
0.2036495|(460.4, 840.3)
0.2205305|(462.2, 835.5)
0.236907|(449.9, 833.7)
0.2703134|(454.1, 828.2)
0.2867901|(459.0, 833.1)
0.3030518|(455.9, 838.0)
0.3197034|(453.1, 845.3)
0.3361865|(451.1, 843.5)
0.353317|(453.7, 838.1)
0.3693217|(448.2, 834.1)
0.3858877|(456.8, 833.0)
0.419431|(452.0, 827.7)
0.435588|(462.1, 829.5)
0.4687208|(470.1, 832.2)
0.485284|(468.4, 831.0)
0.5018544|(470.2, 833.6)
0.5184219|(471.2, 834.6)
0.534984|(470.1, 837.5)
0.5681216|(460.3, 841.9)
0.6012748|(457.1, 842.2)
0.6178179|(460.7, 822.9)
0.6343827|(459.9, 813.6)
0.6509495|(459.4, 814.8)
0.667523|(458.1, 816.5)
0.6840831|(452.5, 819.4)
0.7172183|(451.7, 818.6)
0.733785|(449.7, 820.7)
0.7503514|(443.5, 824.4)
0.7837957|(442.2, 863.8)
0.8003325|(450.6, 818.3)
0.8166178|(451.6, 815.0)
0.8332832|(447.5, 815.4)
0.8663166|(448.3, 815.7)
0.8833196|(448.6, 816.1)
0.8994498|(458.9, 821.6)
0.9160165|(464.3, 827.8)
0.9327507|(463.2, 833.5)
0.9493566|(461.9, 830.6)
0.9657236|(456.2, 831.7)
0.982294|(454.4, 831.3)
1.015424|(449.4, 830.0)
1.032247|(450.7, 823.4)
1.048886|(446.3, 816.3)
1.065305|(443.0, 817.1)
1.09825|(439.6, 824.3)
1.115245|(438.3, 829.1)
1.131383|(438.1, 833.9)
1.164518|(438.1, 843.8)
1.181082|(438.4, 846.0)
1.197649|(440.1, 843.5)
1.214223|(442.5, 838.3)
1.230784|(443.5, 834.2)
1.247768|(450.5, 827.8)
1.263916|(452.0, 824.1)
1.280482|(455.8, 827.6)
1.313616|(475.5, 834.7)
1.330189|(475.5, 835.2)
1.346749|(469.0, 835.9)
1.363874|(466.9, 837.5)
1.380159|(454.2, 857.3)
1.413015|(457.2, 847.8)
1.429757|(455.6, 850.3)
1.462716|(458.5, 839.5)
1.479283|(460.2, 834.6)
1.495851|(520.5, 816.2)
1.512416|(539.6, 791.8)
1.529051|(541.9, 794.5)
1.545549|(550.6, 808.2)
1.562117|(557.0, 811.6)
1.578682|(560.8, 813.6)
1.611816|(570.1, 805.2)
1.628382|(577.9, 793.5)
1.644949|(572.7, 797.8)
1.661557|(570.6, 795.5)
1.678082|(577.9, 786.5)
1.694649|(583.0, 797.4)
1.727783|(587.7, 790.8)
1.760916|(591.2, 788.8)
1.777483|(593.2, 786.4)
1.79405|(595.0, 784.8)
1.810621|(595.9, 779.3)
1.827182|(591.7, 772.6)
1.84375|(598.2, 777.0)
1.860327|(598.7, 770.2)
1.876882|(600.9, 759.3)
1.910016|(603.8, 772.6)
1.927277|(605.4, 769.6)
1.943149|(605.9, 761.5)
1.959717|(606.4, 761.5)
1.976283|(606.5, 759.8)
1.992849|(606.6, 753.9)
2.009417|(605.6, 756.1)
2.009417|(609.0, 759.0)
2.042549|(608.0, 797.1)
2.059116|(607.5, 762.3)
2.075687|(614.5, 776.8)
2.092499|(623.5, 780.0)
2.108817|(624.6, 777.2)
2.125429|(630.7, 778.3)
2.141957|(647.0, 770.4)
2.158516|(650.6, 763.6)
2.175083|(653.8, 761.1)
2.19167|(652.8, 757.0)
2.225173|(649.2, 766.9)
2.241814|(654.9, 781.2)
2.258063|(653.3, 786.8)
2.274693|(654.2, 791.5)
2.291057|(648.7, 780.8)
2.307625|(650.9, 789.7)
2.324182|(657.4, 781.7)
2.373882|(663.3, 781.9)
2.390449|(666.1, 785.1)
2.407016|(662.5, 786.4)
2.423647|(658.0, 777.8)
2.44015|(655.7, 778.0)
2.4568|(659.4, 791.7)
2.473557|(660.5, 798.1)
2.489996|(664.7, 801.8)
2.506417|(666.8, 805.5)
2.522987|(670.8, 805.2)
2.539791|(678.6, 803.4)
2.5562|(700.4, 792.0)
2.573069|(701.0, 790.8)
2.589249|(709.8, 793.6)
2.605816|(710.5, 797.4)
2.622382|(720.8, 799.2)
2.638948|(722.1, 796.3)
2.672082|(726.9, 797.6)
2.688649|(728.8, 805.4)
2.705216|(730.3, 808.5)
2.721782|(726.0, 818.8)
2.738644|(723.6, 824.7)
2.754916|(721.0, 823.9)
2.771482|(722.8, 824.1)
2.788112|(728.7, 826.9)
2.821277|(732.7, 826.0)
2.837752|(732.8, 823.6)
2.854357|(726.5, 820.1)
2.871026|(724.4, 820.1)
2.887455|(726.3, 822.4)
2.904016|(726.4, 821.8)
2.920583|(725.1, 822.3)
2.937161|(727.4, 823.2)
2.970542|(725.6, 822.9)
2.986852|(724.5, 827.0)
3.003416|(720.7, 825.1)
3.019982|(723.1, 820.8)
3.03655|(730.7, 823.7)
3.053122|(731.9, 824.2)
3.069922|(730.8, 828.4)
3.086255|(732.2, 828.8)
3.11939|(741.9, 828.3)
3.135961|(753.7, 827.4)
3.169357|(796.7, 842.5)
3.185655|(792.1, 841.2)
3.202217|(795.9, 847.0)
3.218794|(793.2, 846.4)
3.235358|(794.0, 846.8)
3.26888|(792.1, 837.1)
3.318206|(822.7, 826.9)
3.335121|(840.4, 816.8)
3.351316|(838.4, 818.3)
3.367948|(835.1, 820.5)
3.384707|(847.1, 817.7)
3.417722|(842.0, 819.6)
3.434246|(831.9, 816.3)
3.45072|(821.8, 810.7)
3.483856|(824.0, 813.1)
3.500417|(822.0, 812.2)
3.516987|(821.7, 812.2)
3.533554|(824.2, 814.8)
3.566684|(820.1, 811.8)
3.583253|(807.9, 812.2)
3.59982|(804.0, 806.1)
3.616383|(804.3, 805.7)
3.632952|(810.0, 809.1)
3.649518|(812.7, 810.4)
3.666083|(813.0, 806.7)
3.682683|(815.2, 808.0)
3.715783|(815.8, 811.7)
3.73257|(816.8, 811.3)
3.748917|(813.1, 799.9)
3.765485|(819.3, 803.1)
3.798997|(821.7, 809.6)
3.815182|(820.4, 809.2)
3.83175|(820.7, 811.7)
3.864883|(815.0, 813.3)
3.88145|(812.5, 809.7)
3.898016|(818.5, 795.0)
3.914584|(815.7, 828.8)
3.931155|(816.2, 792.8)
3.947716|(820.5, 813.1)
3.964283|(822.9, 811.4)
3.980849|(831.5, 807.1)
4.013983|(835.6, 810.6)
4.03055|(839.1, 806.3)
4.047116|(854.2, 797.8)
4.063989|(860.9, 793.0)
4.080249|(870.9, 793.7)
4.113382|(870.3, 795.4)
4.129949|(867.9, 795.7)
4.163515|(869.4, 798.3)
4.179651|(869.8, 796.1)
4.196216|(871.2, 797.1)
4.212788|(870.8, 795.5)
4.229349|(869.2, 787.3)
4.246175|(869.3, 784.6)
4.262483|(869.8, 791.1)
4.279049|(876.2, 789.2)
4.312395|(879.7, 786.1)
4.328749|(878.8, 788.5)
4.345316|(882.4, 789.3)
4.361883|(884.9, 792.7)
4.378449|(898.1, 804.6)
4.395016|(893.4, 809.4)
4.428169|(887.8, 810.9)
4.461283|(879.8, 812.3)
4.477849|(880.8, 810.4)
4.494416|(890.5, 822.1)
4.510983|(895.0, 824.3)
4.52755|(898.3, 830.0)
4.544116|(899.1, 830.9)
4.560682|(902.6, 825.5)
4.577249|(904.0, 827.2)
4.610383|(909.4, 823.2)
4.626949|(918.3, 821.2)
4.643516|(919.5, 818.5)
4.660083|(921.1, 818.7)
4.676673|(904.1, 804.0)
4.693221|(909.6, 804.1)
4.709784|(928.5, 801.4)
4.742922|(926.8, 840.8)
4.759729|(941.7, 811.2)
4.77605|(944.2, 812.1)
4.792616|(941.9, 810.7)
4.809404|(944.6, 810.3)
4.825749|(943.7, 813.2)
4.842723|(931.2, 818.1)
4.858882|(934.0, 817.3)
4.875606|(918.7, 816.2)
4.892104|(917.5, 815.4)
4.925241|(926.5, 814.7)
4.941716|(926.7, 814.7)
4.958286|(927.3, 814.7)
4.974854|(925.3, 815.4)
4.991416|(925.4, 816.0)
5.007988|(930.4, 816.7)
5.024556|(934.6, 818.7)
5.041116|(932.8, 818.9)
5.074256|(922.7, 810.6)
5.090822|(918.1, 810.4)
5.107383|(911.6, 809.2)
5.123949|(914.7, 809.8)
5.14052|(917.8, 809.6)
5.157332|(919.9, 808.3)
5.173649|(928.6, 809.2)
5.190604|(938.6, 811.5)
5.206783|(934.9, 810.4)
5.223349|(937.3, 816.3)
5.239915|(937.2, 816.6)
5.256483|(937.0, 817.6)
5.273049|(932.2, 806.9)
5.289616|(926.8, 806.1)
5.306184|(925.8, 804.9)
5.32275|(922.2, 805.0)
5.339316|(923.7, 805.6)
5.372449|(933.8, 810.3)
5.389016|(931.0, 808.2)
5.405582|(927.0, 798.0)
5.422149|(927.2, 797.2)
5.438716|(931.5, 793.9)
5.455283|(930.3, 793.8)
5.471854|(934.7, 802.7)
5.488417|(937.1, 811.6)
5.521556|(940.5, 817.6)
5.554683|(937.0, 815.7)
5.571253|(925.6, 806.4)
5.587822|(925.0, 804.8)
5.604383|(924.8, 800.3)
5.62095|(927.1, 793.9)
5.637521|(927.4, 790.8)
5.670649|(927.6, 793.1)
5.68722|(929.0, 791.6)
5.703782|(929.2, 816.7)
5.72035|(931.2, 815.5)
5.73692|(936.7, 808.5)
5.753482|(938.6, 809.7)
5.770453|(930.7, 803.6)
5.786622|(928.9, 805.5)
5.819758|(927.2, 809.2)
5.836571|(916.7, 806.7)
5.869521|(918.1, 806.5)
5.886095|(915.3, 804.0)
5.902587|(917.3, 802.1)
5.919701|(903.7, 794.3)
5.935717|(904.9, 791.7)
5.969206|(664.9, 792.5)
5.985422|(557.2, 781.7)
6.00209|(475.6, 782.0)
6.01859|(479.1, 785.6)
6.035497|(453.2, 800.1)
6.051683|(447.6, 792.1)
6.068261|(444.8, 786.0)
6.084822|(438.5, 777.0)
6.11795|(443.7, 779.0)
6.134522|(426.4, 784.4)
6.151377|(421.6, 777.2)
6.18422|(411.9, 775.5)
6.201125|(411.2, 777.4)
6.21735|(410.0, 777.1)
6.233917|(411.4, 777.1)
6.267053|(414.4, 774.7)
6.283626|(429.4, 780.5)
6.300189|(430.6, 814.2)
6.316799|(429.2, 778.8)
6.333394|(421.0, 783.2)
6.349884|(417.6, 785.5)
6.366563|(418.7, 783.5)
6.383017|(419.7, 777.9)
6.41615|(422.2, 779.1)
6.432717|(425.5, 777.1)
6.449403|(426.8, 776.8)
6.465988|(419.2, 782.0)
6.499038|(407.0, 780.2)
6.51562|(414.7, 782.3)
6.532117|(392.2, 770.3)
6.565257|(416.3, 773.6)
6.581817|(426.1, 771.6)
6.598424|(432.4, 771.6)
6.61495|(436.6, 803.0)
6.63152|(433.9, 762.6)
6.648094|(432.7, 759.0)
6.664649|(429.5, 765.0)
6.681217|(429.1, 765.4)
6.714349|(425.1, 770.7)
6.730917|(419.8, 772.7)
6.747487|(416.9, 771.1)
6.764049|(414.2, 770.6)
6.780615|(417.5, 766.8)
6.813749|(423.6, 776.4)
6.830316|(423.9, 775.7)
6.863449|(426.1, 781.9)
6.880016|(427.0, 781.8)
6.897048|(426.8, 780.7)
6.913149|(428.0, 774.9)
6.929716|(427.5, 800.2)
6.946533|(432.4, 765.1)
6.962854|(429.5, 763.6)
6.979415|(430.7, 764.5)
7.012871|(444.1, 774.0)
7.029116|(442.0, 774.8)
7.045683|(430.5, 770.8)
7.062249|(432.2, 770.8)
7.078816|(434.9, 767.9)
7.095482|(438.8, 763.1)
7.128552|(437.5, 757.3)
7.161649|(441.9, 757.6)
7.178216|(440.6, 758.2)
7.194783|(440.1, 759.9)
7.211349|(439.8, 764.2)
7.227916|(432.5, 770.2)
7.2445|(421.0, 759.3)
7.26105|(419.0, 733.4)
7.277617|(424.2, 729.4)
7.310749|(431.0, 718.5)
7.327316|(427.3, 718.2)
7.343885|(423.6, 717.5)
7.360449|(429.7, 720.0)
7.377016|(433.6, 720.5)
7.393583|(429.8, 722.3)
7.410373|(427.1, 727.2)
7.443285|(417.9, 773.5)
7.460143|(416.4, 736.5)
7.476415|(421.3, 736.9)
7.492982|(431.5, 728.0)
7.509721|(434.5, 726.5)
7.526116|(431.3, 725.8)
7.542776|(424.4, 721.5)
7.559494|(423.5, 758.7)
7.576044|(419.6, 723.4)
7.592382|(416.3, 724.8)
7.60895|(421.3, 724.5)
7.625516|(424.9, 723.2)
7.642083|(426.7, 721.9)
7.65865|(430.1, 720.7)
7.675221|(432.4, 717.2)
7.692249|(436.6, 709.4)
7.708363|(437.6, 711.9)
7.724924|(440.8, 715.4)
7.774623|(450.9, 720.7)
7.791338|(449.2, 719.3)
7.8083|(436.1, 715.4)
7.82432|(429.5, 715.9)
7.840887|(426.2, 718.5)
7.857563|(430.3, 719.7)
7.874016|(433.6, 715.9)
7.890587|(430.3, 717.3)
7.907149|(432.6, 717.4)
7.923716|(439.1, 713.9)
7.941033|(439.0, 715.4)
7.95685|(439.8, 712.4)
7.973416|(448.4, 706.3)
7.989983|(442.8, 726.9)
8.006803|(443.2, 729.1)
8.023116|(445.1, 728.9)
8.039683|(435.0, 721.4)
8.072816|(443.5, 726.9)
8.089926|(452.0, 712.3)
8.105953|(453.4, 710.8)
8.122516|(452.8, 714.4)
8.139083|(454.3, 718.4)
8.155656|(451.2, 716.9)
8.172343|(448.7, 713.0)
8.188783|(444.8, 708.4)
8.221915|(444.5, 710.0)
8.238482|(460.6, 714.7)
8.255116|(463.1, 716.2)
8.271619|(460.0, 719.6)
8.288183|(464.2, 719.3)
8.304749|(460.7, 717.7)
8.321321|(459.4, 717.0)
8.337883|(457.1, 712.2)
8.371022|(456.7, 748.8)
8.387583|(456.4, 710.9)
8.40415|(448.1, 715.8)
8.420965|(446.3, 716.4)
8.437289|(448.9, 705.6)
8.453849|(442.5, 706.8)
8.470416|(443.0, 703.5)
8.486987|(442.6, 701.7)
8.520119|(441.9, 695.6)
8.536985|(448.5, 698.5)
8.569826|(460.3, 706.7)
8.586383|(461.8, 708.4)
8.602954|(458.3, 712.9)
8.61952|(441.5, 718.8)
8.636469|(439.9, 725.1)
8.669223|(443.0, 713.6)
8.70236|(433.5, 713.8)
8.718925|(437.7, 706.1)
8.735482|(446.6, 700.6)
8.752051|(447.1, 700.6)
8.768623|(445.0, 700.8)
8.785189|(468.4, 710.7)
8.818769|(482.3, 715.3)
8.834893|(491.4, 716.8)
8.851474|(479.7, 708.3)
8.884584|(485.7, 709.7)
8.901478|(484.4, 711.3)
8.917716|(484.6, 710.6)
8.934282|(468.0, 701.6)
8.967418|(478.8, 724.9)
8.984074|(486.1, 722.9)
9.00055|(494.0, 727.8)
9.017122|(490.6, 728.7)
9.033689|(496.3, 729.3)
9.050289|(498.2, 728.8)
9.067034|(497.5, 727.9)
9.083386|(504.9, 728.6)
9.116658|(520.8, 721.6)
9.133086|(529.4, 718.1)
9.14966|(526.0, 718.0)
9.166217|(523.1, 713.4)
9.182783|(489.5, 729.6)
9.199349|(495.0, 728.0)
9.215916|(501.0, 725.6)
9.232765|(488.6, 732.2)
9.265879|(503.1, 732.8)
9.282183|(509.8, 733.4)
9.298751|(514.3, 732.7)
9.315319|(518.5, 726.4)
9.331968|(520.7, 758.0)
9.34845|(515.9, 713.6)
9.365017|(518.9, 708.7)
9.381582|(507.8, 711.4)
9.414716|(492.2, 717.8)
9.431284|(500.0, 719.6)
9.44785|(506.1, 722.4)
9.464417|(494.9, 725.3)
9.481104|(511.4, 723.5)
9.497548|(493.1, 722.0)
9.514124|(496.0, 720.5)
9.530966|(507.5, 715.5)
9.564626|(530.7, 697.2)
9.580382|(525.8, 694.6)
9.596955|(517.4, 707.0)
9.613761|(517.2, 712.1)
9.630083|(518.3, 751.0)
9.64665|(493.8, 716.2)
9.663343|(501.2, 716.7)
9.680268|(490.7, 719.8)
9.71301|(490.3, 758.5)
9.729483|(496.4, 720.2)
9.746049|(491.1, 721.1)
9.76343|(533.6, 738.8)
9.779182|(557.6, 737.9)
9.79587|(561.3, 734.3)
9.828882|(563.4, 734.9)
9.862018|(569.8, 724.8)
9.878583|(570.1, 725.7)
9.895149|(571.3, 724.6)
9.911716|(571.6, 723.6)
9.92829|(571.3, 722.2)
9.944849|(570.5, 755.5)
9.961431|(562.2, 701.5)
9.977983|(553.8, 703.6)
10.01112|(561.7, 698.2)
10.02768|(560.6, 699.3)
10.04425|(562.6, 703.6)
10.06082|(564.1, 701.9)
10.07739|(567.7, 696.4)
10.09395|(582.6, 695.8)
10.11078|(594.0, 698.2)
10.12708|(594.5, 697.8)
10.16022|(595.8, 698.7)
10.17678|(593.8, 695.7)
10.19351|(596.2, 695.8)
10.20992|(597.1, 697.5)
10.22648|(598.5, 701.0)
10.24305|(597.1, 704.8)
10.25961|(597.3, 745.6)
10.27627|(594.8, 713.8)
10.29276|(593.4, 754.0)
10.30963|(591.7, 714.5)
10.3259|(589.6, 709.6)
10.34245|(582.8, 691.9)
10.35902|(580.5, 691.0)
10.37558|(582.1, 697.8)
10.39215|(581.1, 699.8)
10.40872|(582.0, 701.8)
10.42528|(585.1, 704.1)
10.47505|(601.7, 713.0)
10.49155|(604.5, 713.8)
10.50812|(601.2, 712.0)
10.52469|(595.1, 711.4)
10.54137|(592.7, 713.9)
10.55783|(592.5, 714.4)
10.57439|(596.0, 758.9)
10.59096|(600.2, 724.9)
10.60752|(604.4, 731.7)
10.6245|(610.7, 735.4)
10.64065|(610.1, 733.7)
10.65722|(607.3, 734.3)
10.67378|(605.5, 731.0)
10.69065|(611.1, 731.1)
10.70692|(611.4, 727.7)
10.72391|(606.7, 726.2)
10.74005|(607.3, 720.8)
10.77318|(604.2, 722.4)
10.78975|(603.5, 723.4)
10.80632|(602.1, 721.4)
10.82329|(606.4, 717.1)
10.83946|(605.6, 718.7)
10.85635|(611.1, 708.8)
10.87297|(612.3, 703.5)
10.88915|(612.7, 700.5)
10.92228|(611.3, 696.9)
10.93885|(612.8, 693.2)
10.95542|(613.4, 694.0)
10.97198|(613.8, 693.7)
10.98855|(614.1, 693.3)
11.00541|(617.6, 693.8)
11.02168|(615.9, 697.4)
11.03825|(608.9, 706.8)
11.07155|(607.6, 746.1)
11.08795|(610.2, 715.1)
11.10452|(619.5, 709.2)
11.12182|(624.7, 707.0)
11.13765|(629.1, 702.9)
11.15422|(629.1, 701.8)
11.17082|(623.7, 698.5)
11.18735|(621.3, 698.9)
11.22104|(610.1, 697.8)
11.23717|(616.4, 716.4)
11.25362|(607.2, 727.4)
11.27033|(604.2, 727.7)
11.28675|(602.5, 725.9)
11.30332|(608.1, 725.2)
11.31989|(609.4, 728.1)
11.33645|(610.3, 729.6)
11.36959|(614.3, 721.5)
11.36959|(617.0, 720.8)
11.40272|(514.9, 686.3)
11.41929|(504.3, 682.4)
11.43628|(494.8, 679.1)
11.4527|(495.9, 676.7)
11.46905|(496.7, 676.2)
11.48556|(497.9, 673.8)
11.51869|(498.9, 678.8)
11.53526|(498.1, 683.6)
11.55206|(504.4, 683.0)
11.56838|(502.3, 678.9)
11.58495|(476.4, 671.1)
11.60152|(472.3, 670.0)
11.61841|(456.1, 665.3)
11.63465|(448.1, 669.4)
11.66778|(466.2, 671.5)
11.68435|(469.2, 674.0)
11.70092|(469.9, 677.0)
11.71748|(463.6, 682.5)
11.73406|(463.4, 682.1)
11.75067|(457.3, 675.4)
11.76718|(456.6, 664.2)
11.78391|(462.2, 654.0)
11.81688|(458.9, 647.6)
11.83345|(457.9, 649.1)
11.85002|(458.0, 651.4)
11.86659|(467.1, 667.7)
11.88324|(462.3, 672.5)
11.8999|(455.4, 675.6)
11.91641|(454.7, 676.0)
11.93285|(454.6, 671.1)
11.96622|(458.2, 666.8)
11.98255|(450.5, 664.5)
11.99912|(461.3, 646.6)
12.03225|(461.7, 637.3)
12.04889|(466.3, 633.9)
12.06545|(465.6, 643.2)
12.08195|(466.5, 640.0)
12.11531|(468.2, 651.7)
12.13203|(463.9, 652.7)
12.14822|(460.3, 691.8)
12.1654|(457.9, 656.1)
12.18135|(456.6, 661.2)
12.19792|(458.1, 660.5)
12.21448|(465.6, 656.5)
12.23105|(468.0, 654.3)
12.26492|(470.4, 657.7)
12.28075|(468.5, 662.1)
12.29732|(470.9, 662.4)
12.31388|(473.2, 662.1)
12.31388|(475.1, 652.7)
12.34702|(475.4, 649.7)
12.36359|(477.0, 648.6)
12.38015|(479.6, 640.4)
12.41329|(478.5, 645.3)
12.42985|(477.6, 641.0)
12.44642|(448.7, 646.8)
12.46326|(440.0, 648.6)
12.47955|(439.2, 648.4)
12.49638|(439.5, 646.6)
12.51293|(444.8, 647.4)
12.52936|(448.5, 652.1)
12.56238|(453.9, 655.2)
12.57895|(456.9, 651.6)
12.59552|(457.3, 651.6)
12.61208|(459.2, 654.5)
12.62865|(458.9, 655.4)
12.64522|(453.2, 699.8)
12.66178|(453.9, 659.8)
12.67835|(458.2, 647.5)
12.71148|(461.0, 641.9)
12.72805|(461.1, 642.4)
12.74462|(457.2, 637.2)
12.76118|(451.3, 637.5)
12.77775|(449.7, 643.6)
12.79432|(451.3, 658.7)
12.81088|(451.4, 652.9)
12.82745|(446.4, 649.3)
12.86058|(441.9, 646.9)
12.87715|(451.5, 639.3)
12.89391|(449.9, 645.3)
12.91028|(450.3, 645.9)
12.92685|(448.0, 641.0)
12.944|(448.4, 640.7)
12.9602|(454.4, 647.7)
12.97671|(458.4, 652.6)
12.99312|(458.7, 690.7)
13.00968|(472.2, 665.9)
13.02625|(472.4, 666.2)
13.04282|(472.2, 665.7)
13.05962|(476.8, 667.1)
13.07595|(483.9, 670.6)
13.09271|(490.0, 674.2)
13.10908|(487.6, 672.5)
13.12565|(489.3, 676.2)
13.15878|(489.6, 676.5)
13.17549|(482.4, 674.5)
13.19232|(477.4, 672.4)
13.20873|(472.6, 666.6)
13.22506|(471.4, 674.2)
13.24162|(472.0, 666.6)
13.25818|(474.9, 666.5)
13.27476|(482.0, 706.6)
13.29132|(480.1, 676.9)
13.30812|(483.9, 674.7)
13.32445|(486.9, 673.6)
13.34102|(487.2, 674.5)
13.35758|(487.1, 674.6)
13.37469|(486.6, 678.4)
13.39098|(485.9, 685.5)
13.40728|(485.2, 682.8)
13.42385|(482.6, 666.8)
13.44086|(483.2, 680.2)
13.47355|(490.9, 665.9)
13.49012|(494.6, 674.3)
13.50668|(501.9, 685.8)
13.52325|(499.8, 681.6)
13.53998|(487.1, 676.4)
13.55638|(486.3, 677.6)
13.57295|(479.5, 681.8)
13.58955|(482.3, 726.0)
13.62265|(491.5, 685.8)
13.63922|(512.8, 688.0)
13.65626|(517.7, 680.8)
13.67235|(510.6, 680.1)
13.68892|(523.9, 666.5)
13.70556|(517.3, 678.7)
13.72254|(515.9, 682.0)
13.73862|(527.1, 695.0)
13.77175|(515.7, 719.7)
13.78832|(508.6, 680.8)
13.80488|(506.0, 681.4)
13.82145|(512.3, 676.4)
13.83802|(514.1, 669.1)
13.85458|(511.9, 669.7)
13.87116|(516.3, 669.8)
13.88775|(509.9, 674.6)
13.92086|(509.8, 674.7)
13.9378|(513.7, 673.9)
13.97056|(515.2, 677.2)
13.98711|(515.8, 673.4)
14.00368|(516.8, 662.6)
14.02026|(517.0, 659.9)
14.03682|(517.6, 659.8)
14.07002|(518.2, 659.2)
14.08652|(517.4, 661.3)
14.10309|(551.4, 692.8)
14.11965|(543.9, 685.7)
14.13622|(549.2, 710.1)
14.15281|(545.4, 707.5)
14.16936|(542.2, 708.0)
14.18592|(528.7, 697.9)
14.21936|(526.2, 699.2)
14.23562|(528.2, 692.0)
14.25219|(537.2, 684.2)
14.26875|(551.3, 675.9)
14.28533|(561.2, 668.1)
14.30189|(566.4, 664.7)
14.31845|(569.5, 664.4)
14.33502|(573.4, 675.0)
14.36816|(575.9, 663.2)
14.38472|(570.2, 666.1)
14.38472|(554.4, 661.9)
14.41842|(547.7, 661.0)
14.43442|(548.5, 662.7)
14.45098|(549.3, 664.0)
14.46755|(551.0, 670.4)
14.48416|(553.2, 678.0)
14.51725|(548.6, 687.9)
14.53382|(549.3, 687.0)
14.56695|(557.5, 671.6)
14.60009|(568.2, 645.8)
14.61665|(580.7, 624.2)
14.66639|(582.5, 617.8)
14.68292|(582.6, 615.6)
14.69981|(570.7, 678.2)
14.73262|(561.9, 663.9)
14.74981|(565.8, 666.2)
14.76582|(554.3, 677.9)
14.78232|(554.3, 679.5)
14.81545|(565.1, 665.1)
14.83202|(566.0, 665.2)
14.84858|(564.8, 667.5)
14.86515|(566.7, 667.2)
14.88175|(569.0, 662.4)
14.89828|(563.1, 656.6)
14.91505|(562.1, 656.8)
14.93142|(547.3, 660.2)
14.96455|(560.6, 654.8)
14.98194|(562.9, 655.7)
14.99768|(572.6, 656.2)
15.01425|(568.5, 665.0)
15.03082|(569.1, 697.6)
15.04738|(575.7, 664.0)
15.06395|(574.6, 662.8)
15.08052|(574.2, 666.9)
15.11365|(570.8, 667.2)
15.13042|(564.5, 664.1)
15.14679|(561.7, 658.9)
15.16335|(557.4, 649.5)
15.18007|(550.5, 648.2)
15.19649|(546.7, 659.0)
15.21305|(546.8, 662.7)
15.22962|(555.9, 648.4)
15.26275|(558.3, 648.1)
15.27932|(563.7, 643.2)
15.29588|(562.9, 645.1)
15.31245|(562.5, 644.7)
15.32902|(552.9, 660.0)
15.36226|(553.7, 661.9)
15.37875|(551.7, 672.3)
15.41185|(551.9, 673.2)
15.42842|(554.6, 667.1)
15.44498|(555.4, 662.0)
15.46156|(554.3, 659.5)
15.47812|(553.6, 662.0)
15.49468|(556.4, 661.4)
15.51125|(562.3, 660.6)
15.54438|(565.8, 698.6)
15.56095|(565.9, 658.4)
15.57752|(572.4, 654.4)
15.59408|(574.2, 646.7)
15.61065|(578.9, 643.9)
15.62736|(578.4, 641.7)
15.64378|(576.6, 648.1)
15.67692|(572.7, 657.1)
15.69348|(562.2, 666.6)
15.71005|(553.1, 661.0)
15.72662|(535.9, 664.1)
15.74318|(537.3, 664.0)
15.75975|(499.7, 646.1)
15.77636|(495.8, 644.1)
15.79288|(475.5, 634.0)
15.80945|(445.7, 632.8)
15.82602|(448.3, 634.7)
15.85915|(452.7, 629.5)
15.87584|(451.0, 626.7)
15.89229|(452.7, 617.9)
15.90885|(452.4, 618.3)
15.92542|(452.1, 621.3)
15.94203|(450.6, 610.3)
15.95855|(457.1, 626.9)
15.97516|(460.9, 631.4)
15.99193|(465.6, 672.5)
16.00828|(465.9, 634.6)
16.02482|(464.0, 634.5)
16.04138|(452.0, 639.0)
16.05796|(441.7, 647.1)
16.07452|(439.2, 644.3)
16.09108|(445.1, 640.3)
16.10766|(447.9, 634.2)
16.12422|(451.3, 629.1)
16.14103|(449.7, 638.9)
16.17432|(453.0, 620.2)
16.19076|(450.9, 615.5)
16.20705|(446.7, 612.8)
16.22362|(439.9, 612.2)
16.24025|(439.2, 611.2)
16.25679|(435.0, 613.7)
16.27332|(432.7, 620.2)
16.28988|(430.1, 659.8)
16.32302|(449.0, 635.0)
16.33959|(450.4, 635.0)
16.35615|(449.7, 633.3)
16.37271|(449.5, 631.4)
16.38928|(451.0, 639.5)
16.40585|(455.2, 644.5)
16.42242|(458.9, 648.9)
16.43912|(464.4, 653.6)
16.47212|(464.0, 690.5)
16.4887|(465.2, 651.9)
16.50529|(467.4, 645.9)
16.52227|(460.0, 646.6)
16.53838|(465.0, 631.7)
16.55495|(451.6, 628.3)
16.57152|(449.6, 626.1)
16.58808|(457.4, 624.3)
16.62125|(452.3, 620.7)
16.63778|(447.8, 632.5)
16.65435|(444.7, 636.7)
16.67123|(443.0, 637.7)
16.6877|(440.2, 635.0)
16.70405|(442.1, 635.4)
16.72062|(444.7, 637.9)
16.73719|(443.6, 643.5)
16.77038|(438.7, 636.5)
16.80345|(440.1, 677.0)
16.82003|(443.8, 637.7)
16.8368|(448.2, 632.4)
16.85315|(453.1, 634.4)
16.86972|(467.8, 629.7)
16.88684|(468.9, 630.4)
16.91942|(468.2, 634.9)
16.93599|(464.7, 637.9)
16.95255|(452.3, 639.0)
16.96912|(452.2, 639.9)
16.98569|(460.1, 640.1)
17.00275|(458.0, 639.2)
17.01882|(462.6, 642.0)
17.03542|(460.6, 641.8)
17.06852|(456.0, 641.0)
17.08509|(450.9, 640.2)
17.11822|(440.0, 645.9)
17.13478|(442.5, 640.8)
17.15135|(444.7, 637.2)
17.16792|(441.8, 636.0)
17.18449|(440.7, 638.0)
17.21762|(454.8, 648.4)
17.23418|(455.7, 645.6)
17.25075|(455.0, 644.8)
17.26745|(466.1, 647.5)
17.28403|(469.5, 644.5)
17.30045|(465.1, 641.4)
17.31702|(466.5, 642.6)
17.33358|(467.3, 639.9)
17.36672|(465.0, 642.6)
17.38328|(475.1, 631.5)
17.39985|(477.0, 611.5)
17.43328|(481.1, 643.6)
17.44955|(488.2, 611.2)
17.46612|(489.4, 622.7)
17.48273|(482.5, 629.0)
17.51583|(473.2, 634.9)
17.53245|(476.9, 632.6)
17.54909|(470.5, 622.4)
17.56559|(461.7, 621.5)
17.58217|(463.2, 630.5)
17.59865|(471.5, 627.1)
17.61522|(468.6, 621.0)
17.63186|(471.4, 616.7)
17.66497|(474.8, 616.3)
17.68148|(475.1, 616.5)
17.69805|(476.2, 619.6)
17.71463|(479.1, 622.5)
17.74775|(475.2, 611.8)
17.76435|(472.5, 613.6)
17.78088|(476.4, 614.0)
17.81402|(478.2, 614.7)
17.83058|(480.5, 612.0)
17.84726|(482.0, 613.8)
17.8638|(484.7, 612.6)
17.88028|(492.8, 610.9)
17.89685|(477.7, 597.7)
17.91342|(476.4, 603.5)
17.93052|(475.2, 605.9)
17.96312|(473.8, 613.0)
17.97997|(475.2, 618.9)
17.99625|(476.6, 616.2)
18.01282|(489.4, 618.9)
18.02939|(498.1, 615.8)
18.06252|(499.7, 653.3)
18.07908|(503.1, 619.9)
18.11222|(508.9, 628.4)
18.12878|(507.2, 630.8)
18.14577|(507.5, 628.6)
18.16236|(507.2, 625.2)
18.17863|(504.6, 620.7)
18.19505|(497.9, 620.5)
18.21162|(493.6, 614.9)
18.22818|(494.8, 611.9)
18.26132|(497.7, 606.8)
18.27788|(494.7, 606.7)
18.29445|(494.3, 607.2)
18.31129|(493.9, 610.5)
18.32758|(500.8, 606.9)
18.34415|(509.4, 609.8)
18.37728|(504.5, 610.5)
18.41042|(495.9, 614.6)
18.42698|(489.9, 605.5)
18.44355|(489.3, 607.5)
18.46012|(498.8, 599.4)
18.47668|(501.6, 600.5)
18.49325|(504.3, 602.9)
18.50982|(497.4, 596.4)
18.52638|(498.7, 595.5)
18.55952|(496.7, 598.5)
18.57623|(493.8, 595.4)
18.59265|(491.7, 598.6)
18.60922|(492.0, 599.9)
18.62578|(492.5, 600.5)
18.64235|(495.8, 603.0)
18.65892|(497.7, 602.8)
18.69205|(495.8, 605.5)
18.70862|(495.7, 604.7)
18.72518|(498.2, 602.4)
18.74175|(494.9, 606.1)
18.75832|(498.6, 606.2)
18.77488|(510.0, 610.8)
18.79145|(502.0, 631.6)
18.80802|(510.3, 627.5)
18.82459|(505.2, 622.1)
18.84116|(483.6, 593.6)
18.87428|(478.3, 614.0)
18.89085|(478.5, 609.1)
18.90763|(477.9, 597.2)
18.92415|(477.9, 597.7)
18.94073|(479.2, 600.8)
18.95718|(473.3, 600.1)
18.97368|(474.8, 601.6)
18.97368|(474.9, 605.2)
19.02338|(470.5, 610.8)
19.03995|(478.4, 606.7)
19.05651|(480.2, 607.6)
19.0732|(481.9, 605.0)
19.08968|(480.9, 612.1)
19.10633|(483.0, 607.8)
19.12279|(484.6, 606.5)
19.13998|(489.1, 597.7)
19.15592|(487.8, 591.1)
19.17248|(485.0, 588.1)
19.18923|(482.5, 585.5)
19.20564|(476.2, 584.3)
19.22218|(467.4, 577.7)
19.23883|(459.8, 561.7)
19.25532|(455.1, 557.5)
19.27188|(453.9, 558.4)
19.28845|(452.6, 557.5)
19.3217|(447.5, 553.3)
19.33816|(449.0, 556.8)
19.35472|(450.0, 558.7)
19.37128|(453.5, 556.1)
19.38785|(451.7, 557.6)
19.40477|(443.7, 557.1)
19.42124|(441.0, 556.1)
19.43758|(440.0, 555.3)
19.47076|(442.0, 549.0)
19.50382|(445.3, 547.2)
19.52038|(444.5, 552.3)
19.53695|(443.1, 557.6)
19.55352|(440.7, 555.9)
19.5702|(442.0, 558.4)
19.58718|(437.7, 557.3)
19.61978|(443.3, 559.7)
19.63635|(454.9, 568.5)
19.65292|(443.2, 560.0)
19.66949|(444.3, 551.8)
19.68605|(440.5, 555.7)
19.70262|(443.9, 557.4)
19.71919|(442.6, 557.5)
19.73608|(447.0, 559.6)
19.76889|(443.1, 562.3)
19.78567|(442.7, 565.1)
19.81859|(458.9, 566.7)
19.83515|(454.6, 567.9)
19.85172|(447.8, 570.6)
19.86829|(438.4, 573.8)
19.88486|(443.8, 577.0)
19.91798|(438.6, 557.3)
19.93456|(436.1, 594.6)
19.95119|(438.8, 562.5)
19.96768|(464.3, 560.1)
19.98425|(470.8, 562.2)
20.00082|(464.1, 549.1)
20.01738|(460.8, 549.3)
20.03395|(468.2, 547.2)
20.06708|(469.2, 544.9)
20.08375|(465.0, 542.7)
20.10022|(461.5, 544.4)
20.13361|(457.6, 584.6)
20.14992|(452.6, 552.4)
20.16648|(450.7, 552.3)
20.18306|(454.6, 552.3)
20.21625|(456.0, 569.9)
20.23275|(452.5, 570.8)
20.24932|(450.5, 607.9)
20.26588|(450.9, 568.5)
20.28245|(459.8, 557.9)
20.29902|(458.9, 556.5)
20.31613|(457.4, 558.6)
20.33215|(458.8, 558.0)
20.36528|(465.9, 563.9)
20.38229|(466.8, 567.1)
20.39842|(468.7, 568.1)
20.41498|(471.5, 567.9)
20.44815|(480.7, 565.7)
20.46468|(487.5, 564.8)
20.48125|(494.2, 564.9)
20.51438|(496.7, 563.8)
20.53121|(503.3, 562.1)
20.54752|(501.8, 560.9)
20.56408|(502.2, 560.7)
20.5807|(503.2, 556.4)
20.59722|(499.6, 558.1)
20.61379|(498.6, 558.9)
20.63035|(497.8, 557.9)
20.66348|(497.6, 560.3)
20.68005|(501.5, 565.3)
20.69662|(523.9, 574.2)
20.71318|(532.8, 572.0)
20.72975|(536.4, 564.3)
20.76288|(530.8, 555.8)
20.77958|(532.0, 554.1)
20.81258|(527.0, 550.5)
20.82916|(517.6, 550.9)
20.84572|(510.3, 551.5)
20.86228|(505.7, 571.5)
20.87885|(504.0, 608.2)
20.89542|(504.8, 573.6)
20.91198|(508.1, 569.8)
20.92855|(509.1, 572.3)
20.96168|(514.6, 580.1)
20.97825|(521.4, 589.6)
20.99564|(538.3, 574.4)
21.01138|(541.4, 572.7)
21.02795|(542.0, 570.0)
21.04453|(535.9, 571.3)
21.07765|(529.6, 577.6)
21.11083|(529.3, 579.2)
21.12735|(525.5, 579.5)
21.14392|(525.7, 574.3)
21.16048|(531.3, 559.7)
21.17705|(530.2, 555.2)
21.19362|(533.6, 586.7)
21.21018|(538.6, 551.4)
21.22675|(579.3, 559.6)
21.25988|(594.2, 560.2)
21.27645|(606.3, 556.9)
21.29332|(612.1, 556.3)
21.30958|(613.3, 554.0)
21.32615|(609.1, 551.9)
21.34272|(605.7, 548.2)
21.35975|(606.6, 546.7)
21.39242|(603.7, 584.1)
21.40899|(604.9, 549.9)
21.42584|(609.0, 557.5)
21.44257|(610.2, 570.4)
21.45868|(605.9, 568.7)
21.47525|(602.9, 566.8)
21.49182|(595.4, 561.8)
21.50838|(594.9, 561.4)
21.52495|(590.5, 561.9)
21.54152|(654.8, 554.7)
21.55808|(661.8, 556.0)
21.57525|(676.0, 552.6)
21.59128|(681.0, 553.5)
21.60778|(699.2, 551.3)
21.62435|(699.2, 551.4)
21.64106|(699.6, 550.5)
21.65761|(693.4, 553.9)
21.67405|(691.7, 550.8)
21.72375|(679.5, 551.3)
21.74032|(676.4, 552.5)
21.75689|(692.7, 544.3)
21.77345|(693.3, 545.9)
21.79002|(705.2, 541.4)
21.8066|(734.3, 543.7)
21.82345|(731.0, 544.1)
21.83972|(759.4, 551.9)
21.85631|(764.0, 552.8)
21.88942|(776.7, 547.0)
21.90599|(785.4, 541.2)
21.92255|(789.9, 535.2)
21.93912|(800.1, 541.5)
21.95568|(801.4, 542.1)
21.97225|(799.6, 545.9)
21.98882|(802.8, 548.9)
22.02195|(803.7, 550.0)
22.03852|(800.7, 547.5)
22.05508|(803.3, 545.7)
22.07165|(807.3, 545.9)
22.08856|(807.5, 545.8)
22.10496|(813.4, 543.8)
22.12136|(833.3, 543.5)
22.13845|(854.9, 543.4)
22.17105|(867.0, 542.2)
22.20418|(897.6, 556.3)
22.22075|(897.9, 554.5)
22.23732|(898.7, 551.1)
22.25406|(898.4, 556.8)
22.27116|(905.9, 551.4)
22.28702|(911.2, 549.8)
22.32015|(912.4, 582.6)
22.33672|(914.2, 535.7)
22.35328|(909.7, 522.1)
22.36985|(905.1, 532.0)
22.38642|(890.1, 533.8)
22.40299|(888.7, 539.3)
22.41955|(890.8, 538.8)
22.43616|(889.5, 542.5)
22.46942|(905.2, 547.9)
22.48582|(918.7, 543.1)
22.51903|(926.6, 538.1)
22.53552|(927.0, 537.7)
22.55209|(923.0, 525.5)
22.56898|(919.5, 520.6)
22.58522|(912.2, 517.9)
22.61874|(911.2, 515.0)
22.61874|(914.7, 520.9)
22.65149|(913.1, 520.8)
22.66806|(916.5, 532.7)
22.68462|(916.9, 534.2)
22.70119|(916.1, 531.0)
22.71775|(917.5, 516.4)
22.73432|(916.0, 516.6)
22.76753|(913.3, 514.7)
22.78434|(911.7, 513.0)
22.80058|(913.5, 500.2)
22.83372|(913.1, 507.0)
22.85076|(914.0, 514.1)
22.86685|(914.4, 513.1)
22.88342|(912.6, 518.1)
22.91655|(910.7, 564.3)
22.93313|(910.7, 526.8)
22.94968|(910.4, 568.8)
22.96627|(910.5, 536.4)
22.98282|(910.2, 531.9)
22.99942|(913.0, 534.9)
23.01595|(914.4, 531.3)
23.03272|(913.1, 529.2)
23.06567|(911.1, 530.3)
23.08231|(910.8, 529.8)
23.09903|(899.5, 520.3)
23.11535|(884.4, 523.0)
23.13192|(884.2, 524.1)
23.14858|(896.3, 525.6)
23.16505|(898.3, 521.8)
23.18218|(908.0, 516.5)
23.21475|(910.0, 520.4)
23.23132|(910.1, 522.4)
23.24788|(910.9, 524.5)
23.26483|(911.2, 526.2)
23.28102|(908.9, 535.8)
23.29768|(903.5, 541.9)
23.31415|(902.1, 541.3)
23.33072|(895.6, 532.9)
23.36385|(891.5, 532.5)
23.38042|(892.2, 538.1)
23.39703|(892.5, 537.0)
23.41355|(892.8, 535.8)
23.43012|(910.6, 531.8)
23.44668|(906.5, 533.1)
23.46352|(906.1, 554.4)
23.47981|(905.5, 551.8)
23.51295|(904.3, 554.7)
23.52952|(903.2, 554.4)
23.54608|(885.2, 554.8)
23.56265|(833.1, 546.7)
23.57922|(564.7, 545.7)
23.59599|(540.4, 506.1)
23.61256|(520.3, 514.7)
23.62892|(486.3, 519.1)
23.66205|(487.6, 523.0)
23.67862|(465.4, 517.7)
23.69518|(468.0, 515.4)
23.71229|(464.3, 513.5)
23.72855|(448.8, 508.2)
23.74488|(451.8, 504.4)
23.77802|(453.9, 499.5)
23.81116|(462.9, 501.7)
23.82772|(467.7, 503.9)
23.84428|(468.9, 504.0)
23.86086|(464.1, 507.6)
23.87749|(466.0, 507.8)
23.89444|(469.9, 545.9)
23.91055|(461.5, 507.2)
23.92712|(454.5, 489.3)
23.96025|(451.6, 489.4)
23.97682|(451.9, 493.8)
23.99338|(448.5, 502.6)
24.00995|(448.0, 504.7)
24.02652|(449.7, 499.0)
24.04308|(446.0, 514.8)
24.05973|(453.7, 497.2)
24.09278|(456.4, 492.2)
24.10935|(454.4, 493.2)
24.12592|(453.9, 493.0)
24.14265|(453.4, 493.4)
24.15905|(454.4, 497.2)
24.17562|(456.6, 507.0)
24.19253|(466.5, 521.4)
24.20907|(461.0, 559.0)
24.22532|(459.8, 518.5)
24.24197|(455.6, 515.9)
24.25845|(453.7, 515.4)
24.27513|(438.0, 512.5)
24.2918|(434.7, 509.0)
24.30815|(429.5, 502.3)
24.32491|(438.9, 496.9)
24.34198|(439.8, 496.6)
24.35785|(438.4, 495.6)
24.37485|(439.2, 497.9)
24.42412|(449.3, 509.6)
24.44068|(456.8, 514.7)
24.45753|(454.5, 513.0)
24.47382|(453.9, 509.6)
24.49038|(456.6, 512.2)
24.50711|(439.3, 507.2)
24.52352|(431.4, 508.3)
24.54008|(427.2, 508.2)
24.55665|(423.6, 507.9)
24.57322|(424.3, 505.9)
24.59|(431.9, 511.9)
24.60695|(434.3, 512.1)
24.62301|(445.1, 518.8)
24.63948|(448.7, 518.1)
24.65605|(450.8, 519.0)
24.67262|(448.8, 522.0)
24.68919|(446.1, 521.9)
24.72252|(438.3, 522.3)
24.73889|(437.8, 519.5)
24.75545|(439.5, 512.0)
24.77202|(443.6, 501.4)
24.78859|(443.6, 495.7)
24.80569|(444.4, 462.6)
24.82172|(446.3, 466.6)
24.83829|(448.3, 466.2)
24.87142|(457.7, 468.6)
24.88799|(457.7, 471.6)
24.90455|(458.6, 476.7)
24.92138|(456.3, 475.2)
24.93769|(458.5, 478.8)
24.95425|(469.3, 468.5)
24.97082|(472.4, 461.9)
24.98739|(472.8, 462.0)
25.02052|(470.0, 461.4)
25.03743|(469.7, 503.0)
25.05366|(463.5, 466.0)
25.07022|(449.6, 454.2)
25.08678|(449.7, 451.8)
25.10335|(451.4, 450.0)
25.11992|(456.0, 448.2)
25.13648|(458.3, 449.9)
25.17016|(470.5, 445.0)
25.18619|(474.2, 444.7)
25.21933|(464.5, 460.6)
25.23589|(458.9, 466.1)
25.25245|(450.7, 466.7)
25.26902|(443.5, 459.4)
25.28559|(439.5, 461.2)
25.31872|(432.7, 460.0)
25.33581|(435.3, 459.3)
25.35185|(435.4, 459.3)
25.36865|(453.2, 465.7)
25.38499|(458.5, 463.0)
25.40155|(454.5, 468.3)
25.41812|(453.0, 466.7)
25.43469|(450.5, 464.3)
25.46782|(451.3, 461.7)
25.48439|(446.7, 463.2)
25.50095|(447.0, 470.5)
25.53408|(452.1, 471.6)
25.55065|(451.9, 470.3)
25.56722|(450.5, 470.5)
25.58378|(449.6, 470.2)
25.61692|(448.2, 468.7)
25.63357|(446.4, 463.9)
25.65005|(445.3, 498.4)
25.66662|(445.3, 462.1)
25.68319|(445.8, 482.9)
25.69975|(445.6, 481.5)
25.71632|(446.2, 481.5)
25.73289|(446.8, 481.0)
25.76614|(447.4, 474.0)
25.78283|(446.6, 472.3)
25.79916|(446.3, 471.1)
25.81572|(427.7, 472.4)
25.83228|(430.2, 465.2)
25.8489|(435.4, 460.7)
25.86542|(447.1, 460.6)
25.88198|(445.0, 469.3)
25.91518|(446.7, 469.2)
25.93168|(449.4, 474.3)
25.94826|(458.5, 476.2)
25.96482|(454.4, 515.1)
25.98138|(456.2, 475.1)
25.99808|(475.9, 470.4)
26.01452|(485.7, 448.6)
26.03132|(499.8, 429.0)
26.06422|(500.3, 440.0)
26.08096|(494.3, 431.6)
26.09801|(487.1, 433.0)
26.11392|(469.3, 439.8)
26.13048|(472.5, 436.5)
26.14705|(471.4, 443.2)
26.16362|(471.5, 446.6)
26.18094|(472.1, 444.7)
26.21332|(475.8, 445.3)
26.22988|(476.9, 448.0)
26.24645|(476.6, 448.1)
26.26314|(476.5, 450.4)
26.27958|(476.2, 493.1)
26.29647|(478.5, 450.7)
26.31272|(480.3, 450.5)
26.32929|(488.1, 449.7)
26.36271|(511.1, 472.3)
26.37907|(513.6, 469.9)
26.39555|(510.8, 468.2)
26.41212|(515.5, 468.4)
26.42868|(514.8, 468.4)
26.44525|(517.3, 460.3)
26.47838|(518.4, 463.8)
26.51152|(524.3, 456.6)
26.52808|(523.4, 460.8)
26.54465|(522.9, 458.5)
26.56122|(520.3, 454.9)
26.57778|(524.9, 446.1)
26.59472|(525.4, 447.6)
26.61092|(524.7, 447.8)
26.62748|(530.6, 452.4)
26.66062|(533.0, 445.3)
26.67718|(536.6, 438.7)
26.69389|(593.3, 445.9)
26.71034|(613.0, 447.8)
26.72688|(611.4, 450.1)
26.74345|(627.9, 438.4)
26.76002|(632.0, 435.3)
26.79315|(645.3, 486.2)
26.80995|(645.3, 443.6)
26.82646|(644.2, 442.1)
26.84285|(636.3, 445.9)
26.85942|(632.7, 446.7)
26.87598|(631.6, 445.2)
26.89261|(630.4, 446.5)
26.90965|(626.9, 485.1)
26.92568|(625.6, 444.7)
26.94244|(638.0, 472.7)
26.95883|(626.7, 439.3)
26.97538|(613.5, 438.9)
26.99195|(611.3, 444.5)
27.00852|(612.5, 443.9)
27.02509|(614.3, 443.7)
27.04165|(611.2, 443.7)
27.05886|(608.4, 445.8)
27.07488|(613.8, 447.9)
27.12449|(612.8, 440.7)
27.14106|(624.0, 445.0)
27.15762|(634.1, 448.2)
27.17419|(629.3, 443.9)
27.19075|(640.6, 444.8)
27.20776|(640.8, 445.5)
27.22388|(633.2, 483.2)
27.24045|(634.5, 445.8)
27.25702|(636.8, 448.7)
27.27358|(631.1, 446.5)
27.29016|(616.5, 446.9)
27.30672|(603.8, 444.9)
27.32328|(603.2, 449.5)
27.33985|(608.1, 455.6)
27.35642|(609.1, 456.9)
27.37298|(611.1, 457.7)
27.38955|(613.2, 458.9)
27.42309|(618.7, 496.2)
27.43925|(628.7, 455.8)
27.45582|(628.1, 457.9)
27.47238|(623.4, 454.8)
27.48895|(620.2, 441.7)
27.50552|(618.9, 446.9)
27.52208|(622.9, 448.2)
27.53865|(645.5, 442.5)
27.57178|(685.8, 439.5)
27.58835|(732.6, 446.4)
27.60492|(735.6, 447.0)
27.62148|(734.5, 445.8)
27.63805|(733.0, 443.7)
27.65462|(732.1, 436.5)
27.67119|(725.4, 417.9)
27.68775|(729.4, 411.5)
27.72089|(729.5, 449.1)
27.73745|(732.2, 448.1)
27.7542|(735.4, 414.4)
27.7709|(734.9, 413.6)
27.78715|(731.8, 409.9)
27.80371|(729.9, 408.8)
27.82029|(731.1, 411.7)
27.83685|(731.9, 411.6)
27.87|(729.5, 407.9)
27.88667|(742.6, 409.2)
27.90312|(752.6, 397.1)
27.91969|(754.6, 399.0)
27.93625|(751.1, 398.6)
27.95282|(748.2, 402.5)
27.96938|(741.9, 413.9)
27.98633|(741.0, 415.0)
28.01911|(733.8, 418.9)
28.01911|(733.1, 418.7)
28.05222|(739.0, 424.1)
28.06896|(795.0, 428.5)
28.08535|(804.0, 429.9)
28.10192|(809.9, 434.2)
28.11849|(815.6, 435.9)
28.13537|(820.3, 430.7)
28.16819|(820.7, 421.3)
28.18475|(822.0, 415.8)
28.20151|(822.2, 417.8)
28.21789|(826.5, 420.7)
28.23445|(829.2, 428.1)
28.25102|(828.2, 429.6)
28.26759|(828.6, 431.8)
28.28415|(829.7, 426.1)
28.31728|(822.5, 413.0)
28.33385|(829.0, 416.1)
28.35042|(824.7, 413.6)
28.36699|(816.4, 457.8)
28.38356|(817.3, 427.3)
28.40031|(819.4, 428.1)
28.41675|(821.0, 425.1)
28.43326|(823.6, 433.1)
28.46648|(847.4, 421.1)
28.48309|(841.1, 421.0)
28.49952|(895.4, 421.2)
28.51609|(890.2, 417.1)
28.53265|(905.9, 429.9)
28.54924|(907.2, 432.4)
28.56579|(907.4, 435.1)
28.58235|(907.4, 434.3)
28.61559|(908.6, 436.9)
28.63205|(906.3, 438.2)
28.64874|(912.3, 439.1)
28.68175|(918.2, 443.2)
28.69832|(897.7, 439.0)
28.71488|(902.5, 450.3)
28.73145|(907.0, 455.6)
28.76463|(950.0, 462.7)
28.78115|(955.8, 462.8)
28.79772|(959.0, 453.2)
28.81428|(966.0, 453.9)
28.83088|(984.0, 460.9)
28.84742|(985.4, 464.9)
28.86398|(979.5, 464.4)
28.88055|(978.3, 465.2)
28.91368|(970.6, 461.4)
28.93062|(967.0, 457.6)
28.94682|(964.4, 458.0)
28.96383|(960.6, 458.8)
28.99652|(957.6, 460.8)
29.01325|(967.3, 460.6)
29.02965|(974.6, 459.1)
29.06278|(978.8, 457.9)
29.07935|(983.2, 452.6)
29.09592|(979.7, 454.7)
29.11248|(982.6, 454.2)
29.12905|(989.5, 448.1)
29.14562|(1015.0, 448.2)
29.16222|(1021.4, 445.0)
29.17875|(1015.5, 441.0)
29.21189|(1021.1, 437.4)
29.22845|(1020.3, 432.5)
29.24502|(1019.9, 431.6)
29.2619|(1016.6, 430.9)
29.27815|(1012.7, 440.2)
29.29472|(1007.1, 452.5)
29.31128|(1011.8, 451.1)
29.32785|(1009.6, 444.6)
29.36098|(1007.9, 439.5)
29.37755|(1007.6, 439.9)
29.39412|(1005.7, 440.0)
29.41068|(999.9, 449.6)
29.42725|(1007.0, 431.3)
29.4446|(1015.4, 439.4)
29.46038|(1022.9, 447.9)
29.47695|(1057.4, 445.4)
29.51028|(1054.8, 444.7)
29.52665|(1067.9, 450.4)
29.54321|(1054.6, 461.6)
29.55978|(1060.7, 457.9)
29.57635|(1054.6, 457.1)
29.59291|(1057.5, 456.5)
29.60969|(1060.0, 455.6)
29.62608|(1062.9, 454.7)
29.64272|(1067.6, 448.0)
29.65918|(1057.3, 447.3)
29.67583|(1068.0, 442.2)
29.69232|(1070.6, 451.8)
29.70888|(1075.6, 448.7)
29.72553|(1072.5, 446.2)
29.74221|(1072.5, 448.8)
29.75858|(1073.6, 431.8)
29.77515|(1078.6, 436.7)
29.82486|(1073.2, 429.8)
29.84142|(1073.7, 430.5)
29.85798|(1073.7, 431.7)
29.87477|(1078.2, 437.6)
29.89112|(1080.4, 444.4)
29.90768|(1079.2, 442.3)
29.92426|(1072.9, 476.8)
29.94123|(1070.8, 437.6)
29.95761|(1075.5, 438.7)
29.97395|(1075.4, 436.5)
29.99076|(1072.3, 441.0)
30.0073|(1076.2, 444.9)
30.02365|(1075.1, 445.9)
30.04022|(1073.8, 446.1)
30.05678|(1067.5, 452.0)
30.07335|(1066.4, 457.5)
30.08996|(1071.5, 458.6)
30.12305|(1077.5, 460.2)
30.13962|(1086.2, 454.8)
30.15618|(1100.2, 451.6)
30.17275|(1100.5, 450.4)
30.18935|(1096.7, 450.7)
30.20589|(1095.2, 450.9)
30.22245|(1095.0, 451.1)
30.23914|(1092.1, 489.4)
30.27215|(1084.0, 445.3)
30.28872|(1085.2, 435.0)
30.30528|(1086.0, 435.1)
30.32185|(1086.9, 438.4)
30.33842|(1081.0, 454.6)
30.35498|(1082.0, 454.1)
30.37162|(1081.0, 454.5)
30.38831|(1081.4, 448.2)
30.42126|(1081.2, 493.6)
30.43782|(1085.0, 452.3)
30.45438|(1093.1, 446.1)
30.47095|(1094.6, 443.2)
30.48752|(1093.4, 443.7)
30.50408|(1095.0, 444.3)
30.52065|(1094.8, 445.7)
30.53722|(1084.5, 440.3)
30.57063|(1075.4, 455.5)
30.58692|(1076.2, 475.3)
30.60348|(1074.1, 472.0)
30.62005|(1080.2, 454.7)
30.63662|(1084.3, 447.2)
30.65318|(1086.6, 430.5)
30.67015|(1085.5, 430.4)
30.68633|(1077.1, 436.0)
30.71945|(1082.6, 430.8)
30.75277|(1097.9, 499.1)
30.7693|(1087.5, 455.6)
30.7862|(1090.1, 456.0)
30.80229|(1092.9, 455.6)
30.81886|(1091.2, 451.4)
30.83571|(1093.4, 449.8)
30.8688|(1091.3, 449.8)
30.88536|(1094.6, 468.9)
30.90175|(1105.6, 462.7)
30.91825|(1107.8, 474.2)
30.93482|(1133.7, 450.8)
30.95138|(1136.4, 444.7)
30.96795|(1124.9, 439.8)
30.98452|(1121.5, 431.8)
31.01765|(1094.5, 424.5)
31.03422|(1079.0, 426.7)
31.06735|(1050.3, 439.7)
31.08432|(1050.2, 440.9)
31.10048|(1053.2, 443.0)
31.11785|(1052.6, 443.4)
31.13427|(1052.4, 449.9)
31.16675|(1048.6, 450.7)
31.18332|(1044.0, 452.4)
31.19988|(1039.4, 454.2)
31.21678|(1036.7, 458.8)
31.23302|(1032.6, 464.9)
31.24958|(1039.4, 462.9)
31.26615|(1031.4, 453.0)
31.31585|(1034.6, 450.0)
31.34903|(1042.5, 469.4)
31.39892|(1036.9, 450.9)
31.43182|(1033.3, 456.7)
31.48152|(1002.4, 467.8)
31.49823|(1003.9, 464.9)
31.51465|(1001.3, 460.7)
31.5313|(1014.0, 426.7)
31.56435|(815.8, 429.8)
31.58092|(702.3, 430.5)
31.61405|(497.5, 411.8)
31.63062|(555.1, 415.4)
31.66415|(498.6, 400.3)
31.69688|(503.6, 391.2)
31.71345|(500.9, 391.6)
31.76329|(503.8, 395.2)
31.79628|(472.3, 385.7)
31.81285|(472.4, 385.4)
31.82942|(473.0, 385.3)
31.84615|(463.4, 385.5)
31.86297|(485.1, 376.0)
31.87912|(485.9, 374.1)
31.91225|(481.9, 384.6)
31.92882|(466.2, 407.8)
31.94539|(464.1, 404.5)
31.96195|(457.7, 394.2)
31.97852|(446.8, 389.0)
32.01213|(454.3, 385.7)
32.02864|(450.8, 389.8)
32.06174|(455.9, 392.1)
32.07792|(453.3, 393.7)
32.09448|(456.2, 403.5)
32.11125|(449.2, 401.9)
32.12767|(446.1, 408.3)
32.14418|(462.7, 392.4)
32.16075|(459.9, 383.1)
32.17731|(459.8, 382.7)
32.21045|(457.4, 386.2)
32.22702|(451.2, 373.6)
32.24358|(435.3, 379.1)
32.26033|(429.0, 380.8)
32.27686|(437.7, 371.7)
32.29328|(430.0, 400.4)
32.32642|(429.3, 407.1)
32.32642|(456.1, 397.5)
32.35955|(449.2, 398.2)
32.37612|(441.5, 380.3)
32.39268|(441.2, 383.4)
32.40925|(442.1, 379.8)
32.42582|(440.9, 394.8)
32.44238|(441.9, 394.0)
32.45931|(449.3, 399.8)
32.47552|(447.5, 401.9)
32.50894|(452.8, 398.4)
32.52524|(452.6, 400.3)
32.54179|(450.8, 404.1)
32.55853|(450.8, 403.9)
32.57492|(452.3, 402.4)
32.59182|(449.2, 402.7)
32.60822|(448.1, 406.3)
32.62461|(443.9, 448.9)
32.64118|(450.4, 388.2)
32.65796|(448.7, 391.6)
32.6744|(449.4, 392.8)
32.69088|(442.6, 383.5)
32.70745|(448.6, 374.6)
32.72411|(444.6, 378.9)
32.74091|(452.7, 363.2)
32.75715|(455.7, 358.1)
32.77372|(457.2, 359.4)
32.79028|(461.6, 358.8)
32.82342|(458.7, 367.5)
32.83998|(458.3, 368.7)
32.85655|(454.5, 361.5)
32.87312|(454.4, 398.4)
32.88982|(457.8, 357.2)
32.90625|(467.0, 351.7)
32.92282|(466.4, 351.4)
32.93938|(468.5, 389.7)
32.97275|(468.9, 355.3)
32.98909|(468.5, 355.5)
33.00565|(467.5, 356.2)
33.02222|(462.3, 354.4)
33.03878|(458.4, 355.0)
33.05629|(457.4, 365.0)
33.07191|(453.6, 367.3)
33.08849|(449.8, 370.0)
33.10505|(446.3, 367.1)
33.13818|(447.1, 348.3)
33.15475|(449.6, 350.1)
33.17131|(453.8, 351.6)
33.18788|(452.8, 351.4)
33.20445|(452.3, 349.5)
33.22102|(458.7, 349.9)
33.23758|(459.5, 354.2)
33.27073|(458.7, 355.4)
33.28728|(440.6, 375.9)
33.32042|(439.2, 367.7)
33.33698|(440.5, 364.6)
33.35355|(442.8, 363.6)
33.37012|(444.0, 364.8)
33.38668|(445.0, 361.9)
33.41982|(441.9, 354.4)
33.45366|(438.0, 350.9)
33.46965|(439.2, 353.5)
33.48639|(450.5, 353.8)
33.50266|(465.1, 360.6)
33.51926|(467.2, 364.0)
33.5358|(469.0, 365.7)
33.56941|(467.9, 367.3)
33.58549|(465.3, 370.7)
33.60205|(458.4, 362.9)
33.61862|(453.7, 361.7)
33.63558|(449.0, 367.8)
33.65175|(452.9, 366.7)
33.66848|(462.9, 362.2)
33.68489|(462.8, 360.2)
33.71802|(463.6, 361.2)
33.73466|(466.1, 362.7)
33.76772|(452.4, 362.9)
33.78429|(451.1, 359.9)
33.80085|(451.9, 357.1)
33.81755|(460.7, 342.9)
33.83399|(457.1, 344.5)
33.86712|(447.1, 339.3)
33.88375|(446.2, 377.2)
33.90028|(447.9, 338.9)
33.91682|(442.3, 335.6)
33.93338|(442.7, 332.9)
33.95015|(445.1, 334.5)
33.96652|(446.0, 337.5)
33.98309|(445.1, 341.8)
34.01622|(454.9, 343.1)
34.03278|(468.2, 344.0)
34.04935|(496.6, 344.9)
34.08249|(509.3, 353.7)
34.09905|(511.6, 362.6)
34.11562|(511.9, 363.9)
34.13277|(513.9, 360.8)
34.16535|(519.6, 366.7)
34.18189|(523.4, 362.9)
34.19864|(525.1, 355.4)
34.2152|(527.9, 343.4)
34.23158|(521.9, 329.1)
34.24816|(521.9, 329.2)
34.26472|(523.5, 334.4)
34.28135|(529.9, 344.4)
34.31441|(530.4, 347.6)
34.33125|(530.7, 347.0)
34.34755|(533.0, 346.4)
34.36412|(537.1, 347.7)
34.39763|(531.2, 348.5)
34.41381|(534.6, 346.1)
34.43038|(534.6, 346.1)
34.46352|(533.9, 359.5)
34.48048|(530.4, 359.8)
34.49665|(528.0, 360.8)
34.51321|(520.7, 359.7)
34.52978|(526.5, 362.0)
34.54635|(534.4, 352.8)
34.5631|(544.4, 347.5)
34.57948|(540.3, 349.8)
34.61262|(601.3, 341.6)
34.62918|(599.3, 342.6)
34.64575|(615.6, 343.0)
34.66232|(623.3, 344.4)
34.67888|(626.8, 344.5)
34.71202|(627.8, 347.0)
34.72859|(627.2, 347.6)
34.762|(628.6, 350.9)
34.77828|(628.2, 349.7)
34.79533|(626.9, 348.3)
34.81142|(627.3, 348.3)
34.82798|(629.0, 350.1)
34.84455|(632.9, 351.3)
34.86111|(634.1, 344.2)
34.878|(643.6, 338.2)
34.91082|(648.2, 333.0)
34.92777|(649.3, 332.1)
34.94395|(636.2, 337.0)
34.96051|(632.4, 337.1)
34.97708|(621.7, 342.2)
34.99409|(636.9, 344.9)
35.0271|(681.5, 324.5)
35.05992|(682.8, 324.7)
35.07648|(688.7, 330.7)
35.09305|(689.1, 330.4)
35.10962|(693.1, 333.2)
35.12618|(692.6, 334.4)
35.14275|(692.3, 337.1)
35.16009|(688.2, 332.9)
35.17611|(678.8, 336.0)
35.20901|(674.7, 333.2)
35.22558|(676.4, 334.2)
35.24229|(678.6, 335.7)
35.25872|(680.7, 338.2)
35.27528|(679.9, 341.4)
35.29185|(681.9, 343.3)
35.30842|(683.9, 341.9)
35.34155|(683.5, 341.5)
35.35812|(692.9, 333.6)
35.37501|(697.3, 331.7)
35.39125|(690.8, 324.9)
35.40782|(710.7, 327.5)
35.42438|(754.4, 339.6)
35.44096|(746.6, 330.0)
35.45761|(747.3, 328.5)
35.47408|(747.8, 327.4)
35.49067|(747.6, 328.2)
35.52381|(762.3, 322.1)
35.54036|(765.3, 325.0)
35.55692|(762.5, 349.9)
35.57349|(762.1, 344.9)
35.59005|(768.0, 344.7)
35.60662|(767.3, 346.1)
35.62318|(765.7, 335.5)
35.63975|(761.3, 316.1)
35.67288|(761.9, 309.5)
35.68945|(766.2, 299.9)
35.70602|(782.9, 303.7)
35.72258|(783.6, 308.0)
35.73915|(788.4, 310.0)
35.75571|(783.7, 318.9)
35.77229|(781.2, 322.3)
35.78885|(769.4, 335.4)
35.80542|(767.0, 343.7)
35.83856|(855.8, 327.8)
35.85511|(868.3, 333.4)
35.8717|(876.4, 334.0)
35.88834|(878.3, 333.3)
35.90482|(881.7, 334.9)
35.92144|(881.1, 338.6)
35.93795|(874.1, 342.5)
35.97108|(878.6, 356.8)
35.98766|(880.2, 357.0)
36.00422|(881.5, 356.1)
36.02078|(875.0, 348.0)
36.03736|(874.8, 345.0)
36.05392|(871.7, 343.4)
36.07048|(868.2, 347.5)
36.08705|(867.3, 351.3)
36.12018|(895.9, 334.7)
36.15332|(985.0, 325.9)
36.18704|(1048.8, 337.0)
36.20302|(1048.4, 336.6)
36.21958|(1045.8, 336.5)
36.23615|(1041.7, 336.6)
36.26928|(1043.9, 333.6)
36.28594|(1032.0, 331.1)
36.30242|(1033.9, 355.3)
36.31899|(1002.5, 351.1)
36.33555|(997.8, 354.8)
36.35214|(1013.6, 356.7)
36.36869|(989.9, 361.3)
36.38526|(1013.6, 343.7)
36.41839|(1009.9, 344.3)
36.43495|(1017.5, 343.6)
36.45161|(1025.3, 388.6)
36.46809|(998.7, 350.8)
36.48465|(1017.4, 349.5)
36.50122|(1027.8, 349.7)
36.51778|(1035.0, 350.0)
36.53436|(1039.5, 349.6)
36.56749|(1032.1, 348.5)
36.5841|(1033.3, 379.2)
36.60062|(1033.8, 339.4)
36.61743|(1036.8, 335.7)
36.63375|(1044.2, 332.5)
36.65032|(1045.1, 340.6)
36.66689|(1044.8, 344.8)
36.68345|(1054.6, 351.1)
36.71658|(1051.6, 353.2)
36.73354|(1049.9, 357.2)
36.74972|(1043.9, 356.9)
36.78286|(1026.1, 357.5)
36.79942|(1022.4, 358.1)
36.81598|(1027.2, 350.1)
36.83255|(1027.1, 350.2)
36.86569|(1026.1, 350.5)
36.88225|(1034.7, 346.3)
36.89882|(1038.1, 347.4)
36.91538|(1041.7, 351.1)
36.93214|(1039.8, 353.2)
36.96508|(1040.1, 353.7)
36.98166|(1041.3, 354.6)
37.01478|(1039.9, 348.8)
37.03178|(1039.8, 347.2)
37.04792|(1029.0, 358.8)
37.06448|(1025.8, 354.0)
37.09762|(1013.9, 345.8)
37.11418|(1014.5, 347.9)
37.16389|(1014.4, 338.4)
37.19708|(1013.7, 338.3)
37.21358|(1080.2, 311.5)
37.24672|(1039.9, 296.6)
37.26329|(1042.3, 287.9)
37.27985|(1054.6, 301.7)
37.31298|(1021.5, 338.2)
37.32955|(1013.7, 344.1)
37.34612|(1011.8, 344.8)
37.36273|(1019.9, 337.2)
37.37925|(1030.3, 330.0)
37.41238|(1030.7, 335.7)
37.42959|(1036.8, 333.6)
37.46208|(1039.5, 335.0)
37.47865|(1039.0, 332.5)
37.51178|(1035.1, 333.7)
37.52835|(1029.6, 338.0)
37.56156|(1043.3, 335.7)
37.61118|(1049.3, 339.7)
37.62775|(1061.4, 374.2)
37.64431|(756.2, 311.0)
37.66091|(599.6, 281.8)
37.67752|(508.3, 272.1)
37.69402|(482.3, 294.8)
37.72715|(461.7, 308.5)
37.76028|(463.9, 314.8)
37.77685|(458.3, 316.6)
37.79342|(464.7, 313.2)
37.80999|(462.6, 296.1)
37.82655|(464.3, 284.4)
37.84329|(464.1, 316.2)
37.85968|(477.5, 285.8)
37.87625|(477.6, 289.5)
37.90938|(471.9, 291.4)
37.92595|(476.5, 291.4)
37.94252|(481.0, 290.9)
37.95908|(484.2, 274.0)
37.97565|(469.4, 293.8)
37.99221|(483.7, 259.4)
38.00879|(485.6, 272.1)
38.04192|(485.5, 323.8)
38.05848|(482.2, 286.2)
38.07505|(481.9, 283.0)
38.09212|(468.5, 308.2)
38.10818|(468.6, 308.0)
38.12476|(465.7, 307.2)
38.14132|(448.1, 298.3)
38.15788|(443.7, 301.0)
38.17447|(435.6, 302.8)
38.19124|(439.3, 303.0)
38.22415|(437.2, 307.8)
38.24072|(441.3, 308.7)
38.25729|(443.2, 313.9)
38.27391|(453.9, 312.5)
38.29055|(473.9, 311.2)
38.30721|(475.7, 310.5)
38.32398|(468.5, 299.6)
38.3736|(476.2, 294.9)
38.38982|(470.4, 293.8)
38.40638|(474.6, 304.0)
38.42303|(473.3, 297.7)
38.43951|(478.9, 299.5)
38.45608|(478.6, 310.5)
38.47309|(479.0, 307.2)
38.48922|(470.7, 302.8)
38.50578|(473.6, 298.8)
38.52235|(468.0, 294.2)
38.53901|(461.3, 281.8)
38.55548|(465.2, 286.0)
38.57217|(463.4, 286.5)
38.58862|(462.8, 285.4)
38.60518|(467.2, 283.9)
38.62175|(470.2, 283.5)
38.63832|(470.9, 290.3)
38.67145|(464.3, 287.1)
38.68802|(453.1, 290.2)
38.70458|(450.9, 294.6)
38.72115|(457.9, 300.7)
38.73772|(461.1, 303.8)
38.75428|(469.4, 311.5)
38.77085|(469.4, 311.6)
38.78742|(474.8, 314.6)
38.82055|(470.7, 316.0)
38.85368|(464.1, 314.4)
38.87025|(468.8, 301.4)
38.88683|(474.4, 288.9)
38.90338|(478.4, 282.9)
38.91995|(483.7, 285.5)
38.93652|(508.7, 290.9)
38.96965|(510.2, 288.7)
38.98622|(544.9, 292.6)
39.00279|(554.8, 289.6)
39.02001|(557.1, 284.9)
39.03592|(551.2, 285.7)
39.05302|(546.1, 286.8)
39.06906|(551.6, 288.9)
39.08564|(554.8, 289.7)
39.11876|(553.9, 292.2)
39.13542|(554.6, 298.8)
39.16846|(553.7, 287.1)
39.18553|(553.7, 289.1)
39.20158|(554.4, 281.7)
39.21815|(556.9, 277.4)
39.23472|(559.5, 275.8)
39.26785|(582.9, 267.1)
39.28442|(576.4, 306.5)
39.3013|(618.1, 260.7)
39.3176|(627.8, 267.9)
39.33412|(628.9, 271.1)
39.35069|(628.4, 273.1)
39.36725|(624.4, 279.3)
39.38382|(620.8, 281.8)
39.41695|(617.2, 286.5)
39.43384|(615.5, 282.9)
39.45068|(598.7, 275.3)
39.46682|(603.2, 276.4)
39.48394|(603.1, 276.9)
39.49978|(600.7, 276.3)
39.51635|(600.2, 276.2)
39.53666|(602.6, 273.7)
39.5666|(615.9, 274.2)
39.58263|(624.5, 273.5)
39.59919|(627.3, 313.6)
39.61575|(622.5, 274.4)
39.63232|(620.3, 275.4)
39.64888|(616.7, 277.0)
39.6655|(613.8, 278.0)
39.68202|(611.1, 278.7)
39.71515|(646.4, 277.9)
39.73172|(662.5, 273.0)
39.74829|(669.7, 270.1)
39.76486|(673.7, 267.2)
39.79818|(724.5, 274.0)
39.81455|(715.9, 272.0)
39.83124|(711.8, 277.1)
39.86425|(692.6, 281.5)
39.88082|(701.9, 284.0)
39.89738|(692.7, 285.8)
39.91395|(665.4, 310.9)
39.93052|(670.7, 276.4)
39.94708|(670.8, 277.3)
39.96365|(674.9, 281.4)
39.98026|(683.1, 284.6)
40.01378|(705.3, 291.5)
40.02991|(704.9, 289.3)
40.04665|(682.2, 280.9)
40.06305|(691.1, 281.2)
40.07962|(690.2, 282.9)
40.09622|(680.9, 277.7)
40.11276|(687.7, 276.4)
40.12932|(669.0, 268.4)
40.16245|(675.3, 270.4)
40.17902|(666.8, 265.5)
40.19558|(689.9, 271.5)
40.21257|(711.8, 272.3)
40.22872|(692.5, 314.5)
40.24528|(707.9, 280.1)
40.2622|(705.6, 287.1)
40.27842|(708.1, 288.2)
40.31155|(789.2, 280.0)
40.32812|(800.1, 277.4)
40.34468|(799.1, 276.5)
40.3614|(808.5, 276.8)
40.37782|(845.5, 274.1)
40.39438|(870.4, 265.5)
40.42752|(868.3, 265.5)
40.46078|(868.5, 255.5)
40.47721|(864.6, 246.7)
40.49395|(866.7, 247.6)
40.5106|(871.1, 250.1)
40.52692|(874.4, 255.6)
40.54348|(879.3, 255.9)
40.56005|(879.6, 258.7)
40.57661|(884.0, 253.3)
40.60975|(891.5, 242.2)
40.62632|(892.1, 247.0)
40.64288|(892.5, 245.6)
40.65945|(890.2, 258.0)
40.67601|(888.3, 257.7)
40.69258|(891.4, 260.5)
40.70936|(902.6, 274.3)
40.74228|(906.9, 308.6)
40.75885|(916.6, 269.2)
40.77542|(932.7, 268.6)
40.79198|(927.8, 265.9)
40.80857|(966.6, 274.0)
40.82512|(980.0, 270.9)
40.84168|(981.1, 271.5)
40.85825|(976.3, 261.0)
40.87494|(984.0, 263.6)
40.89139|(982.3, 261.9)
40.90829|(970.6, 256.6)
40.92452|(968.3, 256.8)
40.94108|(966.3, 256.3)
40.95765|(965.5, 264.2)
40.97422|(964.3, 263.6)
40.9908|(972.2, 262.5)
41.00735|(978.2, 256.4)
41.02391|(977.0, 257.5)
41.07362|(975.1, 259.6)
41.09026|(971.0, 260.9)
41.10675|(968.1, 258.6)
41.12337|(968.7, 260.5)
41.13988|(974.6, 253.6)
41.15645|(977.6, 254.5)
41.17307|(976.4, 253.9)
41.18958|(982.0, 251.3)
41.20615|(983.4, 251.9)
41.22272|(987.8, 258.2)
41.23928|(987.6, 259.7)
41.25585|(984.1, 261.8)
41.27288|(979.1, 265.3)
41.28898|(975.7, 266.4)
41.30555|(973.5, 266.5)
41.32212|(965.6, 264.6)
41.33868|(967.3, 265.6)
41.37183|(972.9, 267.1)
41.38838|(983.3, 266.7)
41.40495|(986.5, 270.4)
41.42152|(983.3, 271.7)
41.43808|(976.1, 278.0)
41.4547|(974.3, 278.4)
41.47123|(972.2, 277.3)
41.48779|(962.9, 265.6)
41.52095|(968.4, 259.9)
41.53749|(960.9, 257.7)
41.55405|(967.4, 255.2)
41.57081|(973.8, 259.3)
41.58718|(1017.6, 242.2)
41.60375|(1018.3, 243.6)
41.62032|(1004.7, 256.0)
41.63694|(1029.0, 256.0)
41.67022|(1012.2, 307.5)
41.68675|(967.5, 281.2)
41.70316|(914.6, 292.2)
41.75285|(851.8, 286.2)
41.8359|(489.1, 232.0)
41.85226|(483.3, 244.4)
41.86892|(479.8, 245.2)
41.88539|(475.5, 243.8)
41.90207|(476.4, 235.7)
41.91852|(477.5, 239.2)
41.93509|(489.9, 235.7)
41.96903|(492.9, 232.6)
41.98479|(496.4, 232.1)
42.00158|(498.1, 225.7)
42.01792|(492.7, 230.7)
42.03448|(492.7, 220.9)
42.05105|(492.9, 220.4)
42.06762|(495.7, 219.3)
42.08419|(496.2, 218.4)
42.1174|(484.0, 221.6)
42.13388|(492.4, 220.0)
42.15045|(494.2, 221.8)
42.16702|(488.1, 241.2)
42.1838|(501.5, 226.2)
42.20015|(494.3, 218.5)
42.21672|(492.7, 219.9)
42.26719|(480.1, 223.0)
42.28298|(462.3, 235.2)
42.29958|(448.6, 278.3)
42.31612|(458.5, 263.5)
42.33268|(443.9, 252.0)
42.34925|(450.8, 242.8)
42.36582|(459.9, 230.3)
42.38282|(471.0, 216.0)
42.41552|(472.6, 216.3)
42.43209|(461.7, 212.5)
42.44865|(471.4, 216.1)
42.46523|(490.5, 214.2)
42.49835|(498.1, 215.4)
42.51493|(495.4, 215.3)
42.56462|(498.1, 216.8)
42.59775|(497.0, 215.6)
42.61432|(488.7, 255.3)
42.64745|(482.1, 218.2)
42.68058|(479.2, 216.1)
42.73028|(492.3, 198.1)
42.74701|(490.5, 202.2)
42.77998|(554.6, 213.9)
42.81311|(580.9, 212.4)
42.82969|(596.1, 202.5)
42.86282|(620.8, 183.8)
42.87939|(613.8, 191.0)
42.89595|(605.4, 207.9)
42.91252|(614.8, 208.4)
42.92909|(613.2, 246.2)
42.94565|(606.2, 247.9)
42.96222|(583.0, 219.0)
42.97878|(562.2, 219.9)
43.01192|(550.7, 220.8)
43.02848|(548.9, 217.0)
43.04505|(555.0, 212.8)
43.06161|(563.2, 209.4)
43.07818|(564.9, 205.7)
43.09475|(551.2, 210.0)
43.11132|(553.5, 212.5)
43.12788|(555.3, 221.2)
43.16114|(554.5, 221.2)
43.17758|(557.8, 219.6)
43.19415|(557.7, 221.7)
43.21072|(557.8, 221.1)
43.22728|(564.6, 221.3)
43.24385|(571.2, 259.1)
43.26042|(577.7, 209.6)
43.27698|(575.2, 211.0)
43.31012|(573.4, 210.4)
43.32668|(572.8, 210.3)
43.35982|(579.3, 208.2)
43.37645|(577.0, 206.8)
43.40952|(563.1, 205.2)
43.45922|(613.4, 231.5)
43.47578|(692.1, 222.6)
43.49235|(687.3, 211.9)
43.50903|(683.7, 211.6)
43.52549|(685.7, 207.9)
43.54205|(685.9, 207.9)
43.55862|(684.9, 212.8)
43.57518|(688.4, 219.9)
43.59175|(688.7, 220.1)
43.62489|(680.3, 222.2)
43.64162|(680.7, 222.6)
43.6581|(703.7, 242.7)
43.67464|(703.1, 243.8)
43.69122|(700.4, 239.3)
43.70773|(693.0, 217.9)
43.72428|(691.8, 216.9)
43.74085|(695.7, 226.2)
43.77398|(715.6, 229.5)
43.7907|(720.2, 229.7)
43.80712|(734.8, 231.2)
43.82373|(747.9, 232.1)
43.84025|(763.7, 229.1)
43.85685|(767.0, 228.9)
43.87338|(776.7, 235.8)
43.89021|(774.0, 232.7)
43.90659|(774.7, 232.3)
43.92308|(768.6, 231.5)
43.94032|(770.4, 231.7)
43.95621|(770.1, 231.9)
43.97278|(775.3, 231.4)
43.98935|(775.0, 231.4)
44.00642|(773.4, 227.9)
44.02279|(774.7, 227.7)
44.03929|(774.5, 226.4)
44.07218|(775.3, 234.0)
44.08876|(773.7, 233.9)
44.10532|(775.3, 238.8)
44.12188|(783.2, 236.6)
44.13845|(810.1, 232.3)
44.15502|(818.7, 230.9)
44.17193|(822.6, 227.7)
44.18815|(827.2, 263.7)
44.22128|(849.1, 210.9)
44.23817|(848.8, 209.0)
44.25442|(843.6, 207.9)
44.27098|(843.5, 209.0)
44.28778|(840.3, 206.2)
44.30412|(846.6, 210.2)
44.32069|(852.5, 217.6)
44.33768|(853.4, 217.7)
44.37039|(854.9, 221.0)
44.38776|(854.0, 259.9)
44.40366|(847.3, 218.2)
44.42008|(831.5, 209.6)
44.43665|(826.9, 208.4)
44.45322|(829.9, 209.7)
44.46992|(830.4, 216.7)
44.48635|(828.3, 224.9)
44.51981|(839.2, 225.0)
44.5368|(841.1, 224.9)
44.56919|(847.0, 221.0)
44.58582|(843.8, 217.6)
44.60234|(835.4, 215.3)
44.61939|(829.6, 213.6)
44.63545|(828.3, 210.5)
44.66859|(833.9, 210.8)
44.68516|(835.2, 211.0)
44.70203|(849.0, 252.7)
44.71854|(871.6, 221.5)
44.73485|(872.5, 218.8)
44.75185|(876.9, 208.5)
44.76799|(876.4, 209.9)
44.78456|(878.6, 216.0)
44.81769|(880.1, 217.4)
44.83425|(880.9, 225.0)
44.85083|(893.3, 226.4)
44.88396|(894.1, 225.8)
44.90052|(892.5, 228.7)
44.91708|(888.1, 229.9)
44.93385|(890.3, 227.8)
44.96679|(883.1, 233.6)
44.98335|(883.3, 226.4)
45.01649|(885.1, 219.0)
45.03305|(875.0, 225.6)
45.04976|(874.3, 223.5)
45.06618|(873.4, 220.7)
45.08282|(889.6, 218.1)
45.11588|(929.2, 216.6)
45.13245|(939.0, 211.0)
45.14902|(960.8, 223.5)
45.16558|(961.4, 209.6)
45.18219|(959.3, 210.8)
45.19872|(954.4, 212.1)
45.21534|(953.1, 211.2)
45.2323|(952.2, 211.5)
45.26498|(952.0, 210.0)
45.28156|(949.7, 215.1)
45.29839|(952.2, 216.1)
45.33179|(952.5, 227.7)
45.34782|(954.1, 226.3)
45.36438|(952.4, 209.9)
45.38103|(949.7, 200.9)
45.41431|(949.2, 194.1)
45.43065|(947.9, 191.3)
45.44722|(952.2, 197.5)
45.46378|(983.0, 205.4)
45.48035|(1009.9, 218.4)
45.49692|(1016.1, 219.2)
45.51348|(1017.5, 224.3)
45.53005|(1023.0, 226.2)
45.56318|(1039.2, 219.7)
45.57975|(1038.8, 218.5)
45.59632|(1039.7, 216.0)
45.61288|(1043.9, 209.8)
45.64627|(1043.3, 209.6)
45.66258|(1037.4, 210.5)
45.67966|(1035.1, 210.6)
45.71228|(1038.7, 210.1)
45.72885|(1044.1, 209.1)
45.74541|(1053.9, 209.4)
45.76198|(1056.8, 211.4)
45.77855|(1056.6, 214.6)
45.79513|(1054.3, 224.7)
45.81171|(1067.1, 232.3)
45.82837|(1066.0, 231.4)
45.86151|(1061.3, 232.3)
45.87807|(1065.5, 232.3)
45.89452|(1070.6, 219.9)
45.91108|(1074.6, 219.4)
45.92781|(1073.5, 221.1)
45.94422|(1072.5, 222.4)
45.9609|(1078.8, 240.8)
45.97803|(1083.7, 242.1)
46.01048|(1085.5, 249.4)
46.02705|(1084.9, 246.9)
46.04362|(1087.7, 247.3)
46.06018|(1090.2, 251.5)
46.07676|(1087.6, 243.7)
46.09332|(1082.1, 234.6)
46.11032|(1090.8, 231.4)
46.12678|(1091.1, 230.3)
46.15958|(1093.4, 228.3)
46.17615|(1099.9, 227.7)
46.19282|(1099.4, 227.7)
46.20928|(1087.8, 229.1)
46.22585|(1085.1, 226.3)
46.24242|(1097.5, 214.9)
46.25898|(1098.3, 213.3)
46.27573|(1095.6, 250.3)
46.29212|(1093.9, 250.4)
46.30868|(1095.9, 213.5)
46.32531|(1098.3, 214.9)
46.34183|(1100.2, 216.2)
46.35843|(1100.1, 216.3)
46.37536|(1098.2, 218.2)
46.39175|(1096.1, 217.8)
46.4082|(1093.0, 216.1)
46.42465|(1095.9, 214.0)
46.45811|(1110.6, 215.3)
46.47485|(1114.8, 217.1)
46.4912|(1112.4, 214.8)
46.50773|(1103.3, 204.3)
46.52405|(1103.0, 201.5)
46.54062|(1103.4, 203.9)
46.55718|(1098.5, 211.7)
46.57376|(1095.6, 213.3)
46.59032|(1087.0, 216.0)
46.60688|(1085.9, 218.0)
46.62345|(1085.1, 217.8)
46.64028|(1080.1, 215.7)
46.65666|(1075.4, 215.2)
46.67332|(1071.0, 211.9)
46.68972|(1077.7, 212.2)
46.70628|(1079.9, 215.4)
46.72298|(1079.6, 216.3)
46.73952|(1079.5, 216.5)
46.77285|(1080.3, 226.4)
46.78912|(1082.0, 225.0)
46.80585|(1031.4, 230.7)
46.82225|(999.2, 228.7)
46.83882|(569.4, 239.8)
46.85538|(551.4, 239.8)
46.87231|(532.9, 238.1)
46.88876|(520.7, 268.5)
46.92165|(480.2, 203.1)
46.93839|(485.1, 198.2)
46.95479|(476.9, 195.9)
46.97135|(476.0, 194.2)
46.98792|(473.8, 190.5)
47.00471|(474.0, 185.2)
47.02124|(473.5, 184.7)
47.03762|(473.8, 177.6)
47.07076|(471.2, 206.9)
47.08731|(444.3, 156.0)
47.10423|(429.2, 164.4)
47.12045|(422.7, 163.0)
47.1376|(425.4, 161.9)
47.15358|(426.7, 162.3)
47.17016|(437.8, 162.3)
47.18672|(438.3, 162.7)
47.21986|(435.3, 173.4)
47.23642|(436.1, 181.3)
47.25331|(442.6, 176.5)
47.26955|(446.6, 175.0)
47.28611|(455.3, 168.5)
47.30317|(460.3, 167.4)
47.31925|(454.9, 170.2)
47.33627|(451.3, 171.5)
47.36895|(440.8, 193.2)
47.40209|(434.9, 191.3)
47.41866|(435.9, 185.8)
47.43522|(431.7, 179.7)
47.45185|(431.6, 179.4)
47.46878|(430.7, 173.2)
47.48532|(430.7, 172.5)
47.51828|(432.2, 174.1)
47.5347|(431.1, 177.5)
47.55119|(426.5, 173.0)
47.56792|(429.6, 167.8)
47.58432|(430.1, 166.5)
47.60089|(430.0, 165.2)
47.61745|(430.2, 165.6)
47.63402|(431.9, 176.9)
47.66716|(425.1, 172.5)
47.68372|(423.8, 173.8)
47.70029|(421.7, 176.2)
47.71685|(426.0, 174.8)
47.73342|(427.7, 170.6)
47.74998|(429.8, 169.9)
47.76655|(428.4, 170.8)
47.78312|(426.6, 178.7)
47.81625|(437.0, 179.2)
47.83358|(436.9, 218.2)
47.84946|(437.7, 181.7)
47.86595|(436.6, 178.0)
47.88252|(433.9, 181.5)
47.89909|(435.8, 182.5)
47.91565|(437.6, 182.6)
47.93222|(448.8, 175.1)
47.96535|(442.3, 178.5)
47.98274|(455.4, 177.7)
47.99849|(454.5, 176.8)
47.99849|(452.6, 175.1)
48.03221|(443.7, 164.3)
48.04829|(442.9, 160.9)
48.06492|(440.3, 154.3)
48.08132|(438.1, 150.0)
48.11445|(436.2, 148.6)
48.13124|(442.2, 149.9)
48.14758|(450.1, 155.1)
48.16417|(453.0, 156.7)
48.18072|(440.7, 126.0)
48.19728|(449.6, 130.2)
48.21385|(445.8, 124.9)
48.23044|(442.3, 118.3)
48.26355|(457.1, 114.9)
48.28012|(464.7, 115.1)
48.29684|(469.4, 115.8)
48.31325|(460.4, 112.9)
48.34646|(449.2, 115.0)
48.36314|(452.3, 116.8)
48.37952|(451.9, 116.9)
48.41265|(450.5, 116.7)
48.42921|(449.8, 116.9)
48.44579|(456.7, 114.9)
48.46235|(452.2, 110.1)
48.47892|(439.6, 110.9)
48.49548|(440.2, 117.1)
48.51205|(440.7, 123.0)
48.52861|(430.4, 124.9)
48.56175|(433.5, 125.5)
48.57832|(436.5, 124.1)
48.59488|(437.9, 123.7)
48.61145|(444.5, 118.0)
48.62802|(427.3, 119.4)
48.62802|(416.5, 124.2)
48.66191|(413.5, 160.2)
48.67772|(415.0, 127.0)
48.71085|(414.0, 129.1)
48.72763|(415.9, 128.6)
48.74403|(427.9, 131.4)
48.76055|(429.3, 130.4)
48.77712|(444.2, 129.1)
48.7939|(442.5, 129.6)
48.81025|(437.6, 128.9)
48.82682|(448.8, 130.5)
48.85995|(445.4, 132.7)
48.87652|(443.9, 131.6)
48.89331|(434.4, 127.9)
48.90966|(429.2, 135.9)
48.92622|(431.5, 137.4)
48.94278|(437.7, 144.2)
48.9596|(435.4, 146.4)
48.97592|(435.1, 145.6)
48.99249|(434.3, 184.1)
49.00905|(430.1, 149.1)
49.02562|(431.0, 148.8)
49.04218|(436.1, 148.7)
49.05875|(438.4, 145.0)
49.07532|(444.6, 141.3)
49.09196|(444.3, 137.3)
49.1087|(444.7, 141.0)
49.12502|(442.2, 142.6)
49.15815|(436.3, 146.7)
49.17472|(438.6, 146.0)
49.19129|(438.4, 145.4)
49.20808|(439.1, 134.7)
49.22441|(431.4, 139.4)
49.24128|(412.2, 151.4)
49.25755|(408.4, 160.4)
49.27425|(407.4, 199.9)
49.29068|(409.4, 160.5)
49.30725|(414.4, 159.3)
49.32381|(417.1, 159.3)
49.34038|(421.3, 155.2)
49.35695|(423.4, 152.1)
49.3738|(428.2, 145.8)
49.39024|(427.1, 146.6)
49.40677|(426.2, 147.7)
49.42322|(427.1, 149.0)
49.43979|(429.2, 151.8)
49.47292|(440.3, 169.1)
49.48948|(442.8, 176.2)
49.50605|(593.4, 515.2)
49.52262|(724.9, 756.1)
49.53947|(751.4, 803.9)
49.55575|(764.2, 842.1)
50.54975|(950.1, 119.9)
