88.70589|(963.7, 388.6)
88.70589|(944.2, 428.6)
88.74283|(921.6, 544.3)
88.75961|(915.6, 592.4)
88.77633|(906.5, 621.5)
88.79287|(894.8, 679.8)
88.80981|(901.5, 667.4)
88.82648|(900.1, 665.1)
88.84299|(902.5, 656.1)
88.8764|(900.4, 657.3)
88.89316|(893.5, 667.8)
88.90994|(896.4, 665.2)
88.92632|(891.6, 673.2)
88.94308|(897.6, 667.5)
88.95984|(899.3, 666.6)
88.97644|(897.4, 667.4)
88.99321|(887.8, 671.1)
89.02654|(846.1, 669.0)
89.04343|(844.1, 669.3)
89.06039|(826.1, 673.4)
89.07663|(811.5, 673.6)
89.09358|(804.3, 674.6)
89.11005|(766.9, 696.0)
89.12678|(771.7, 691.6)
89.14336|(767.8, 714.5)
89.17688|(742.9, 888.1)
89.1936|(745.5, 927.2)
89.21036|(747.6, 932.2)
89.22681|(758.6, 939.3)
89.24358|(768.5, 953.5)
89.26037|(766.4, 958.5)
89.27711|(767.3, 956.5)
89.29374|(767.8, 972.5)
89.31059|(767.5, 971.6)
89.3271|(761.8, 979.8)
89.34393|(762.5, 979.3)
89.36028|(764.9, 977.6)
89.37704|(767.5, 994.8)
89.39362|(777.8, 992.7)
89.41022|(781.5, 997.9)
89.42703|(795.7, 1010.6)
89.44398|(796.8, 1016.7)
89.51074|(836.4, 966.3)
89.52726|(823.0, 939.0)
89.54414|(821.0, 921.4)
89.56067|(812.0, 891.1)
89.57742|(810.0, 941.0)
89.59405|(813.3, 944.1)
89.62744|(789.4, 975.9)
89.64405|(784.0, 989.1)
89.66072|(756.2, 1014.4)
89.67764|(748.9, 1026.7)
89.69437|(727.4, 1047.0)
89.71099|(724.1, 1056.0)
89.72761|(722.5, 1063.0)
89.7443|(715.6, 1086.9)
89.76104|(718.9, 1079.5)
89.77779|(719.1, 1079.1)
89.79447|(722.6, 1074.9)
89.81126|(738.5, 1055.2)
89.8278|(735.6, 1061.0)
89.84442|(742.7, 1061.7)
89.86098|(731.6, 1062.9)
89.87818|(721.8, 1075.3)
89.89442|(704.9, 1076.7)
89.92792|(700.7, 1064.3)
89.94466|(701.7, 1052.0)
89.96134|(702.3, 1042.4)
89.97813|(704.2, 1039.6)
89.99491|(708.1, 1029.3)
90.01147|(708.0, 1023.6)
90.02819|(711.6, 1019.9)
90.07816|(713.2, 1013.9)
90.09483|(717.6, 1007.7)
90.1115|(721.3, 1006.5)
90.12827|(731.0, 998.7)
90.14503|(752.1, 1002.5)
90.16169|(765.8, 1005.7)
90.17835|(764.9, 1005.4)
90.19508|(770.2, 1006.2)
90.21185|(781.8, 1006.7)
90.22835|(787.9, 999.1)
90.2451|(787.8, 992.4)
90.26193|(786.8, 996.6)
90.27853|(793.8, 980.4)
90.2951|(798.4, 977.2)
90.3121|(798.4, 978.0)
90.32869|(798.7, 983.6)
90.34552|(799.1, 982.8)
90.37883|(801.3, 987.3)
90.39542|(805.1, 993.1)
90.41217|(828.9, 997.6)
90.42886|(831.9, 996.8)
90.44555|(831.3, 995.0)
90.46217|(833.0, 991.6)
90.47887|(838.1, 993.3)
90.51232|(840.5, 995.4)
90.52915|(853.6, 1005.9)
90.54556|(864.5, 1007.4)
90.56227|(883.2, 1071.0)
90.57912|(886.4, 1072.6)
90.5957|(886.5, 1071.7)
90.6125|(887.2, 1099.1)
90.64589|(886.6, 1080.6)
90.66245|(887.5, 1081.3)
90.67912|(889.7, 1124.9)
90.69586|(881.6, 1121.0)
90.71258|(871.9, 1115.8)
90.72927|(852.8, 1089.1)
90.74614|(794.1, 970.3)
90.76254|(739.9, 923.3)
90.77937|(736.8, 918.7)
90.79599|(739.5, 895.4)
90.81282|(739.1, 851.1)
90.82948|(735.2, 858.4)
90.84624|(734.7, 859.3)
90.86266|(733.4, 862.3)
90.87953|(733.5, 864.8)
90.89618|(731.9, 872.1)
90.91299|(731.3, 872.7)
90.92955|(729.9, 870.6)
90.96299|(726.9, 874.6)
90.97968|(727.1, 875.0)
90.99627|(727.0, 887.3)
91.01315|(728.5, 887.6)
91.02996|(728.7, 887.5)
91.04659|(738.8, 889.5)
91.06328|(756.9, 891.9)
91.09659|(780.7, 907.8)
91.11327|(782.1, 908.4)
91.1298|(792.8, 906.2)
91.14685|(801.9, 892.8)
91.16328|(802.0, 883.8)
91.17999|(802.7, 879.9)
91.19665|(803.8, 879.2)
91.21353|(810.2, 872.2)
91.23005|(816.5, 866.0)
91.26343|(820.3, 862.3)
91.28017|(810.5, 870.6)
91.29704|(773.8, 973.0)
91.31358|(765.3, 999.1)
91.33016|(770.6, 989.6)
91.34719|(775.9, 978.1)
91.36366|(776.1, 978.6)
91.38051|(779.4, 977.7)
91.41386|(781.5, 974.8)
91.43053|(733.2, 1012.8)
91.44711|(708.9, 1029.2)
91.46374|(710.2, 1026.1)
91.48056|(713.5, 1020.5)
91.49717|(711.8, 1022.5)
91.514|(718.5, 1001.6)
91.54744|(719.4, 992.8)
91.56405|(721.6, 990.0)
91.58069|(707.3, 1009.5)
91.59735|(703.5, 1016.3)
91.61413|(708.8, 1008.5)
91.63081|(718.5, 995.4)
91.64759|(706.2, 1015.8)
91.66429|(711.5, 1015.3)
91.6809|(704.8, 1021.1)
91.69766|(701.1, 1019.8)
91.71444|(698.1, 1022.8)
91.73087|(694.2, 1020.7)
91.74799|(693.8, 1020.6)
91.76415|(691.0, 1024.6)
91.83117|(689.8, 1013.3)
91.8646|(721.7, 834.2)
91.88144|(726.8, 900.9)
91.89792|(727.8, 919.1)
91.91511|(725.4, 936.4)
91.9313|(727.2, 945.4)
91.94811|(730.7, 996.1)
91.96467|(718.1, 1003.9)
91.98122|(722.5, 1003.6)
92.0151|(735.0, 1026.8)
92.03143|(724.1, 1016.3)
92.04804|(742.1, 1020.3)
92.06487|(772.5, 1031.2)
92.08166|(843.7, 1048.9)
92.09826|(871.8, 1064.0)
92.13162|(876.6, 1070.6)
92.16489|(876.8, 1076.1)
92.18152|(873.7, 1087.8)
92.19833|(873.1, 1084.6)
92.21507|(873.0, 1085.9)
92.23176|(885.6, 1087.6)
92.24855|(884.6, 1081.1)
92.26517|(904.9, 1079.4)
92.28202|(906.5, 1078.3)
92.31523|(911.6, 1089.8)
92.33179|(911.2, 1086.8)
92.34861|(909.1, 1093.5)
92.36535|(899.7, 1095.7)
92.38201|(897.9, 1092.0)
92.39867|(862.7, 1080.8)
92.41549|(765.7, 1085.3)
92.43198|(749.2, 1085.6)
92.46533|(740.0, 1083.3)
92.48227|(727.6, 1083.4)
92.49894|(717.0, 1085.5)
92.51561|(718.7, 1084.0)
92.53234|(717.3, 1094.4)
92.54916|(712.7, 1094.5)
92.58236|(711.9, 1096.1)
92.61581|(710.6, 1096.9)
92.63227|(711.0, 1101.4)
92.64925|(712.5, 1095.5)
92.66586|(713.9, 1100.5)
92.68254|(713.8, 1104.2)
92.6993|(712.8, 1099.0)
92.71587|(713.8, 1099.1)
92.73277|(709.3, 1101.9)
92.766|(691.6, 1110.2)
92.78284|(696.6, 1108.7)
92.79945|(692.4, 1106.9)
92.81613|(697.1, 1093.0)
92.8326|(678.7, 1081.7)
92.84946|(675.9, 1082.1)
92.86611|(680.2, 1066.4)
92.88286|(679.7, 1039.3)
92.91637|(681.2, 1027.3)
92.93282|(682.1, 1024.8)
92.9498|(682.4, 1024.4)
92.96616|(681.1, 1024.7)
92.98308|(671.7, 1036.0)
92.99947|(666.1, 1049.5)
93.01645|(665.7, 1050.1)
93.03312|(666.4, 1049.3)
93.06628|(671.9, 1043.1)
93.08318|(684.0, 1028.8)
93.09991|(688.7, 1025.3)
93.11651|(700.5, 1013.1)
93.13326|(700.4, 1006.8)
93.16673|(697.1, 1000.8)
93.18352|(696.4, 999.5)
93.21699|(698.6, 993.7)
93.23351|(698.3, 994.0)
93.25018|(758.5, 962.6)
93.26669|(924.3, 878.0)
93.28362|(1103.8, 783.2)
93.30023|(1257.4, 710.0)
93.31692|(1270.6, 709.5)
93.33354|(1364.4, 672.6)
93.36704|(1498.1, 639.6)
93.3838|(1570.9, 629.0)
93.40024|(1576.4, 634.4)
93.41708|(1580.3, 638.7)
93.43393|(1591.8, 654.3)
93.45064|(1588.3, 655.4)
93.467|(1591.6, 640.8)
93.4839|(1606.9, 609.0)
93.5173|(1609.3, 603.2)
93.534|(1604.6, 596.4)
93.55071|(1604.9, 595.9)
93.56732|(1614.1, 592.7)
93.58415|(1600.4, 575.3)
93.61763|(1557.8, 601.9)
93.63392|(1430.0, 654.9)
93.66742|(1277.4, 707.6)
93.68436|(1230.0, 724.2)
93.70085|(840.9, 838.8)
93.7177|(831.0, 909.2)
93.75119|(785.1, 910.6)
93.76775|(780.5, 911.0)
93.7843|(783.6, 919.0)
93.81789|(768.2, 937.3)
93.83438|(762.0, 961.5)
93.85115|(741.4, 989.5)
93.86781|(733.6, 997.2)
93.88462|(724.8, 1013.7)
93.90118|(727.4, 1010.3)
93.91784|(731.2, 1004.2)
93.96799|(736.7, 997.0)
93.98473|(737.0, 1001.5)
94.00153|(737.9, 1002.6)
94.01835|(743.0, 1014.0)
94.03485|(740.7, 1027.5)
94.05167|(738.7, 1032.6)
94.06829|(742.0, 1029.8)
94.08516|(741.6, 1033.8)
94.11846|(746.7, 1043.8)
94.13512|(744.1, 1050.4)
94.15206|(739.6, 1061.6)
94.16855|(737.4, 1071.0)
94.20196|(736.2, 1073.4)
94.21855|(736.5, 1073.0)
94.2351|(737.3, 1072.9)
94.26855|(744.7, 1083.0)
94.2853|(773.5, 1094.9)
94.30185|(773.9, 1088.5)
94.31858|(781.7, 1081.2)
94.33532|(785.5, 1077.3)
94.35215|(784.4, 1094.1)
94.36855|(786.4, 1089.9)
94.38525|(784.1, 1099.2)
94.41872|(784.7, 1098.2)
94.4359|(787.6, 1106.6)
94.45239|(785.2, 1106.2)
94.46906|(795.0, 1103.3)
94.48577|(794.7, 1115.3)
94.50208|(795.4, 1113.6)
94.51896|(800.2, 1096.4)
94.53574|(798.7, 1100.7)
94.56901|(803.6, 1112.7)
94.58583|(811.8, 1116.4)
94.60262|(780.0, 1150.6)
94.63591|(805.8, 1130.1)
94.65291|(783.2, 1132.3)
94.66928|(796.6, 1053.0)
94.6859|(815.4, 981.0)
94.71941|(817.7, 983.4)
94.73603|(816.1, 1010.2)
94.75282|(812.6, 1061.1)
94.78617|(811.0, 1063.3)
94.80305|(808.4, 1066.6)
94.81938|(806.9, 1071.6)
94.83614|(805.3, 1077.0)
94.86963|(795.0, 1088.4)
94.88637|(795.9, 1100.9)
94.90284|(784.2, 1102.9)
94.91972|(756.1, 1098.6)
94.93633|(727.5, 1064.7)
94.95317|(728.5, 1029.2)
94.96953|(729.3, 1025.0)
94.9864|(727.9, 1036.4)
95.01989|(714.4, 1022.1)
95.03658|(711.8, 1026.5)
95.05318|(701.8, 1032.7)
95.07002|(702.0, 1034.6)
95.08662|(704.0, 1034.5)
95.10326|(702.4, 1030.8)
95.11995|(702.6, 1029.7)
95.13657|(704.8, 1025.7)
95.17013|(709.5, 1021.7)
95.27013|(730.1, 816.1)
95.28691|(759.6, 828.2)
95.32032|(761.3, 920.7)
95.33714|(748.4, 927.5)
95.35374|(751.7, 915.0)
95.37038|(755.8, 905.3)
95.38713|(761.1, 932.4)
95.40528|(761.0, 946.3)
95.42041|(763.3, 963.1)
95.43719|(760.0, 966.3)
95.47058|(760.7, 979.1)
95.48711|(759.4, 980.8)
95.50389|(747.7, 1012.8)
95.52063|(764.7, 1040.6)
95.53717|(777.7, 1038.2)
95.55381|(786.0, 1035.5)
95.57068|(805.8, 1033.7)
95.58739|(828.4, 1030.4)
95.6209|(827.5, 1031.0)
95.65413|(840.0, 986.5)
95.6708|(842.6, 989.9)
95.68755|(831.6, 998.6)
95.70417|(825.6, 998.1)
95.72079|(836.5, 958.1)
95.73763|(827.2, 951.3)
95.77111|(778.1, 954.7)
95.78768|(747.2, 933.8)
95.80428|(723.4, 900.2)
95.82116|(725.5, 911.2)
95.83791|(713.8, 901.6)
95.85448|(711.3, 898.7)
95.87112|(715.4, 897.2)
95.88815|(712.1, 895.0)
95.92143|(710.7, 893.3)
95.93781|(712.2, 892.7)
95.95473|(717.8, 884.0)
95.97133|(714.0, 883.5)
95.98783|(710.2, 883.3)
96.00475|(711.1, 883.7)
96.02147|(711.0, 884.2)
96.03798|(710.4, 896.1)
96.07143|(708.6, 900.4)
96.08825|(707.3, 896.1)
96.10488|(711.5, 890.2)
96.12149|(708.0, 893.5)
96.13827|(714.5, 886.0)
96.15501|(717.7, 881.8)
96.17162|(715.7, 886.6)
96.18845|(715.0, 889.6)
96.2218|(719.9, 893.5)
96.23847|(809.1, 945.8)
96.27177|(810.2, 943.1)
96.28853|(815.8, 944.8)
96.30514|(825.3, 946.5)
96.32202|(827.3, 940.7)
96.3387|(827.3, 941.5)
96.37206|(843.6, 924.4)
96.38896|(838.6, 931.6)
96.4056|(834.3, 937.2)
96.42239|(832.2, 931.1)
96.43868|(828.4, 935.7)
96.45551|(827.5, 949.7)
96.47214|(827.2, 953.6)
96.48892|(821.0, 964.9)
96.52224|(820.0, 962.7)
96.53877|(816.4, 953.8)
96.55583|(782.8, 950.6)
96.57222|(745.3, 939.9)
96.60576|(708.7, 944.5)
96.62246|(695.9, 959.0)
96.68941|(633.0, 860.2)
96.7058|(660.4, 844.2)
96.72276|(720.2, 844.3)
96.73926|(724.0, 831.7)
96.75592|(724.3, 830.7)
96.77258|(708.0, 843.7)
96.78951|(705.9, 851.0)
96.82301|(727.3, 841.6)
96.8562|(712.6, 882.5)
96.87292|(711.3, 912.2)
96.88956|(713.6, 930.1)
96.90618|(705.9, 931.3)
96.92293|(704.7, 931.7)
96.93963|(700.1, 940.7)
96.97292|(691.9, 940.3)
96.98969|(689.8, 937.9)
97.00644|(699.9, 926.5)
97.02316|(703.2, 923.3)
97.03975|(730.0, 906.5)
97.05659|(729.5, 905.8)
97.07309|(725.1, 906.6)
97.09003|(726.5, 902.3)
97.12321|(720.5, 900.7)
97.1399|(710.1, 908.8)
97.15665|(700.9, 904.9)
97.17318|(702.6, 894.8)
97.19028|(699.7, 887.7)
97.20657|(699.6, 873.9)
97.2236|(697.6, 863.5)
97.2402|(690.9, 851.3)
97.27376|(705.3, 809.8)
97.30693|(757.1, 863.7)
97.32353|(768.1, 858.3)
97.34026|(764.0, 855.7)
97.35712|(766.3, 849.4)
97.3737|(768.9, 848.8)
97.39038|(766.6, 850.6)
97.42387|(772.4, 841.2)
97.44054|(786.3, 823.1)
97.45721|(796.3, 835.1)
97.4739|(802.6, 839.9)
97.4905|(805.1, 840.6)
97.50739|(808.3, 840.9)
97.52383|(807.1, 839.8)
97.54063|(807.8, 839.2)
97.5741|(808.6, 829.9)
97.59078|(811.3, 825.3)
97.60735|(814.6, 822.0)
97.6242|(806.7, 839.2)
97.64081|(789.1, 882.9)
97.6575|(765.7, 937.6)
97.67434|(765.5, 937.3)
97.69079|(759.3, 966.8)
97.72427|(754.7, 982.2)
97.74107|(759.9, 989.7)
97.75797|(760.3, 988.6)
97.77428|(758.4, 992.3)
97.79091|(756.6, 996.5)
97.80778|(751.7, 1012.6)
97.82449|(751.7, 1010.7)
97.84119|(753.1, 1006.2)
97.87479|(753.2, 1008.8)
97.89129|(744.6, 1038.2)
97.90807|(735.1, 1048.3)
97.92456|(726.3, 1058.9)
97.9413|(720.4, 1058.6)
97.9581|(716.4, 1056.1)
97.97456|(711.3, 1051.9)
97.99136|(714.4, 1052.5)
98.02476|(698.8, 1039.4)
98.04156|(700.9, 1039.1)
98.05801|(703.4, 1042.5)
98.07493|(707.0, 1038.5)
98.09143|(710.2, 1039.4)
98.10838|(716.4, 1040.9)
98.12485|(724.7, 1041.4)
98.14147|(760.5, 1055.2)
98.17497|(824.8, 1073.3)
98.19167|(855.1, 1086.1)
98.20846|(858.0, 1091.1)
98.22507|(862.2, 1092.2)
98.24174|(852.4, 1104.5)
98.25849|(853.6, 1101.7)
98.27525|(856.1, 1092.3)
98.29198|(852.5, 1103.6)
98.30853|(852.3, 1103.3)
98.34198|(832.6, 1096.5)
98.35864|(806.0, 1048.4)
98.37518|(767.6, 991.0)
98.39191|(749.7, 964.2)
98.40874|(730.9, 934.6)
98.42544|(721.3, 902.1)
98.44215|(707.5, 874.5)
98.47546|(715.7, 858.0)
98.49212|(719.8, 837.1)
98.50882|(720.7, 834.8)
98.52549|(720.9, 835.8)
98.54247|(723.3, 831.7)
98.55906|(722.9, 830.3)
98.57577|(725.4, 827.6)
98.59226|(722.7, 833.5)
98.62575|(755.1, 795.2)
98.64248|(756.9, 798.9)
98.65904|(758.0, 795.1)
98.67582|(754.1, 798.1)
98.69274|(739.9, 808.2)
98.70916|(735.9, 816.4)
98.72591|(753.0, 819.8)
98.74282|(780.7, 818.9)
98.75928|(786.3, 819.9)
98.79264|(784.6, 838.9)
98.80923|(797.3, 844.7)
98.82616|(797.4, 844.6)
98.84295|(800.4, 839.4)
98.8595|(800.5, 839.3)
98.87606|(801.4, 841.2)
98.8929|(802.0, 845.9)
98.92625|(801.5, 851.6)
98.94304|(800.5, 860.8)
98.95962|(799.7, 865.0)
98.97625|(802.7, 843.6)
98.99297|(783.0, 924.6)
99.00978|(776.7, 976.3)
99.0265|(781.4, 967.6)
99.04308|(780.0, 975.1)
99.07664|(777.9, 1009.8)
99.09332|(776.2, 1005.0)
99.10988|(776.3, 1004.8)
99.12667|(781.8, 1002.6)
99.14331|(777.8, 1003.9)
99.15993|(774.8, 1005.6)
99.17686|(775.1, 1005.9)
99.19342|(787.3, 1012.0)
99.21037|(790.2, 1012.5)
99.22685|(796.8, 1011.5)
99.24348|(786.3, 1009.7)
99.26011|(800.2, 1004.5)
99.27697|(814.2, 998.4)
99.29352|(821.1, 1000.9)
99.31037|(823.8, 993.9)
99.32701|(825.1, 992.1)
99.34373|(826.3, 990.4)
99.37703|(841.2, 992.9)
99.39371|(840.0, 1014.5)
99.4105|(843.0, 1028.6)
99.42705|(844.1, 1032.6)
99.44393|(844.6, 1037.5)
99.46043|(844.8, 1044.9)
99.47728|(842.8, 1047.5)
99.49397|(842.0, 1047.5)
99.52721|(845.0, 1045.2)
99.54389|(846.4, 1047.9)
99.56064|(846.2, 1057.2)
99.57744|(839.4, 1074.8)
99.59404|(835.4, 1071.8)
99.61073|(842.4, 1067.5)
99.62743|(852.2, 1068.8)
99.64424|(853.8, 1069.6)
99.66077|(855.7, 1071.3)
99.6775|(870.9, 1087.1)
99.69425|(876.4, 1089.5)
99.71102|(878.5, 1089.5)
99.79438|(859.6, 1109.7)
99.82773|(837.5, 1017.8)
99.84452|(847.2, 1023.2)
99.86099|(837.4, 1019.0)
99.87778|(815.3, 1011.9)
99.89471|(807.0, 1007.2)
99.91123|(797.2, 1003.8)
99.92799|(795.2, 1011.3)
99.978|(797.7, 1017.1)
99.99476|(800.3, 1024.8)
100.0113|(802.0, 1035.3)
100.0281|(803.4, 1039.8)
100.0447|(801.6, 1041.2)
100.0616|(797.4, 1051.9)
100.0782|(799.0, 1048.8)
100.0949|(797.4, 1053.8)
100.1116|(795.9, 1056.0)
100.1283|(792.6, 1059.7)
100.1617|(781.3, 1066.4)
100.1783|(779.3, 1064.5)
100.2117|(779.1, 1066.2)
100.2286|(779.0, 1067.0)
100.2618|(776.9, 1073.1)
100.2785|(774.4, 1076.3)
100.2953|(767.7, 1039.0)
100.3118|(756.3, 968.8)
100.3286|(749.2, 817.3)
100.3453|(745.7, 803.9)
100.3619|(746.7, 815.6)
100.3788|(738.0, 757.1)
100.4289|(725.8, 745.8)
100.4453|(715.5, 759.0)
100.4621|(716.4, 757.7)
100.4788|(716.0, 755.5)
100.4956|(689.0, 770.9)
100.5123|(693.1, 765.3)
100.529|(701.7, 757.8)
100.5455|(709.5, 749.7)
100.5623|(695.4, 762.3)
100.579|(714.6, 737.8)
100.5956|(717.3, 734.0)
100.6125|(720.0, 729.3)
100.6291|(724.2, 726.5)
100.6459|(723.8, 726.7)
100.6625|(721.6, 727.8)
100.6792|(730.5, 704.7)
100.6961|(734.2, 692.1)
100.7125|(743.1, 662.0)
100.7293|(751.4, 645.4)
100.7461|(753.3, 641.0)
100.7625|(751.7, 643.1)
100.7793|(752.0, 645.3)
100.796|(756.0, 643.9)
100.8127|(756.3, 647.7)
100.8296|(754.1, 648.0)
100.8628|(754.4, 647.8)
100.8795|(753.6, 647.6)
100.9129|(751.1, 650.2)
100.9296|(751.3, 651.2)
100.9462|(843.3, 637.6)
100.9634|(838.0, 635.1)
101.0129|(844.0, 634.0)
101.0297|(839.7, 633.5)
101.0464|(833.6, 651.3)
101.0635|(836.1, 645.7)
101.0799|(831.3, 654.6)
101.0966|(830.3, 654.6)
101.1132|(832.9, 640.9)
101.13|(842.9, 639.6)
101.1467|(849.1, 645.1)
101.1632|(880.8, 635.5)
101.1799|(885.5, 634.4)
101.1966|(887.2, 636.4)
101.2135|(904.9, 635.7)
101.2303|(904.7, 637.1)
101.2466|(902.2, 638.9)
101.2635|(899.1, 646.6)
101.2802|(893.0, 681.9)
101.3136|(843.3, 986.1)
101.3303|(834.2, 1045.7)
101.347|(846.0, 967.5)
101.3638|(826.3, 1105.1)
101.3805|(826.0, 1107.3)
101.397|(822.8, 1120.0)
101.4138|(821.3, 1128.9)
101.4471|(822.5, 1132.1)
101.464|(821.7, 1133.0)
101.4805|(818.7, 1144.9)
101.4972|(809.3, 1137.5)
101.5139|(804.4, 1130.0)
101.5306|(803.5, 1129.4)
101.5475|(792.7, 1125.6)
101.5639|(795.0, 1125.7)
101.5807|(793.9, 1126.4)
101.5973|(796.8, 1126.7)
101.6142|(796.6, 1114.5)
101.6308|(797.9, 1112.8)
101.6476|(797.8, 1114.7)
101.6643|(801.1, 1120.5)
101.6809|(799.7, 1119.4)
101.6975|(799.7, 1119.3)
101.7141|(801.1, 1120.3)
101.731|(820.9, 1126.4)
101.7644|(829.0, 1126.2)
101.781|(841.4, 1120.2)
101.7976|(850.1, 1113.9)
101.8145|(851.5, 1108.0)
101.8311|(852.7, 1105.3)
101.8479|(852.8, 1104.7)
101.8645|(855.7, 1084.4)
101.8979|(861.7, 1082.9)
101.9145|(850.9, 1021.4)
101.9312|(817.0, 777.6)
101.9479|(812.7, 741.8)
101.9647|(797.5, 654.2)
101.9815|(792.8, 618.0)
101.9983|(790.4, 615.3)
102.0314|(789.2, 610.4)
102.0648|(791.1, 608.8)
102.0814|(790.9, 605.5)
102.0984|(791.6, 606.8)
102.1149|(789.3, 610.9)
102.1316|(778.8, 626.5)
102.1652|(774.9, 628.2)
102.1818|(776.6, 625.2)
102.215|(766.0, 625.0)
102.2318|(766.1, 624.8)
102.2486|(767.2, 622.9)
102.2653|(766.5, 623.6)
102.2819|(774.0, 700.1)
102.2986|(766.0, 929.0)
102.3152|(764.2, 930.5)
102.3319|(768.3, 930.9)
102.3654|(775.6, 914.5)
102.382|(771.8, 923.8)
102.3988|(774.7, 907.2)
102.4154|(774.3, 904.8)
102.4321|(768.9, 903.5)
102.4487|(772.3, 906.7)
102.4824|(779.7, 950.6)
102.5155|(781.3, 960.3)
102.5323|(781.6, 952.5)
102.549|(786.7, 985.7)
102.5657|(790.9, 995.1)
102.5824|(790.8, 996.2)
102.6157|(798.7, 990.6)
102.6326|(793.1, 991.3)
102.6658|(793.1, 988.8)
102.6826|(790.3, 981.5)
102.6992|(799.4, 964.7)
102.716|(790.6, 979.0)
102.7327|(800.4, 833.7)
102.7494|(807.8, 739.0)
102.7661|(812.0, 682.5)
102.7828|(814.4, 623.3)
102.8161|(814.1, 625.3)
102.8328|(811.7, 627.5)
102.8495|(811.3, 629.6)
102.8662|(809.4, 633.1)
102.883|(808.2, 633.4)
102.8995|(809.1, 633.3)
102.9162|(811.7, 632.3)
102.9331|(820.4, 630.5)
102.9663|(845.8, 630.1)
102.983|(852.2, 633.9)
102.9998|(854.1, 632.0)
103.0832|(900.2, 623.0)
103.1165|(975.0, 617.4)
103.1332|(975.1, 640.6)
103.1667|(975.9, 626.4)
103.1834|(979.5, 638.8)
103.2001|(960.5, 649.9)
103.2169|(970.8, 647.7)
103.2335|(965.7, 647.1)
103.267|(970.7, 647.3)
103.2836|(978.9, 647.6)
103.3001|(984.4, 642.2)
103.317|(984.2, 642.5)
103.3336|(987.0, 640.4)
103.3504|(995.9, 633.3)
103.367|(1007.7, 630.5)
103.3836|(1025.9, 632.7)
103.4169|(1037.7, 633.6)
103.4338|(1033.9, 632.2)
103.4505|(1057.2, 635.0)
103.4672|(1054.3, 632.6)
103.4838|(1051.5, 636.6)
103.5173|(1050.9, 642.6)
103.5341|(1051.0, 643.3)
103.5673|(1051.8, 650.5)
103.5841|(1050.1, 649.0)
103.6009|(1097.6, 655.3)
103.6176|(1095.5, 653.3)
103.6507|(1095.1, 652.0)
103.6678|(1098.6, 652.1)
103.684|(1100.6, 651.4)
103.7176|(1100.6, 650.5)
103.7344|(1101.5, 650.0)
103.7508|(1108.1, 647.9)
103.7677|(1118.2, 650.0)
103.7843|(1135.4, 652.3)
103.8011|(1139.0, 651.3)
103.8178|(1148.8, 645.8)
103.8343|(1151.9, 645.0)
103.868|(1159.9, 642.7)
103.8846|(1158.9, 642.8)
103.9012|(1144.9, 640.7)
103.9178|(1133.3, 644.6)
103.9346|(977.4, 642.8)
103.9513|(919.0, 641.6)
103.9682|(874.9, 641.0)
103.9847|(845.4, 639.2)
104.0682|(758.3, 629.3)
104.1014|(806.6, 852.2)
104.1182|(806.2, 817.0)
104.1348|(805.1, 890.7)
104.1685|(805.3, 958.9)
104.1851|(805.3, 985.3)
104.2018|(805.1, 983.7)
104.2184|(796.2, 1041.4)
104.2353|(794.1, 1062.0)
104.2519|(794.3, 1075.4)
104.2684|(793.8, 1076.7)
104.2851|(791.7, 1074.9)
104.3186|(789.4, 1066.6)
104.3352|(791.3, 1062.4)
104.3518|(789.7, 1040.1)
104.3686|(788.3, 1032.8)
104.3855|(792.2, 1016.5)
104.4018|(777.7, 1031.1)
104.4188|(777.0, 1031.6)
104.4355|(777.3, 1029.9)
104.4689|(776.3, 1029.0)
104.4855|(775.8, 1028.3)
104.5022|(756.5, 1053.4)
104.5189|(764.4, 1040.0)
104.5356|(745.0, 1065.5)
104.5523|(751.0, 1057.4)
104.569|(763.6, 1032.7)
104.5858|(758.9, 1038.1)
104.6192|(758.8, 1038.0)
104.6357|(750.9, 1047.9)
104.6526|(753.1, 1045.8)
104.686|(749.7, 1040.5)
104.7025|(766.2, 1027.4)
104.7192|(759.8, 1040.2)
104.7358|(754.1, 1047.5)
104.7694|(746.1, 1062.4)
104.7862|(751.0, 1056.4)
104.8026|(771.2, 1036.1)
104.8194|(772.3, 1035.1)
104.836|(774.3, 1026.7)
104.8528|(776.2, 1020.9)
104.8694|(774.2, 1020.4)
104.8862|(779.8, 1006.2)
104.9197|(786.8, 978.0)
104.9363|(786.3, 979.5)
104.9529|(788.2, 978.4)
104.9698|(789.3, 974.5)
104.9864|(785.8, 973.1)
105.0032|(784.5, 971.6)
105.0198|(786.5, 972.5)
105.0363|(782.3, 971.9)
105.0698|(783.0, 977.9)
105.0866|(783.6, 983.6)
105.1033|(783.3, 984.8)
105.1367|(787.6, 978.5)
105.1534|(787.9, 977.7)
105.17|(791.9, 973.1)
105.1868|(792.5, 967.5)
105.2201|(785.8, 959.6)
105.2368|(779.4, 958.9)
105.2703|(752.7, 947.6)
105.2871|(750.2, 947.0)
105.3035|(735.2, 955.6)
105.3203|(735.0, 955.3)
105.337|(731.3, 956.8)
105.3705|(720.0, 952.7)
105.3872|(724.3, 957.2)
105.4538|(669.6, 996.8)
105.4706|(693.2, 962.4)
105.4871|(740.8, 890.4)
105.5206|(713.7, 934.2)
105.5374|(753.4, 941.4)
105.554|(750.5, 965.5)
105.5706|(783.1, 981.9)
105.5876|(780.2, 982.4)
105.604|(781.5, 994.3)
105.6207|(779.8, 997.9)
105.6375|(781.6, 1007.7)
105.6709|(781.2, 1006.8)
105.6877|(784.0, 1014.7)
105.721|(782.8, 1028.4)
105.7377|(767.0, 1038.0)
105.7542|(771.6, 1038.6)
105.771|(764.3, 1043.6)
105.7878|(783.7, 1032.4)
105.8211|(782.2, 1040.4)
105.8378|(783.8, 1038.8)
105.8545|(776.2, 1058.0)
105.8713|(779.3, 1047.5)
105.8878|(772.4, 1054.2)
105.9045|(779.1, 1041.1)
105.9213|(782.7, 1035.3)
105.9379|(779.3, 1037.3)
105.9713|(775.4, 1042.3)
105.9882|(770.5, 1044.0)
106.0047|(765.9, 1016.3)
106.0213|(772.8, 1011.5)
106.038|(772.6, 1014.5)
106.0548|(771.0, 1016.1)
106.0713|(773.2, 1022.2)
106.0882|(765.6, 1026.8)
106.1218|(710.3, 1087.7)
106.1384|(721.3, 1075.8)
106.1718|(741.3, 1042.1)
106.1884|(769.2, 1006.6)
106.205|(772.9, 994.6)
106.2218|(779.0, 982.2)
106.2384|(774.5, 978.6)
106.2719|(779.3, 968.9)
106.3054|(783.3, 956.5)
106.3221|(788.9, 957.3)
106.3384|(788.0, 955.8)
106.3552|(786.6, 955.1)
106.372|(782.9, 957.0)
106.3887|(781.7, 952.4)
106.422|(772.5, 962.2)
106.589|(868.2, 681.5)
106.6057|(865.1, 687.9)
106.6227|(866.9, 685.9)
106.6393|(868.6, 691.3)
106.6556|(869.8, 694.4)
106.6724|(873.0, 691.2)
106.6893|(872.6, 691.5)
106.7225|(872.6, 690.6)
106.756|(894.2, 641.6)
106.7728|(895.9, 638.6)
106.7894|(897.9, 636.1)
106.8059|(899.5, 639.1)
106.8228|(899.6, 639.9)
106.8395|(899.1, 639.6)
106.873|(900.6, 642.2)
106.8894|(897.7, 646.5)
106.9062|(895.2, 645.3)
106.9228|(908.2, 645.6)
106.9396|(901.2, 645.7)
106.9563|(916.5, 651.1)
106.9731|(1015.0, 644.2)
106.9898|(1034.5, 636.9)
107.0397|(1053.7, 633.3)
107.0565|(1054.5, 619.1)
107.0731|(1055.4, 618.1)
107.0898|(1051.4, 624.4)
107.1233|(1049.8, 626.0)
107.1399|(1049.2, 627.4)
107.1734|(1053.8, 633.5)
107.2069|(1053.1, 633.0)
107.2235|(1052.0, 647.8)
107.2402|(1056.6, 660.5)
107.257|(1072.1, 658.6)
107.2735|(1077.4, 662.2)
107.2903|(1088.4, 662.6)
107.3236|(1106.6, 662.7)
107.3403|(1127.9, 663.7)
107.3571|(1122.3, 661.1)
107.3736|(1116.3, 649.6)
107.4069|(1106.9, 644.9)
107.4238|(1108.4, 644.3)
107.4405|(1113.2, 631.2)
107.4738|(1126.4, 618.3)
107.4905|(1116.3, 624.5)
107.5071|(1123.0, 604.8)
107.5239|(1118.4, 612.8)
107.5406|(1089.7, 628.1)
107.5574|(1059.9, 627.5)
107.574|(1034.2, 624.9)
107.5907|(1003.1, 621.7)
107.6242|(888.7, 630.0)
107.6575|(890.5, 628.5)
107.6741|(890.7, 626.9)
107.6909|(890.7, 625.0)
107.7075|(896.7, 621.4)
107.7243|(895.9, 622.6)
107.7409|(899.3, 626.6)
107.7742|(908.6, 632.4)
107.791|(914.8, 635.0)
107.8078|(917.0, 636.2)
107.8242|(937.2, 639.2)
107.8411|(938.9, 638.4)
107.8581|(939.6, 634.8)
107.8746|(933.4, 631.9)
107.9245|(932.3, 628.6)
107.9412|(936.9, 627.7)
107.9581|(937.5, 631.3)
107.9745|(935.6, 632.3)
107.9913|(939.3, 632.8)
108.0081|(935.8, 627.9)
108.0247|(941.0, 629.5)
108.0415|(948.7, 628.9)
108.0749|(919.4, 562.2)
108.0915|(899.8, 482.0)
108.1249|(897.3, 474.1)
108.1584|(892.8, 479.4)
108.1753|(898.5, 475.7)
108.1918|(892.4, 474.0)
108.2084|(897.2, 479.1)
108.2585|(900.5, 475.1)
108.2751|(900.8, 474.8)
108.2918|(758.5, 481.1)
108.3086|(754.0, 480.9)
108.392|(747.2, 472.4)
108.4254|(751.1, 465.0)
108.4423|(751.3, 458.7)
108.4589|(761.2, 436.9)
108.4755|(763.4, 434.5)
108.4922|(764.7, 435.2)
108.5256|(787.2, 439.9)
108.559|(785.4, 442.7)
108.5758|(788.8, 443.0)
108.5924|(812.9, 443.7)
108.6092|(815.5, 446.6)
108.6258|(815.1, 447.6)
108.6424|(814.4, 455.0)
108.6592|(811.5, 464.2)
108.6927|(792.9, 473.9)
108.7093|(780.9, 465.3)
108.7258|(759.7, 439.5)
108.7426|(755.0, 427.9)
108.7594|(750.2, 411.4)
108.7759|(740.2, 386.5)
108.843|(740.1, 370.0)
108.8594|(737.6, 370.7)
108.8762|(735.8, 370.5)
108.893|(735.9, 370.5)
108.9094|(742.0, 364.5)
108.9265|(760.9, 358.2)
108.943|(836.6, 347.1)
108.9764|(859.4, 341.7)
108.9931|(870.0, 318.0)
109.0097|(855.1, 316.4)
109.0265|(848.1, 313.0)
109.0431|(834.6, 305.9)
109.0599|(819.8, 299.0)
109.0765|(788.5, 280.7)
109.0932|(774.3, 276.7)
109.1099|(765.7, 273.7)
109.1267|(771.6, 283.5)
109.1434|(769.6, 282.6)
109.1601|(768.1, 282.1)
109.1766|(764.5, 291.6)
109.1934|(765.1, 294.0)
109.2101|(759.2, 295.1)
109.2269|(758.5, 296.8)
109.2435|(762.0, 295.1)
109.2767|(803.5, 290.0)
109.2936|(801.8, 291.4)
109.3102|(846.9, 280.5)
109.3269|(838.2, 284.2)
109.3436|(851.6, 282.6)
109.3605|(886.0, 275.5)
109.3771|(903.6, 269.3)
109.4273|(904.7, 267.7)
109.4606|(908.6, 266.0)
109.4772|(939.8, 274.4)
109.4939|(1036.2, 286.2)
109.5107|(1026.1, 284.9)
109.5272|(1034.0, 288.2)
109.6608|(1019.9, 319.9)
109.6942|(1020.8, 339.6)
109.7277|(1036.5, 367.9)
109.8278|(963.9, 154.6)
109.8779|(977.9, 333.0)
109.8946|(971.7, 306.0)
109.9112|(970.9, 302.0)
109.928|(978.7, 342.6)
109.9446|(992.1, 409.2)
109.9614|(993.8, 406.4)
109.978|(994.3, 405.4)
109.9947|(994.6, 410.3)
110.0113|(995.7, 407.2)
110.0282|(997.2, 401.3)
110.0448|(997.3, 401.4)
110.0614|(997.8, 402.5)
110.0781|(998.0, 403.5)
110.0948|(998.0, 403.7)
110.1116|(999.0, 402.4)
110.1283|(998.7, 401.7)
110.145|(998.8, 401.0)
110.1616|(927.0, 459.4)
110.1787|(894.9, 485.7)
110.1951|(850.8, 539.2)
110.2116|(782.7, 615.4)
110.2286|(767.4, 627.2)
110.2452|(762.0, 630.8)
110.2619|(707.7, 678.4)
110.2785|(712.5, 674.9)
110.3286|(712.1, 671.7)
110.3454|(717.1, 671.9)
110.3619|(717.8, 670.6)
110.3789|(719.3, 661.5)
110.3954|(719.8, 664.4)
110.4123|(719.4, 663.3)
110.4288|(721.2, 663.4)
110.4458|(722.7, 663.9)
110.4622|(728.0, 655.9)
110.4787|(728.7, 655.1)
110.5957|(726.6, 622.5)
110.6291|(681.8, 618.0)
110.6459|(688.1, 614.6)
110.6624|(694.6, 611.9)
110.6792|(697.2, 613.1)
110.6959|(698.8, 616.2)
110.7128|(692.7, 623.2)
110.7293|(693.0, 624.8)
110.7293|(693.9, 630.1)
110.7626|(695.6, 628.6)
110.7794|(696.6, 629.9)
110.7959|(700.5, 631.0)
110.8132|(698.2, 630.6)
110.8294|(695.4, 631.1)
110.863|(700.0, 616.2)
110.9127|(700.6, 617.6)
110.9295|(700.7, 619.0)
110.9461|(704.6, 616.6)
110.963|(705.5, 613.6)
110.9798|(707.4, 603.9)
110.9966|(708.3, 607.6)
111.013|(708.2, 610.7)
111.0297|(706.6, 613.2)
111.0464|(707.0, 613.2)
111.1801|(711.1, 545.5)
111.2136|(737.4, 599.6)
111.23|(734.6, 604.3)
111.2469|(720.8, 609.3)
111.2635|(718.4, 610.7)
111.2804|(717.8, 611.6)
111.297|(711.3, 612.5)
111.3136|(704.9, 613.0)
111.3302|(710.2, 612.4)
111.347|(691.7, 609.7)
111.4973|(709.6, 568.8)
111.5141|(690.8, 629.2)
111.5305|(698.6, 636.0)
111.5474|(699.4, 650.9)
111.564|(701.7, 649.2)
111.5806|(701.9, 648.8)
111.5973|(702.2, 650.3)
111.614|(702.6, 654.4)
111.6308|(695.0, 656.9)
111.6641|(696.9, 653.4)
111.6809|(697.9, 650.7)
111.6975|(693.9, 644.4)
111.7144|(690.5, 644.2)
111.7308|(691.4, 641.9)
111.7477|(692.5, 641.2)
111.7644|(694.7, 634.3)
111.7977|(694.8, 633.4)
111.8144|(694.7, 631.7)
111.8309|(692.7, 629.8)
111.8478|(692.3, 629.7)
111.8646|(692.3, 629.7)
111.8814|(692.6, 629.9)
111.8979|(693.8, 629.7)
111.9146|(693.4, 630.0)
111.9313|(694.8, 629.6)
111.9646|(690.1, 630.2)
111.9814|(688.9, 631.7)
111.9983|(691.0, 628.3)
112.0146|(689.1, 629.5)
112.0314|(690.4, 628.9)
112.0484|(686.5, 638.2)
112.0648|(683.5, 637.7)
112.0816|(687.7, 635.3)
112.115|(729.2, 555.4)
112.1316|(771.2, 475.1)
112.1482|(784.9, 450.2)
112.1651|(793.4, 435.6)
112.1818|(814.2, 400.3)
112.1983|(852.0, 336.4)
112.2152|(849.9, 329.8)
112.2317|(850.8, 331.6)
112.2653|(852.7, 331.5)
112.2818|(854.2, 331.0)
112.2985|(853.1, 331.7)
112.3153|(854.4, 331.4)
112.332|(856.3, 331.8)
112.3486|(854.1, 339.9)
112.382|(851.8, 334.4)
112.4154|(834.9, 351.6)
112.4321|(835.2, 351.5)
112.4489|(853.7, 334.0)
112.5824|(991.9, 345.3)
112.5992|(997.9, 369.0)
112.6324|(991.7, 391.5)
112.649|(986.8, 404.7)
112.6658|(986.5, 411.2)
112.6824|(989.8, 411.8)
112.716|(1008.9, 411.9)
112.7326|(1018.4, 406.2)
112.7494|(1018.3, 406.4)
112.7661|(1016.8, 411.3)
112.7827|(1020.0, 414.6)
112.7994|(1022.0, 413.6)
112.816|(1020.9, 409.5)
112.833|(1021.8, 408.4)
112.866|(1021.5, 403.7)
112.8827|(1020.0, 403.4)
112.8996|(1017.7, 401.5)
112.9161|(1015.6, 403.6)
112.9329|(1016.6, 404.9)
112.9498|(1016.5, 405.2)
112.9665|(1016.2, 405.4)
112.9833|(1019.0, 400.9)
113.0164|(1019.9, 400.9)
113.0331|(1020.2, 401.1)
113.0497|(1020.8, 405.4)
113.0665|(1020.5, 405.4)
113.0833|(1020.7, 404.5)
113.0999|(1020.0, 403.8)
113.1167|(1012.8, 400.0)
113.1333|(1006.2, 399.4)
113.1671|(986.0, 398.4)
113.1833|(949.1, 403.6)
113.2|(925.8, 404.0)
113.2167|(925.1, 398.5)
113.2335|(935.5, 401.0)
113.2502|(930.7, 396.7)
113.2669|(922.4, 398.1)
113.2835|(921.3, 415.0)
113.3169|(918.0, 412.4)
113.3337|(907.6, 398.9)
113.3503|(887.9, 396.0)
113.3671|(839.4, 400.3)
113.3838|(821.9, 398.5)
113.4171|(802.5, 400.2)
113.4337|(734.9, 406.7)
113.4672|(738.7, 406.5)
113.4838|(739.1, 406.9)
113.5008|(738.9, 408.1)
113.5172|(737.0, 412.7)
113.5506|(737.7, 412.2)
113.5673|(738.3, 406.8)
113.5839|(739.7, 403.4)
113.6174|(737.5, 395.7)
113.6342|(736.2, 398.4)
113.6506|(738.4, 400.1)
113.6675|(740.7, 402.0)
113.6843|(758.8, 400.0)
113.7007|(800.6, 395.8)
113.7176|(814.9, 396.7)
113.7341|(817.2, 398.2)
113.7675|(833.6, 399.0)
113.7845|(834.0, 402.3)
113.801|(834.1, 401.5)
113.8177|(834.1, 405.8)
113.8343|(834.5, 409.7)
113.8509|(934.0, 425.0)
113.868|(928.8, 424.0)
113.8846|(931.3, 423.6)
113.9179|(943.1, 425.1)
113.9346|(943.9, 421.1)
113.9514|(942.6, 419.0)
113.968|(940.1, 413.7)
114.0013|(931.6, 416.5)
114.0181|(944.4, 414.1)
114.0348|(939.1, 412.0)
114.068|(952.6, 400.1)
114.1184|(958.7, 400.2)
114.135|(966.2, 391.5)
114.2684|(1029.1, 500.3)
114.2853|(1044.0, 370.2)
114.3018|(1037.3, 398.9)
114.3185|(1083.5, 400.3)
114.3353|(1104.5, 403.3)
114.3687|(1115.5, 424.4)
114.3853|(1119.1, 427.4)
114.4021|(1124.1, 435.3)
114.4187|(1114.5, 438.8)
114.4524|(1111.5, 432.4)
114.4688|(1111.7, 432.7)
114.4854|(1109.3, 428.9)
114.519|(1115.1, 425.0)
114.5355|(1121.0, 421.0)
114.5692|(1125.3, 419.0)
114.5857|(1132.1, 415.8)
114.6026|(1139.0, 411.4)
114.6189|(1138.5, 411.3)
114.6692|(1128.7, 412.1)
114.686|(1109.5, 411.7)
114.7026|(1107.3, 415.2)
114.7194|(1084.2, 413.6)
114.7361|(1075.6, 414.3)
114.7525|(1064.6, 410.9)
114.7693|(1066.4, 410.9)
114.786|(1067.4, 411.2)
114.8194|(1081.2, 416.3)
114.8362|(1085.1, 417.7)
114.8528|(1080.7, 416.6)
114.8696|(1078.6, 412.3)
114.9032|(1058.7, 430.8)
114.9196|(1050.2, 440.4)
114.9363|(1042.3, 460.8)
114.9699|(1029.8, 487.5)
114.9865|(1024.9, 497.4)
115.0031|(1010.6, 532.4)
115.0364|(1010.3, 529.5)
115.0532|(1010.1, 529.4)
115.0698|(1007.5, 527.9)
115.0864|(1007.7, 526.6)
115.1201|(1006.3, 526.6)
115.1366|(1004.5, 524.1)
115.17|(974.1, 534.5)
115.1868|(963.0, 534.8)
115.2033|(929.4, 523.9)
115.22|(924.3, 521.4)
115.2369|(928.7, 523.4)
115.2702|(926.7, 522.2)
115.2868|(925.6, 520.9)
115.3036|(910.8, 518.0)
115.3202|(919.2, 519.9)
115.3369|(921.2, 509.5)
115.3536|(922.2, 509.6)
115.3705|(911.9, 512.3)
115.387|(922.8, 477.5)
115.4203|(925.7, 459.4)
115.4373|(922.4, 401.2)
115.4539|(925.4, 398.8)
115.4872|(922.8, 389.3)
115.5039|(924.3, 388.3)
115.5207|(929.1, 393.0)
115.5373|(930.2, 390.3)
115.5707|(937.0, 398.1)
115.5873|(940.3, 404.6)
115.6207|(959.0, 454.7)
115.6376|(961.7, 485.0)
115.654|(962.0, 505.4)
115.6708|(961.9, 513.2)
115.6876|(960.4, 521.8)
115.7211|(960.1, 521.1)
115.7376|(959.0, 522.0)
115.7544|(956.7, 524.0)
115.771|(961.8, 524.7)
115.7877|(1030.7, 516.0)
115.8044|(1035.9, 515.1)
115.8211|(1036.9, 515.2)
115.8377|(1046.4, 524.8)
115.8712|(1049.5, 524.6)
115.888|(1051.2, 517.8)
115.9045|(1045.3, 525.3)
115.9213|(1043.0, 514.3)
115.9382|(1042.0, 508.6)
115.9545|(1034.8, 511.2)
115.9712|(1021.6, 453.8)
115.9881|(1016.6, 419.1)
116.0214|(1000.9, 373.0)
116.0382|(998.2, 361.8)
116.0715|(997.6, 358.7)
116.0883|(996.5, 359.1)
116.1048|(995.2, 360.8)
116.1215|(985.4, 376.4)
116.1382|(973.0, 387.2)
116.1718|(972.1, 388.4)
116.1883|(972.1, 390.2)
116.205|(972.4, 396.0)
116.2217|(972.5, 397.1)
116.2384|(967.2, 405.9)
116.2551|(967.8, 404.3)
116.2719|(967.5, 401.3)
116.2885|(969.4, 402.6)
116.3218|(971.1, 405.8)
116.3386|(969.6, 406.3)
116.3553|(971.1, 406.7)
116.372|(974.6, 407.1)
116.3887|(977.8, 394.0)
116.4054|(977.7, 386.0)
116.4219|(983.4, 356.2)
116.439|(986.7, 344.4)
116.4723|(992.1, 304.6)
116.4888|(1001.0, 294.2)
116.5223|(993.1, 306.0)
116.5389|(992.6, 306.5)
116.5556|(996.8, 305.9)
116.5722|(998.2, 308.0)
116.5892|(1011.4, 318.6)
116.6226|(1016.6, 325.4)
116.6391|(1015.7, 322.7)
116.6559|(776.2, 417.9)
116.6726|(780.5, 414.9)
116.6893|(754.0, 420.5)
116.7058|(751.4, 417.4)
116.7229|(749.2, 414.3)
116.7393|(750.1, 415.9)
116.7726|(763.4, 419.7)
116.7891|(763.4, 416.1)
116.806|(759.2, 409.2)
116.8227|(737.7, 405.1)
116.8393|(725.9, 403.8)
116.8564|(724.6, 403.0)
116.8727|(695.4, 398.0)
116.8897|(703.4, 399.2)
116.9231|(706.0, 396.3)
116.9396|(739.9, 396.3)
116.9563|(906.8, 388.0)
116.973|(929.0, 387.9)
116.9901|(946.6, 389.0)
117.0063|(952.9, 393.3)
117.0232|(955.8, 393.5)
117.0397|(959.5, 400.8)
117.0733|(955.3, 408.8)
117.1067|(959.6, 413.9)
117.1234|(961.1, 414.0)
117.1399|(964.5, 414.6)
117.1566|(966.8, 410.7)
117.1736|(967.2, 409.0)
117.1901|(967.5, 409.0)
117.2235|(967.7, 405.8)
117.2402|(946.0, 405.0)
117.257|(894.5, 406.2)
117.2735|(874.2, 408.4)
117.2901|(865.4, 409.4)
117.3069|(838.5, 408.9)
117.3235|(837.5, 408.1)
117.3403|(837.7, 407.5)
117.374|(838.4, 405.6)
117.3904|(842.5, 408.9)
117.4071|(856.4, 408.6)
117.4236|(927.7, 404.6)
117.4405|(929.4, 403.7)
117.4571|(929.4, 403.7)
117.4739|(928.6, 403.4)
117.4904|(932.3, 396.7)
117.524|(938.9, 404.1)
117.5406|(1021.5, 401.5)
117.5579|(1031.2, 400.8)
117.5741|(1034.6, 400.3)
117.5907|(1056.6, 398.5)
117.6073|(1056.0, 398.3)
117.6242|(1055.9, 394.0)
117.6408|(1056.4, 392.9)
117.6743|(1054.6, 390.5)
117.6908|(1053.2, 388.8)
117.7078|(1052.6, 387.9)
117.7241|(1050.2, 389.1)
117.7408|(1050.1, 389.6)
117.7576|(1049.3, 391.2)
117.7743|(1045.5, 391.8)
117.7912|(1028.0, 396.5)
117.8244|(1021.2, 395.7)
117.8412|(1013.7, 393.6)
117.8577|(1015.5, 394.0)
117.8745|(1015.2, 396.2)
117.8913|(1014.9, 396.3)
117.9079|(1013.7, 397.5)
117.9245|(1013.8, 397.7)
117.9412|(1015.4, 396.5)
117.9746|(1017.4, 395.0)
117.9913|(1012.6, 393.9)
118.0081|(983.9, 402.2)
118.0247|(970.8, 406.1)
118.0413|(770.3, 468.0)
118.0581|(748.6, 475.9)
118.0748|(737.1, 479.8)
118.0916|(720.1, 485.6)
118.1083|(722.7, 486.0)
118.1418|(717.4, 492.9)
118.1585|(721.2, 489.0)
118.1749|(722.1, 488.5)
118.1915|(723.6, 479.4)
118.2086|(724.3, 477.7)
118.2251|(727.6, 477.2)
118.2418|(727.7, 476.9)
118.2751|(729.5, 472.9)
118.2919|(742.7, 473.0)
118.3085|(786.6, 482.1)
118.3252|(792.1, 482.0)
118.3419|(795.3, 481.5)
118.3586|(802.3, 480.7)
118.3753|(803.0, 480.1)
118.3921|(803.3, 481.0)
118.4255|(807.0, 478.8)
118.4421|(807.2, 478.8)
118.4587|(797.8, 487.1)
118.4755|(795.4, 489.1)
118.4921|(796.2, 493.0)
118.5089|(798.8, 494.2)
118.5256|(799.4, 497.8)
118.5423|(798.3, 496.8)
118.5759|(800.8, 498.5)
118.5927|(800.7, 502.0)
118.6091|(800.7, 502.3)
118.6256|(812.0, 502.7)
118.6592|(832.9, 502.7)
118.6759|(824.8, 504.6)
118.7927|(841.4, 548.8)
118.8428|(976.3, 432.4)
118.8761|(974.1, 480.7)
118.9095|(1028.5, 515.1)
118.9262|(1043.8, 517.9)
118.9428|(1050.6, 520.9)
118.9597|(1047.4, 519.0)
118.9764|(1050.3, 517.8)
118.993|(1069.6, 516.3)
119.0098|(1069.6, 516.8)
119.0264|(1068.4, 513.9)
119.0598|(1067.9, 513.9)
119.0766|(1063.6, 513.2)
119.0933|(1054.0, 502.8)
119.1098|(1028.6, 489.8)
119.1266|(884.9, 425.3)
119.1432|(863.7, 417.0)
119.1768|(843.1, 408.0)
119.1934|(811.0, 393.5)
119.2101|(805.9, 388.7)
119.2268|(804.8, 387.2)
119.2436|(803.2, 385.4)
119.2602|(803.0, 382.9)
119.2769|(802.4, 385.1)
119.3269|(801.6, 384.2)
119.3602|(803.0, 389.7)
119.377|(805.0, 392.6)
119.4104|(807.2, 393.6)
119.4271|(806.1, 393.6)
119.4605|(807.7, 396.6)
119.4771|(804.0, 403.7)
119.4938|(806.6, 405.9)
119.5107|(803.8, 406.4)
119.5274|(844.3, 399.7)
119.5441|(841.7, 399.5)
119.5606|(838.2, 399.5)
119.5773|(856.2, 389.4)
119.5939|(857.1, 387.9)
119.6273|(863.3, 390.2)
119.6445|(863.1, 385.7)
119.6609|(849.3, 367.8)
119.6774|(789.8, 319.3)
119.6942|(789.3, 322.4)
119.7111|(789.3, 321.8)
119.7277|(755.3, 297.4)
119.7442|(753.7, 296.2)
119.7777|(741.1, 286.9)
119.8111|(728.3, 283.7)
119.8278|(726.7, 284.2)
119.8612|(721.9, 284.3)
119.8779|(720.8, 286.6)
119.9112|(752.8, 287.1)
119.9278|(754.8, 278.6)
119.9447|(762.9, 277.8)
119.9613|(790.4, 276.0)
119.978|(838.5, 276.7)
119.9949|(838.1, 276.4)
120.0112|(838.9, 275.1)
120.0447|(840.9, 275.2)
120.0785|(956.8, 284.9)
120.0949|(1032.6, 291.2)
120.1115|(1056.4, 293.9)
120.1283|(1056.2, 293.9)
120.1449|(1055.9, 293.7)
120.1617|(1052.9, 296.9)
120.1784|(1053.3, 295.7)
120.195|(1053.8, 295.3)
120.2118|(1053.1, 295.6)
120.2285|(1036.2, 306.2)
120.2451|(1108.0, 308.8)
120.2618|(1113.9, 305.6)
120.2786|(1115.1, 305.0)
120.2952|(1133.8, 302.0)
120.3121|(1135.2, 301.5)
120.3286|(1141.7, 298.8)
120.3454|(1143.8, 296.8)
120.3619|(1137.6, 301.4)
120.3787|(1137.9, 301.3)
120.4122|(1143.2, 301.0)
120.4288|(1143.8, 308.9)
120.4455|(1144.5, 316.1)
120.4623|(1136.9, 363.9)
120.4788|(1134.3, 367.2)
120.4955|(1131.9, 371.5)
120.5124|(1123.1, 394.9)
120.5291|(1121.7, 394.1)
120.5457|(1121.9, 391.5)
120.5623|(1123.4, 391.2)
120.5791|(1124.6, 391.7)
120.5959|(1127.8, 391.7)
120.6125|(1126.7, 390.9)
120.629|(1124.9, 389.2)
120.6625|(1113.5, 387.4)
120.6796|(1097.8, 386.5)
120.6958|(1095.1, 388.2)
120.7127|(1090.1, 388.4)
120.7294|(1073.9, 379.1)
120.7461|(1042.6, 372.5)
120.7627|(1049.0, 382.1)
120.7795|(1051.8, 382.5)
120.796|(1037.7, 383.1)
120.8128|(1046.0, 386.4)
120.8293|(1053.1, 396.7)
120.8461|(1043.1, 392.4)
120.8629|(1034.0, 430.3)
120.8795|(1028.8, 475.2)
120.8964|(1027.9, 486.1)
120.913|(1026.4, 502.1)
120.9296|(1026.6, 501.2)
120.9463|(1027.1, 504.3)
120.963|(1030.9, 493.4)
120.9796|(1031.2, 488.7)
120.9965|(1030.3, 488.1)
121.0131|(1029.1, 487.1)
121.0298|(1030.1, 477.4)
121.0465|(1028.8, 474.8)
121.0631|(1030.1, 472.1)
121.0799|(1019.4, 485.9)
121.1133|(1022.3, 482.8)
121.13|(1029.7, 481.0)
121.1464|(1031.1, 497.9)
121.1633|(1031.8, 498.6)
121.18|(1030.8, 495.4)
121.1967|(1024.9, 511.0)
121.2133|(1027.1, 505.6)
121.247|(955.3, 464.2)
121.2637|(925.8, 439.6)
121.2802|(874.9, 403.9)
121.3137|(876.8, 397.3)
121.3302|(878.6, 394.4)
121.347|(862.9, 375.0)
121.3804|(878.7, 377.2)
121.4137|(888.5, 377.9)
121.4303|(890.1, 382.1)
121.4471|(895.9, 387.7)
121.4639|(906.3, 398.0)
121.4805|(923.3, 401.8)
121.4972|(974.5, 407.1)
121.5139|(983.9, 407.4)
121.5307|(997.0, 406.5)
121.5641|(1026.0, 413.0)
121.5807|(1025.5, 413.5)
121.5973|(1021.9, 436.4)
121.614|(1029.0, 466.4)
121.6307|(1027.5, 467.6)
121.6475|(1025.9, 471.1)
121.6643|(1027.2, 474.8)
121.6807|(1027.2, 474.0)
121.7143|(1029.3, 454.9)
121.7644|(1030.7, 453.1)
121.7811|(1033.1, 453.2)
121.7979|(891.9, 376.4)
121.8313|(886.7, 374.8)
121.9814|(958.2, 176.8)
122.0315|(939.8, 394.9)
122.048|(939.4, 403.0)
122.065|(941.1, 408.3)
122.0814|(950.8, 407.7)
122.0982|(947.1, 408.3)
122.1148|(965.4, 417.0)
122.1315|(1180.8, 553.7)
122.165|(1495.1, 725.7)
122.1817|(1413.5, 683.4)
122.1985|(1474.1, 714.9)
122.215|(1482.6, 712.7)
122.2318|(1530.2, 732.1)
122.2484|(1547.8, 662.5)
122.2822|(1547.4, 648.1)
122.3154|(1548.0, 638.5)
122.3322|(1526.7, 641.5)
122.3487|(1533.6, 633.9)
122.3654|(1530.4, 645.0)
122.382|(1524.3, 649.1)
122.4156|(1511.4, 686.8)
122.4321|(1217.4, 606.1)
122.4655|(1201.0, 608.7)
122.4821|(1106.6, 575.7)
122.499|(955.9, 521.0)
122.5156|(954.0, 518.5)
122.5322|(947.1, 493.0)
122.5488|(945.5, 492.1)
122.5656|(942.6, 490.6)
122.5824|(934.2, 489.8)
122.6159|(935.3, 489.7)
122.6323|(930.9, 498.0)
122.649|(940.6, 489.0)
122.6658|(993.4, 462.6)
122.6827|(1003.6, 455.9)
122.6991|(1007.4, 444.6)
122.7158|(1016.8, 435.5)
122.7328|(1018.2, 430.9)
122.766|(1018.1, 410.6)
122.7827|(1019.1, 405.0)
122.7994|(1020.3, 404.1)
122.8162|(1021.6, 402.0)
122.8328|(1020.4, 408.4)
122.8661|(1028.5, 409.9)
122.8828|(1038.5, 405.1)
122.9163|(1048.2, 400.1)
122.933|(1051.4, 400.9)
122.9497|(1064.1, 404.9)
122.9663|(1067.5, 405.4)
122.9831|(1068.1, 405.2)
122.9998|(1070.8, 401.3)
123.0164|(1068.0, 399.7)
123.1667|(1031.5, 414.6)
123.1832|(973.1, 390.1)
123.2167|(994.8, 400.1)
123.2334|(1028.4, 427.5)
123.2503|(1061.8, 426.8)
123.267|(1055.7, 429.5)
123.2837|(1051.1, 427.8)
123.317|(1028.1, 435.8)
123.3336|(1011.9, 435.1)
123.367|(984.9, 443.2)
123.3838|(977.7, 446.5)
123.4004|(963.1, 454.1)
123.4172|(965.3, 448.5)
123.4674|(968.5, 435.4)
123.5173|(968.0, 431.3)
123.5341|(970.8, 424.4)
123.5674|(963.9, 428.9)
123.584|(945.5, 426.6)
123.6007|(802.8, 427.7)
123.6174|(791.3, 427.6)
123.6341|(777.0, 421.5)
123.6675|(753.1, 418.4)
123.6841|(750.9, 416.3)
123.7008|(751.2, 415.8)
123.7175|(747.9, 420.9)
123.7343|(748.3, 419.7)
123.751|(748.1, 413.7)
123.7677|(712.0, 410.1)
123.7843|(721.9, 408.7)
123.8177|(708.6, 403.9)
123.8345|(702.1, 400.2)
123.8511|(694.6, 411.2)
123.8679|(693.9, 398.1)
123.9013|(693.7, 401.6)
123.9178|(694.0, 400.9)
123.9347|(695.2, 388.4)
123.968|(694.2, 386.6)
123.9848|(691.4, 383.8)
124.0017|(692.4, 383.8)
124.0182|(698.4, 384.6)
124.0349|(959.1, 412.0)
124.0514|(1012.5, 413.6)
124.0681|(1028.7, 414.6)
124.0847|(1026.9, 415.4)
124.1181|(1025.3, 414.8)
124.1349|(1023.7, 415.1)
124.1516|(1024.1, 414.6)
124.1683|(1025.6, 419.7)
124.1851|(1026.5, 419.0)
124.2017|(1028.6, 413.4)
124.2183|(1026.3, 407.1)
124.2351|(1025.9, 401.5)
124.2688|(1025.7, 396.8)
124.2851|(1031.6, 396.5)
124.302|(1041.7, 399.7)
124.3186|(1064.9, 412.4)
124.3521|(1059.2, 421.2)
124.3686|(1054.1, 418.8)
124.3852|(1053.4, 419.4)
124.4188|(1051.9, 418.8)
124.4355|(1054.7, 414.7)
124.4523|(1051.3, 411.4)
124.4855|(1053.2, 412.7)
124.5023|(1054.2, 392.1)
124.5188|(1055.3, 392.0)
124.5355|(1055.4, 390.0)
124.5691|(1059.3, 380.2)
124.5856|(1060.5, 377.2)
124.6024|(1063.4, 376.6)
124.6191|(1066.3, 378.6)
124.6357|(1066.3, 381.9)
124.8027|(204.3, 789.7)
124.8195|(198.1, 739.5)
124.8359|(74.1, 782.3)
124.8697|(104.6, 790.4)
124.8863|(13.7, 829.4)
124.9029|(8.6, 853.2)
124.9195|(142.6, 845.5)
124.9363|(139.2, 844.4)
124.9531|(132.7, 856.2)
124.9696|(150.1, 866.1)
124.9862|(114.9, 878.7)
125.0198|(116.6, 892.8)
125.0364|(37.6, 912.4)
125.1031|(45.6, 933.0)
125.1198|(35.8, 925.3)
125.1367|(32.8, 919.8)
125.1701|(29.6, 908.4)
125.1866|(16.5, 937.3)
125.2034|(35.5, 945.7)
125.2202|(11.9, 932.2)
125.2366|(82.9, 938.3)
125.2535|(76.1, 936.4)
125.2704|(73.4, 930.9)
125.4873|(1034.5, 440.8)
125.5206|(1008.4, 482.8)
125.5373|(1010.1, 631.6)
125.5873|(1036.6, 516.1)
125.6372|(1068.6, 480.2)
125.6542|(1095.0, 485.3)
125.6708|(1085.4, 481.3)
125.721|(1116.5, 436.7)
125.7708|(1110.9, 429.7)
125.8044|(1108.4, 427.4)
125.8546|(1047.9, 247.3)
125.9379|(1057.9, 352.6)
125.988|(1057.9, 344.9)
126.038|(1062.0, 321.6)
126.0718|(1053.0, 291.8)
126.2552|(1011.2, 66.3)
126.2888|(986.4, 52.6)
126.3053|(1068.9, 45.5)
126.3219|(988.1, 78.6)
126.3386|(955.4, 89.0)
126.3721|(1039.9, 117.9)
126.3887|(929.5, 208.5)
126.422|(931.9, 206.1)
126.4389|(888.5, 249.0)
126.4721|(864.7, 278.8)
126.4888|(840.6, 297.8)
126.5224|(823.1, 272.7)
126.5557|(855.8, 301.3)
126.5723|(855.5, 299.7)
126.6057|(802.3, 291.7)
126.6225|(818.7, 289.5)
126.6725|(807.9, 300.5)
126.6892|(792.8, 314.8)
126.706|(773.2, 352.1)
126.7393|(758.1, 354.6)
126.756|(748.6, 352.0)
126.7728|(733.6, 365.9)
126.7893|(734.7, 366.8)
126.8228|(720.9, 372.4)
126.8395|(725.0, 375.7)
126.8731|(779.2, 383.9)
126.8894|(853.3, 382.2)
126.923|(910.7, 395.3)
126.9398|(928.9, 391.9)
126.9731|(913.4, 407.8)
127.0068|(919.6, 408.1)
127.0229|(914.7, 409.7)
127.0397|(927.7, 412.4)
127.0564|(934.1, 413.1)
127.0732|(938.6, 412.9)
127.0899|(903.0, 413.1)
127.1233|(873.7, 409.9)
127.14|(876.4, 410.0)
127.1568|(892.3, 411.4)
127.1732|(960.1, 413.4)
127.1899|(986.0, 414.1)
127.2068|(1006.7, 415.3)
127.2234|(1028.1, 416.2)
127.2402|(1055.3, 409.3)
127.2736|(1042.3, 410.1)
127.2903|(1046.8, 398.6)
127.3069|(1043.2, 396.7)
127.3235|(1031.0, 371.3)
127.3405|(1027.5, 361.6)
127.3571|(1030.6, 363.5)
127.374|(1034.3, 368.9)
127.3904|(1029.7, 357.3)
127.4238|(1018.9, 320.7)
127.4571|(1020.0, 319.4)
127.474|(1016.3, 320.4)
127.4904|(1013.8, 321.0)
127.5072|(1012.9, 322.2)
127.5239|(1011.4, 322.3)
127.5407|(1013.2, 317.3)
127.574|(1042.4, 305.7)
127.5907|(1047.2, 301.3)
127.6074|(1065.8, 299.2)
127.624|(1097.1, 298.7)
127.6407|(1100.0, 297.7)
127.6576|(1100.7, 295.2)
127.6741|(1098.0, 290.9)
127.6909|(1097.5, 289.4)
127.7242|(1096.0, 280.0)
127.741|(1083.3, 281.4)
127.7574|(1029.7, 288.7)
127.7743|(971.9, 296.2)
127.7911|(965.7, 297.4)
127.8076|(960.0, 298.3)
127.8245|(958.0, 299.0)
127.8413|(954.7, 299.6)
127.8746|(952.3, 297.7)
127.9081|(952.5, 296.8)
127.9248|(924.7, 287.4)
127.9416|(1115.0, 400.5)
127.9581|(1098.2, 391.3)
127.9748|(1209.1, 471.0)
127.9915|(1465.2, 623.7)
128.0248|(1500.0, 639.3)
128.0416|(1646.5, 643.9)
128.058|(1638.0, 657.8)
128.0749|(1639.0, 647.9)
128.0922|(1609.7, 630.2)
128.1085|(1594.0, 615.3)
128.1251|(1558.7, 585.7)
128.1419|(1542.9, 568.6)
128.1751|(1530.9, 559.5)
128.1918|(1551.5, 561.3)
128.2084|(1589.3, 570.4)
128.2251|(1613.2, 582.6)
128.2422|(1628.5, 586.2)
128.2586|(1623.7, 584.3)
128.2755|(1624.3, 584.5)
128.2919|(1626.2, 584.8)
128.3253|(1637.2, 584.2)
128.3419|(1638.8, 575.0)
128.3585|(1639.6, 575.0)
128.3754|(1636.1, 575.4)
128.3924|(1611.4, 565.7)
128.409|(1584.5, 557.3)
128.4255|(1603.9, 565.4)
128.4423|(1606.0, 562.4)
128.4589|(1613.8, 566.0)
128.4924|(1647.1, 572.0)
128.5093|(1649.7, 573.4)
128.5256|(1652.0, 572.9)
128.5423|(1651.5, 573.0)
128.5591|(1656.8, 578.6)
128.5758|(1657.9, 579.7)
128.5925|(1672.0, 597.0)
128.6258|(1673.2, 614.6)
128.6427|(1684.9, 622.8)
128.6593|(1684.9, 621.1)
128.6759|(1683.4, 620.4)
128.6926|(1682.6, 618.8)
128.7097|(1673.9, 606.8)
128.726|(1672.1, 603.6)
128.7429|(1678.2, 609.2)
128.7761|(1687.0, 618.6)
128.7926|(1684.3, 616.5)
128.8093|(1676.3, 607.1)
128.8261|(1681.4, 597.3)
128.8429|(1673.1, 591.4)
128.8594|(1646.2, 567.2)
128.8762|(1650.0, 572.8)
128.8928|(1657.1, 578.0)
128.9094|(1668.9, 586.6)
128.9262|(1675.4, 582.0)
128.9428|(1669.6, 582.2)
128.9598|(1651.0, 575.4)
128.9763|(1647.7, 574.0)
128.9931|(1642.9, 572.4)
129.0098|(1630.0, 565.7)
129.0264|(1615.8, 551.9)
129.0431|(1621.2, 560.7)
129.0767|(1612.9, 549.7)
129.0933|(1611.4, 553.0)
129.11|(1599.2, 548.3)
129.1266|(1592.5, 544.3)
129.1434|(1599.8, 548.5)
129.1601|(1608.0, 548.8)
129.177|(1629.7, 560.2)
129.2267|(1632.6, 575.7)
129.2434|(1633.8, 576.9)
129.3437|(1664.2, 605.6)
129.3602|(830.3, 759.2)
129.3771|(848.0, 828.7)
129.3936|(850.6, 897.7)
129.4105|(852.3, 905.9)
129.4271|(855.6, 903.2)
129.4438|(852.1, 934.0)
129.4604|(843.9, 962.4)
129.4772|(844.4, 942.3)
129.4938|(838.4, 950.4)
129.5273|(818.2, 1019.4)
129.5441|(794.4, 1015.6)
129.5605|(791.0, 1039.2)
129.5773|(792.6, 1022.5)
129.5941|(794.2, 1030.2)
129.6109|(789.4, 1020.4)
129.6276|(786.1, 1007.1)
129.6608|(785.1, 1010.5)
129.6777|(785.9, 1010.4)
