908.9908|(791.9, 921.5)
909.0275|(789.6, 923.4)
909.0461|(789.9, 926.9)
909.0631|(793.1, 925.6)
909.0964|(794.1, 924.6)
909.1132|(793.9, 925.1)
909.1299|(793.4, 924.7)
909.1465|(790.6, 922.0)
909.163|(788.3, 920.7)
909.1798|(784.4, 915.6)
909.1967|(784.3, 909.6)
909.2133|(780.8, 914.3)
909.2466|(765.7, 925.5)
909.2634|(755.4, 926.3)
909.2801|(727.5, 960.6)
909.2968|(713.5, 953.4)
909.3133|(709.1, 952.7)
909.3303|(727.3, 949.6)
909.3468|(726.5, 947.3)
909.3635|(718.6, 945.6)
909.3972|(710.5, 947.3)
909.4137|(695.7, 938.6)
909.4302|(666.1, 939.7)
909.4639|(649.2, 936.0)
909.4805|(642.1, 931.8)
909.4969|(638.9, 931.6)
909.5137|(637.9, 929.4)
909.5472|(639.3, 922.6)
909.5638|(647.4, 916.1)
909.5803|(644.1, 916.6)
909.5974|(648.5, 914.2)
909.6136|(652.0, 914.8)
909.6304|(649.8, 918.5)
909.647|(649.2, 921.4)
909.6639|(648.2, 924.1)
909.6972|(648.0, 929.3)
909.7142|(646.1, 936.4)
909.7308|(644.5, 937.8)
909.7473|(648.6, 927.2)
909.764|(625.3, 931.5)
909.7807|(624.8, 931.3)
909.7975|(625.8, 927.6)
909.814|(646.4, 897.2)
909.8474|(645.1, 891.6)
909.8643|(649.2, 881.8)
909.8808|(640.5, 880.5)
909.8976|(637.4, 879.4)
909.9141|(639.3, 875.7)
909.9309|(643.6, 873.9)
909.9475|(640.1, 876.5)
909.9642|(626.2, 885.3)
909.9976|(621.9, 888.4)
910.0143|(608.5, 909.7)
910.0309|(611.1, 906.3)
910.0479|(611.0, 905.9)
910.0644|(608.4, 907.5)
910.0811|(606.4, 907.5)
910.0979|(612.7, 905.6)
910.1145|(634.9, 899.2)
910.1479|(677.7, 895.2)
910.1813|(701.3, 910.1)
910.1981|(702.7, 914.6)
910.2146|(704.0, 928.0)
910.2314|(701.8, 933.6)
910.248|(699.7, 937.0)
910.265|(689.7, 945.6)
910.2982|(688.1, 955.9)
910.3149|(682.6, 956.9)
910.3317|(673.5, 974.6)
910.3481|(682.8, 975.0)
910.3649|(692.1, 950.3)
910.3815|(709.9, 899.5)
910.3986|(711.5, 846.2)
910.415|(708.5, 831.8)
910.4485|(713.5, 780.3)
910.4652|(708.8, 740.2)
910.4817|(699.5, 729.3)
910.4984|(702.1, 732.2)
910.5153|(703.1, 736.8)
910.5321|(702.3, 742.2)
910.5485|(700.5, 772.6)
910.5654|(700.4, 781.2)
910.5991|(700.0, 789.8)
910.6322|(693.4, 831.0)
910.6486|(693.3, 858.6)
910.6655|(676.4, 884.9)
910.6819|(682.6, 893.2)
910.6989|(688.4, 930.0)
910.7155|(683.2, 919.0)
910.749|(689.5, 936.9)
910.7657|(706.4, 919.3)
910.7823|(706.2, 922.0)
910.799|(688.8, 935.5)
910.8157|(694.3, 935.6)
910.8325|(693.0, 946.2)
910.849|(686.4, 933.5)
910.8658|(682.5, 927.1)
910.8992|(681.7, 924.4)
910.9159|(670.0, 920.4)
910.9324|(669.9, 920.6)
910.9492|(668.2, 922.0)
910.9661|(667.6, 923.6)
910.9826|(663.3, 930.7)
910.9994|(663.5, 932.3)
911.016|(666.1, 934.6)
911.0493|(661.8, 941.7)
911.0663|(682.5, 948.3)
911.0829|(702.8, 951.6)
911.0995|(726.6, 957.3)
911.1161|(736.3, 956.9)
911.1331|(741.1, 956.1)
911.1498|(758.8, 977.4)
911.1665|(758.3, 984.5)
911.1998|(745.5, 1019.9)
911.2164|(731.4, 1060.5)
911.233|(726.2, 1072.6)
911.2496|(708.9, 1082.0)
911.2664|(706.1, 1083.7)
911.2831|(708.9, 1097.9)
911.3165|(727.1, 1082.5)
911.3666|(762.3, 1063.1)
911.4001|(812.5, 1049.0)
911.4167|(813.5, 1053.7)
911.4333|(816.8, 1055.4)
911.4501|(817.1, 1055.1)
911.4669|(819.0, 1050.3)
911.5002|(825.3, 1042.1)
911.5168|(877.8, 1044.7)
911.5336|(882.6, 1046.1)
911.5501|(919.6, 1049.5)
911.5668|(918.5, 1031.2)
911.5836|(927.6, 1027.7)
911.6005|(931.1, 1003.0)
911.6172|(937.7, 954.8)
911.6338|(938.8, 950.9)
911.6673|(943.3, 948.0)
911.6837|(943.2, 949.6)
911.7005|(945.6, 950.2)
911.7171|(952.2, 953.5)
911.7339|(959.7, 954.4)
911.7507|(974.4, 959.6)
911.8008|(991.0, 964.5)
911.8175|(1002.3, 953.8)
911.8341|(1018.2, 947.4)
911.8507|(1014.0, 962.5)
911.8843|(1035.9, 937.2)
911.9008|(1037.4, 938.5)
911.9176|(1040.9, 942.2)
911.9509|(1075.2, 959.5)
911.9675|(1119.1, 949.8)
911.9843|(1111.9, 939.8)
912.0012|(1110.1, 958.4)
912.0176|(1120.9, 950.4)
912.0345|(1121.6, 952.6)
912.0511|(1125.2, 967.5)
912.068|(1129.7, 962.7)
912.0846|(1091.2, 999.2)
912.1012|(1095.6, 999.1)
912.118|(995.3, 1003.0)
912.1347|(972.0, 1007.2)
912.1512|(901.1, 1015.7)
912.168|(889.8, 1013.9)
912.1846|(835.0, 1008.3)
912.2014|(829.0, 1005.8)
912.218|(830.1, 1003.4)
912.2515|(828.4, 987.8)
912.2684|(828.9, 987.4)
912.2847|(830.3, 982.7)
912.3015|(835.9, 977.6)
912.3182|(836.8, 976.5)
912.3349|(840.0, 971.7)
912.3516|(837.5, 965.8)
912.3682|(837.8, 964.1)
912.4019|(838.2, 959.9)
912.4351|(817.7, 943.2)
912.4518|(809.8, 933.2)
912.4685|(809.3, 902.7)
912.4852|(808.4, 907.9)
912.5018|(801.4, 903.0)
912.5186|(801.5, 904.8)
912.5355|(802.1, 907.2)
912.5519|(805.4, 902.6)
912.5686|(803.4, 902.6)
912.5853|(804.7, 902.2)
912.6187|(853.5, 895.7)
912.6354|(874.3, 883.3)
912.652|(884.8, 880.7)
912.6689|(906.0, 863.8)
912.7022|(937.7, 847.3)
912.7189|(925.5, 870.2)
912.7355|(923.3, 878.3)
912.7521|(916.6, 876.1)
912.769|(917.5, 878.8)
912.7857|(928.3, 880.9)
912.8024|(964.1, 886.9)
912.8524|(992.9, 892.4)
912.869|(1012.3, 904.4)
912.8857|(1012.6, 904.7)
912.9025|(1017.4, 906.4)
912.9193|(1020.0, 906.9)
912.936|(1019.2, 906.3)
912.9527|(1019.2, 903.0)
912.9692|(1044.4, 898.4)
912.986|(1056.1, 903.8)
913.0026|(1105.6, 925.6)
913.0193|(1116.5, 929.5)
913.0361|(1117.6, 930.3)
913.0529|(1143.3, 942.2)
913.0696|(1154.4, 960.2)
913.0861|(1156.3, 957.5)
913.103|(1171.3, 961.8)
913.1196|(1193.5, 969.5)
913.1531|(1220.2, 978.8)
913.1696|(1226.9, 965.6)
913.1864|(1213.0, 946.2)
913.2032|(1150.6, 979.2)
913.2198|(856.3, 986.1)
913.2363|(828.6, 984.9)
913.2534|(887.0, 984.7)
913.2699|(804.5, 973.2)
913.2864|(685.3, 961.1)
913.3032|(681.9, 955.6)
913.3198|(688.2, 990.5)
913.3366|(677.1, 982.9)
913.3532|(674.8, 976.7)
913.3701|(665.9, 971.0)
913.3867|(623.8, 940.9)
913.4034|(620.0, 938.0)
913.4202|(619.9, 937.9)
913.4368|(623.8, 936.4)
913.4535|(607.7, 930.1)
913.4702|(598.8, 924.7)
913.487|(591.1, 951.0)
913.5035|(565.3, 936.1)
913.5202|(593.7, 930.6)
913.537|(589.2, 934.1)
913.5536|(580.2, 937.0)
913.5704|(595.5, 934.1)
913.5869|(608.2, 932.8)
913.6039|(603.2, 930.3)
913.6204|(619.7, 943.2)
913.637|(628.9, 941.3)
913.6539|(628.2, 939.9)
913.6705|(628.6, 942.9)
913.6872|(632.8, 945.8)
913.7038|(638.0, 952.5)
913.7371|(634.8, 958.2)
913.7539|(636.1, 965.0)
913.7705|(620.3, 983.7)
913.7872|(617.9, 988.5)
913.8041|(621.0, 1000.6)
913.8208|(652.7, 1020.2)
913.8374|(668.1, 1026.0)
913.8708|(654.7, 1030.2)
913.8876|(656.7, 1032.3)
913.9041|(663.3, 1033.7)
913.9208|(679.4, 1034.7)
913.9377|(683.9, 1029.0)
913.9541|(693.6, 1015.6)
913.971|(693.5, 1017.7)
913.9875|(699.5, 1001.1)
914.0045|(704.1, 993.3)
914.021|(706.0, 989.6)
914.0379|(706.8, 988.1)
914.0544|(710.1, 984.3)
914.0713|(775.9, 989.7)
914.088|(799.4, 989.7)
914.1046|(799.9, 989.6)
914.1212|(809.6, 992.4)
914.138|(810.4, 993.2)
914.1546|(806.5, 989.0)
914.188|(803.0, 993.7)
914.2048|(803.3, 1000.0)
914.2214|(803.3, 1003.5)
914.238|(803.6, 1006.0)
914.2548|(803.7, 1005.7)
914.2715|(806.8, 1009.3)
914.2881|(813.5, 1008.1)
914.3215|(875.7, 1008.8)
914.3384|(882.8, 1009.5)
914.355|(894.2, 1015.4)
914.3715|(907.9, 1012.3)
914.3884|(908.0, 1017.3)
914.4053|(911.5, 1023.2)
914.4218|(937.3, 1033.7)
914.4385|(945.2, 1036.4)
914.4551|(951.9, 1037.4)
914.4719|(964.3, 1044.3)
914.4885|(981.7, 1045.0)
914.5051|(978.3, 1037.9)
914.5219|(979.8, 1034.7)
914.5386|(976.2, 1036.7)
914.5552|(981.0, 1039.9)
914.572|(979.4, 1031.6)
914.5886|(978.7, 1032.1)
914.6054|(999.7, 1016.6)
914.6387|(1007.6, 1022.2)
914.6555|(1017.3, 1019.9)
914.6723|(1040.2, 1021.4)
914.6888|(1078.7, 1007.9)
914.7054|(1080.7, 1008.8)
914.7222|(1072.8, 1036.9)
914.7389|(1079.4, 1025.7)
914.7556|(1073.5, 1038.9)
914.7889|(1071.4, 1042.0)
914.8058|(1069.2, 1044.8)
914.8223|(1072.5, 1033.4)
914.8392|(1071.5, 1017.2)
914.8557|(1051.2, 1018.0)
914.8727|(1036.6, 1033.1)
914.9894|(1069.7, 941.8)
915.006|(1091.2, 981.3)
915.0227|(1087.8, 963.9)
915.0395|(1080.9, 969.9)
915.0563|(1062.3, 977.1)
915.0896|(1041.7, 983.8)
915.1063|(1039.6, 980.1)
915.1395|(1020.4, 929.7)
915.1563|(1022.5, 950.4)
915.173|(957.5, 963.9)
915.1896|(897.2, 966.5)
915.2064|(858.7, 972.4)
915.2397|(864.3, 974.1)
915.2564|(813.7, 982.9)
915.2731|(809.4, 997.9)
915.2899|(805.2, 1006.9)
915.3065|(803.0, 1014.1)
915.3232|(800.2, 1012.4)
915.3567|(786.0, 1004.4)
915.3904|(769.3, 978.5)
915.4067|(767.0, 983.6)
915.4234|(776.6, 989.0)
915.4402|(771.0, 980.7)
915.457|(783.3, 986.8)
915.4736|(786.3, 990.1)
915.4902|(778.2, 980.5)
915.507|(786.9, 995.6)
915.5402|(797.2, 1009.9)
915.557|(810.7, 1005.7)
915.5737|(857.8, 1025.4)
915.5903|(865.1, 1020.5)
915.6071|(867.1, 1022.6)
915.6237|(873.3, 1028.9)
915.6406|(876.7, 1028.6)
915.657|(882.5, 1027.8)
915.6905|(887.8, 1029.2)
915.7072|(892.2, 1024.4)
915.7238|(899.4, 1009.3)
915.7408|(899.3, 1011.9)
915.7573|(905.2, 1011.9)
915.774|(998.9, 945.4)
915.7905|(1000.4, 944.0)
915.8076|(1000.0, 941.5)
915.8407|(1014.3, 925.8)
915.8573|(1030.1, 911.6)
915.8742|(1037.4, 910.2)
915.8909|(1043.9, 911.4)
915.9077|(1066.1, 928.8)
915.941|(1072.8, 939.6)
915.9576|(1074.8, 946.1)
915.9908|(1075.2, 949.1)
916.0079|(1076.0, 950.4)
916.0244|(1077.2, 950.6)
916.0412|(1076.9, 952.2)
916.0577|(1084.2, 955.5)
916.0745|(1117.7, 963.2)
916.0912|(1142.1, 971.5)
916.1078|(1139.8, 976.3)
916.1413|(1142.7, 975.8)
916.1577|(1141.3, 974.8)
916.1746|(1122.6, 960.6)
916.1915|(1091.4, 982.6)
916.2082|(1041.0, 972.8)
916.2249|(973.5, 962.0)
916.2581|(942.0, 958.4)
916.3082|(801.3, 916.2)
916.3248|(787.9, 877.8)
916.3416|(790.4, 883.4)
916.3584|(792.6, 909.9)
916.3917|(783.1, 900.0)
916.4085|(795.6, 904.2)
916.4417|(798.9, 911.0)
916.4583|(827.3, 931.9)
916.4751|(827.7, 928.0)
916.4918|(823.3, 894.7)
916.5085|(873.4, 912.9)
916.5421|(906.9, 920.2)
916.5919|(922.2, 900.3)
916.6254|(919.7, 888.0)
916.642|(918.1, 880.5)
916.6757|(929.9, 875.0)
916.6921|(958.2, 876.7)
916.7088|(974.4, 878.4)
916.7422|(1001.9, 883.0)
916.7589|(1003.0, 885.0)
916.7757|(1003.2, 888.7)
916.7925|(1003.5, 889.5)
916.809|(1002.1, 891.7)
916.8257|(1005.7, 878.1)
916.8425|(1003.1, 879.2)
916.8591|(1026.8, 888.1)
916.8925|(1078.2, 899.8)
916.9093|(1083.6, 902.0)
916.926|(1090.1, 926.3)
916.9426|(1098.0, 913.1)
916.9592|(1096.9, 910.1)
916.976|(1102.6, 920.8)
916.9927|(1104.1, 917.5)
917.0093|(1110.4, 919.3)
917.0428|(1113.2, 916.8)
917.0594|(1144.2, 933.6)
917.0764|(1156.1, 936.5)
917.0927|(1159.1, 936.0)
917.1096|(1169.6, 933.5)
917.1262|(1210.4, 919.6)
917.1428|(1214.7, 918.6)
917.1595|(1228.7, 915.1)
917.1929|(1254.3, 906.6)
917.2098|(1263.1, 908.0)
917.2264|(1255.4, 902.7)
917.2431|(1256.8, 913.9)
917.2598|(1275.0, 919.1)
917.2766|(1270.5, 924.5)
917.2932|(1273.4, 935.5)
917.3098|(1269.1, 942.4)
917.3433|(1222.3, 961.8)
917.3766|(1100.4, 974.8)
917.3933|(834.2, 1017.7)
917.4267|(689.6, 1002.2)
917.4433|(643.7, 1031.1)
917.4599|(604.0, 967.5)
917.4935|(609.2, 1000.3)
917.5102|(604.4, 977.9)
917.5436|(600.7, 973.2)
917.5603|(595.1, 955.2)
917.5771|(580.9, 967.6)
917.5936|(567.1, 957.8)
917.6437|(551.9, 966.9)
917.6771|(510.1, 891.4)
917.6938|(510.3, 886.5)
917.7105|(541.5, 900.1)
917.7272|(547.1, 903.3)
917.7439|(549.1, 899.3)
917.7606|(563.6, 906.5)
917.7939|(576.7, 894.1)
917.8107|(582.5, 873.0)
917.8275|(567.7, 838.8)
917.8442|(576.5, 835.2)
917.8607|(572.9, 828.7)
917.8776|(571.3, 825.8)
917.8942|(576.2, 818.4)
917.9109|(602.8, 815.0)
917.9444|(603.6, 815.7)
917.9611|(585.8, 823.6)
917.9778|(602.6, 823.7)
918.0111|(617.5, 823.6)
918.0278|(634.0, 825.8)
918.0444|(643.1, 832.1)
918.0945|(650.0, 839.9)
918.1113|(659.9, 832.9)
918.128|(666.6, 828.2)
918.1447|(668.1, 826.3)
918.1614|(661.8, 824.0)
918.178|(662.4, 817.6)
918.1946|(661.0, 815.3)
918.2114|(660.1, 811.1)
918.2448|(661.4, 809.0)
918.2614|(662.5, 809.6)
918.2947|(664.5, 808.1)
918.3115|(675.4, 809.7)
918.3282|(694.5, 812.4)
918.345|(757.2, 817.4)
918.3616|(749.9, 814.2)
918.4619|(766.0, 745.1)
918.4785|(793.8, 740.8)
918.4951|(773.3, 763.7)
918.5118|(781.3, 770.7)
918.5455|(783.2, 769.9)
918.562|(783.5, 752.2)
918.5955|(778.8, 711.6)
918.6121|(788.3, 709.2)
918.6287|(792.0, 707.6)
918.6454|(791.4, 716.2)
918.6621|(779.5, 719.7)
918.6956|(764.7, 723.3)
918.7122|(754.6, 724.0)
918.7289|(699.4, 733.8)
918.7458|(665.0, 739.9)
918.7622|(594.9, 778.9)
918.779|(596.1, 778.3)
918.7957|(599.2, 776.5)
918.8124|(597.7, 788.0)
918.8458|(594.4, 795.9)
918.8626|(594.5, 800.4)
918.8792|(598.1, 812.4)
918.8958|(610.2, 876.1)
918.9127|(608.0, 877.1)
918.9291|(605.2, 876.4)
918.9459|(600.9, 879.2)
918.9627|(594.2, 885.8)
918.996|(604.3, 895.2)
919.013|(608.2, 886.3)
919.0461|(609.3, 901.4)
919.0629|(611.4, 902.1)
919.0795|(607.5, 902.0)
919.096|(607.7, 899.7)
919.113|(605.6, 898.4)
919.1462|(597.8, 894.9)
919.163|(596.5, 884.0)
919.1797|(596.5, 883.0)
919.1964|(604.1, 883.6)
919.2131|(595.3, 869.1)
919.2297|(594.9, 869.1)
919.2464|(599.5, 872.0)
919.2631|(608.1, 884.3)
919.2967|(601.3, 879.7)
919.3134|(610.6, 886.5)
919.33|(595.6, 892.4)
919.3467|(595.8, 887.4)
919.3632|(594.3, 887.5)
919.3801|(586.7, 889.2)
919.3966|(568.3, 836.0)
919.4135|(570.0, 835.5)
919.4467|(573.8, 832.2)
919.4636|(570.0, 800.1)
919.4969|(555.4, 790.1)
919.5135|(562.5, 792.3)
919.5301|(561.9, 793.6)
919.5469|(568.7, 797.4)
919.5637|(572.1, 799.4)
919.597|(571.8, 794.1)
919.6138|(574.1, 793.4)
919.6304|(576.9, 789.5)
919.6472|(620.4, 800.1)
919.6636|(621.3, 794.7)
919.6805|(625.8, 797.9)
919.6972|(628.9, 798.2)
919.714|(637.4, 801.7)
919.7475|(648.3, 809.9)
919.7639|(649.0, 809.8)
919.7807|(649.9, 804.7)
919.7972|(654.5, 797.9)
919.8139|(657.7, 794.8)
919.8306|(657.6, 794.5)
919.8475|(669.7, 797.9)
919.8643|(674.4, 799.9)
919.8975|(681.3, 800.8)
919.9141|(729.9, 819.8)
919.9308|(748.8, 825.8)
919.9477|(754.4, 819.1)
919.9642|(757.9, 813.0)
919.981|(757.2, 813.6)
919.9977|(756.8, 813.9)
920.0147|(755.7, 822.9)
920.0479|(769.0, 819.6)
920.0811|(774.2, 820.6)
920.0979|(780.8, 816.6)
920.1312|(791.7, 810.4)
920.1481|(789.9, 814.4)
920.1981|(794.9, 809.5)
920.2148|(797.4, 811.9)
920.2313|(798.4, 815.5)
920.2481|(801.8, 817.9)
920.2646|(811.0, 816.7)
920.2817|(804.8, 815.7)
920.3149|(808.4, 816.6)
920.3483|(819.0, 814.1)
920.3649|(823.1, 805.3)
920.3816|(825.7, 797.0)
920.3983|(798.1, 782.5)
920.415|(681.0, 757.4)
920.4316|(666.6, 756.1)
920.4485|(667.5, 763.8)
920.4651|(664.2, 765.5)
920.4985|(613.8, 775.5)
920.5319|(614.2, 778.5)
920.5488|(615.2, 777.3)
920.5652|(612.7, 775.9)
920.5818|(617.3, 754.4)
920.5987|(611.8, 712.0)
920.6155|(615.5, 646.5)
920.6486|(627.1, 331.9)
920.6655|(627.7, 245.2)
920.6822|(626.2, 162.9)
920.6988|(627.4, 160.6)
920.7155|(627.4, 161.8)
920.7321|(630.3, 159.8)
920.7489|(627.6, 158.4)
920.7656|(622.6, 158.1)
920.799|(618.1, 165.3)
920.8159|(608.4, 186.6)
920.8325|(606.7, 191.0)
920.8492|(605.4, 192.9)
920.8659|(603.7, 191.7)
920.8826|(605.8, 190.5)
920.8992|(608.2, 188.8)
920.9158|(611.4, 189.7)
920.9496|(655.2, 195.0)
920.966|(686.2, 202.2)
920.9829|(689.1, 197.1)
920.9994|(690.5, 193.7)
921.1163|(669.5, 173.6)
921.1329|(607.6, 658.4)
921.1497|(630.7, 651.7)
921.1662|(608.9, 713.4)
921.183|(613.1, 715.6)
921.1996|(616.8, 718.5)
921.2164|(614.1, 721.2)
921.2498|(633.1, 708.3)
921.2665|(611.5, 699.4)
921.2998|(622.7, 697.0)
921.3167|(620.0, 685.4)
921.35|(617.6, 683.7)
921.3665|(608.9, 686.9)
921.3999|(624.0, 680.1)
921.4332|(624.9, 718.4)
921.4501|(624.2, 719.4)
921.4669|(616.5, 734.5)
921.4836|(613.1, 740.2)
921.5002|(608.3, 745.6)
921.5505|(592.6, 758.6)
921.567|(589.8, 754.7)
921.5836|(589.6, 753.8)
921.6169|(593.3, 745.1)
921.6337|(590.5, 746.7)
921.6671|(602.8, 741.0)
921.7174|(613.9, 736.0)
921.7507|(624.4, 645.0)
921.7673|(621.6, 639.1)
921.7842|(610.3, 655.3)
921.8008|(608.5, 658.3)
921.8174|(609.7, 661.3)
921.8508|(610.4, 667.9)
921.8674|(606.3, 668.6)
921.8841|(607.9, 667.9)
921.9008|(609.1, 666.9)
921.9176|(608.7, 662.0)
921.9343|(608.9, 649.6)
921.9508|(609.3, 642.7)
921.9676|(614.4, 644.8)
921.9844|(655.1, 647.8)
922.001|(681.7, 648.7)
922.0177|(677.7, 648.5)
922.0342|(692.9, 652.7)
922.051|(722.1, 659.4)
922.0677|(722.3, 655.2)
922.0846|(723.8, 653.4)
922.1011|(725.1, 654.2)
922.1179|(726.7, 655.4)
922.1514|(726.5, 657.8)
922.168|(722.7, 668.1)
922.1846|(724.0, 667.7)
922.2012|(722.5, 662.6)
922.2182|(721.5, 660.5)
922.2347|(720.3, 658.8)
922.2515|(708.1, 676.2)
922.2682|(702.1, 688.0)
922.3015|(670.0, 759.0)
922.5018|(900.4, 303.7)
922.5353|(887.2, 351.1)
922.5521|(891.8, 361.2)
922.569|(890.5, 370.9)
922.6021|(883.5, 418.5)
922.6187|(906.5, 442.4)
922.6353|(915.3, 399.3)
922.652|(913.2, 389.6)
922.6688|(904.5, 364.7)
922.6857|(899.1, 354.1)
922.7024|(873.3, 307.6)
922.7524|(841.0, 282.9)
922.7689|(825.7, 247.4)
922.8024|(826.4, 248.4)
922.8191|(825.1, 236.1)
922.8358|(830.7, 240.0)
922.8524|(840.1, 243.6)
922.8691|(843.5, 246.1)
922.8859|(865.9, 246.9)
922.9024|(872.5, 225.7)
922.9359|(872.6, 238.0)
922.9694|(848.9, 228.3)
922.986|(847.7, 230.1)
923.0026|(796.1, 327.5)
923.0193|(765.5, 382.4)
923.0529|(745.4, 472.6)
923.0693|(710.3, 490.7)
923.0861|(729.7, 497.3)
923.1027|(725.0, 503.7)
923.1197|(723.2, 509.3)
923.1362|(713.3, 523.3)
923.153|(706.0, 551.6)
923.1863|(696.9, 571.5)
923.2032|(690.7, 581.8)
923.2198|(685.4, 594.9)
923.2363|(677.5, 619.6)
923.253|(669.1, 646.9)
923.2698|(668.4, 650.1)
923.2865|(666.7, 650.9)
923.3033|(665.4, 652.1)
923.3199|(663.3, 658.8)
923.3365|(656.2, 652.1)
923.3534|(658.4, 651.5)
923.3699|(658.5, 650.9)
923.3867|(659.6, 649.5)
923.4034|(670.4, 639.9)
923.4201|(697.9, 628.8)
923.4367|(709.9, 625.0)
923.4534|(710.3, 624.7)
923.4701|(712.0, 623.6)
923.4868|(723.3, 628.3)
923.5034|(724.3, 629.7)
923.5202|(724.7, 629.2)
923.5369|(725.7, 631.1)
923.5536|(725.7, 635.8)
923.5703|(723.9, 639.6)
923.5869|(722.0, 642.3)
923.6036|(716.0, 650.4)
923.6368|(705.8, 639.9)
923.6538|(700.7, 629.5)
923.6703|(666.0, 558.8)
923.6871|(668.3, 562.9)
923.7037|(672.4, 556.8)
923.7206|(666.9, 555.3)
923.7374|(674.7, 559.7)
923.7705|(676.0, 557.8)
923.7874|(675.9, 555.1)
923.8039|(670.9, 545.5)
923.8207|(669.0, 543.9)
923.8375|(669.4, 536.4)
923.8541|(669.6, 534.9)
923.8709|(690.6, 515.4)
923.8876|(724.6, 470.9)
923.9042|(766.1, 411.9)
923.921|(791.6, 374.9)
923.9377|(826.2, 324.2)
923.9543|(831.6, 319.8)
923.9711|(830.8, 312.0)
923.9877|(832.6, 316.8)
924.0045|(831.9, 314.2)
924.0212|(831.7, 314.3)
924.0378|(824.5, 306.5)
924.0544|(818.0, 305.0)
924.0879|(798.0, 302.0)
924.1046|(793.4, 299.0)
924.2881|(760.3, 316.3)
924.3047|(774.9, 315.7)
924.3215|(774.9, 315.7)
924.355|(780.4, 323.8)
924.3715|(777.3, 317.9)
924.3884|(776.8, 334.6)
924.4049|(810.5, 330.2)
924.422|(820.9, 333.5)
924.4384|(805.4, 345.1)
924.4552|(805.3, 346.7)
924.4718|(821.1, 365.5)
924.4885|(821.8, 375.9)
924.5052|(819.2, 381.3)
924.5554|(812.1, 400.7)
924.5718|(796.8, 407.5)
924.6053|(796.8, 413.2)
924.6222|(790.0, 415.2)
924.6386|(760.7, 419.1)
924.6724|(763.5, 427.4)
924.689|(765.5, 429.6)
924.7055|(751.5, 423.5)
924.7222|(751.8, 427.0)
924.7391|(762.3, 438.1)
924.756|(755.6, 436.5)
924.7723|(781.1, 473.0)
924.8057|(792.4, 450.4)
924.8389|(798.7, 459.1)
924.8556|(796.2, 454.6)
924.8725|(801.2, 387.8)
924.8892|(798.4, 357.9)
924.9059|(795.8, 362.5)
924.9225|(783.9, 321.0)
924.9393|(757.9, 314.8)
924.9561|(775.1, 301.5)
924.9894|(776.1, 299.5)
925.006|(775.3, 301.8)
925.0227|(780.3, 302.4)
925.0393|(804.0, 308.6)
925.0562|(793.5, 314.5)
925.0728|(786.7, 316.6)
925.0896|(762.9, 314.5)
925.1062|(875.7, 369.5)
925.1395|(863.4, 366.0)
925.1564|(901.9, 367.7)
925.173|(918.7, 343.7)
925.1898|(921.8, 333.4)
925.2064|(921.7, 323.1)
925.2231|(902.3, 313.4)
925.2565|(893.2, 309.8)
925.2899|(905.4, 320.6)
925.3063|(946.8, 308.1)
925.3233|(946.5, 307.9)
925.3733|(914.3, 329.0)
925.3901|(899.8, 354.2)
925.4067|(767.3, 430.5)
925.44|(737.6, 459.1)
925.4568|(740.2, 467.9)
925.4734|(747.8, 473.3)
925.4902|(749.2, 470.9)
925.5068|(749.5, 473.7)
925.5236|(754.1, 474.1)
925.5403|(754.4, 446.7)
925.5568|(749.8, 430.0)
925.5904|(740.4, 411.0)
925.6069|(717.7, 255.7)
925.6239|(716.8, 247.8)
925.6404|(718.3, 278.1)
925.6572|(719.7, 231.1)
925.6738|(715.1, 229.1)
925.6904|(705.8, 218.1)
925.7073|(705.8, 216.8)
925.7404|(708.8, 204.0)
925.7574|(696.9, 201.1)
925.7741|(679.3, 173.2)
925.7906|(667.5, 157.5)
925.8073|(654.5, 160.5)
925.8575|(617.3, 164.7)
925.9075|(557.6, 219.4)
925.9243|(571.6, 231.4)
925.941|(595.8, 273.7)
925.9576|(622.3, 352.4)
925.9743|(619.4, 534.9)
925.991|(626.0, 554.8)
926.0075|(624.0, 568.8)
926.0411|(632.1, 568.2)
926.0579|(626.6, 572.4)
926.0746|(603.8, 572.7)
926.0912|(550.1, 572.6)
926.1078|(555.2, 566.0)
926.1247|(636.4, 571.6)
926.1413|(650.8, 569.7)
926.158|(633.5, 563.9)
926.1912|(614.4, 546.3)
926.208|(610.1, 568.2)
926.2248|(613.0, 585.2)
926.2414|(617.7, 592.8)
926.2581|(632.8, 602.6)
926.2916|(632.0, 599.4)
926.3081|(627.5, 598.7)
926.3416|(635.4, 600.2)
926.3584|(638.9, 601.1)
926.375|(705.8, 627.9)
926.3917|(719.3, 635.0)
926.4083|(717.8, 637.7)
926.4252|(733.0, 643.6)
926.4417|(731.2, 634.1)
926.4586|(731.5, 630.1)
926.4918|(731.6, 629.9)
926.5086|(735.2, 619.1)
926.5253|(733.9, 620.1)
926.5417|(738.0, 612.1)
926.5587|(740.2, 604.0)
926.5752|(740.3, 604.6)
926.6086|(739.5, 603.6)
926.6591|(744.4, 607.8)
926.6754|(751.3, 618.3)
926.6923|(788.6, 617.8)
926.7089|(778.2, 619.9)
926.8759|(758.5, 609.7)
926.8926|(729.8, 646.6)
926.9093|(714.8, 669.1)
926.9426|(711.4, 686.1)
926.9593|(709.5, 694.8)
926.9761|(707.6, 698.6)
926.9928|(707.1, 698.9)
927.0095|(708.9, 697.6)
927.0262|(720.1, 682.6)
927.0427|(723.6, 663.3)
927.0594|(724.4, 656.8)
927.0928|(733.1, 644.2)
927.1095|(727.3, 656.5)
927.1263|(721.4, 676.6)
927.1429|(717.9, 687.5)
927.1599|(712.5, 701.3)
927.1761|(715.3, 735.2)
927.1929|(721.0, 781.1)
927.2097|(723.3, 797.1)
927.2429|(726.0, 809.8)
927.2599|(721.5, 788.4)
927.2765|(725.3, 798.1)
927.2934|(735.4, 776.2)
927.3099|(736.4, 762.6)
927.3432|(731.3, 774.8)
927.3601|(722.8, 797.1)
927.3936|(721.6, 798.6)
927.4102|(727.4, 795.7)
927.4269|(767.5, 769.5)
927.4602|(781.6, 762.4)
927.4769|(797.4, 757.8)
927.4934|(836.2, 745.8)
927.5101|(866.4, 737.3)
927.5435|(868.1, 740.9)
927.5603|(867.8, 748.2)
927.5769|(865.0, 750.1)
927.5937|(857.9, 779.7)
927.6104|(856.1, 795.4)
927.6271|(855.8, 795.8)
927.6436|(852.5, 802.2)
927.6605|(839.9, 798.8)
927.6938|(798.4, 789.1)
927.7106|(792.7, 789.9)
927.7274|(727.1, 779.8)
927.7439|(667.1, 764.0)
927.7773|(662.2, 763.7)
927.794|(660.5, 755.1)
927.8105|(671.6, 750.0)
927.8442|(670.9, 745.0)
927.8608|(674.0, 725.7)
927.8776|(688.5, 702.1)
927.9108|(756.2, 626.2)
927.9278|(768.0, 614.0)
927.9443|(782.8, 600.8)
927.9609|(782.9, 612.0)
927.9945|(785.3, 603.9)
928.0109|(781.4, 606.6)
928.0279|(780.6, 606.4)
928.0444|(779.6, 604.5)
928.0612|(782.4, 602.2)
928.0777|(781.9, 603.4)
928.1113|(787.7, 607.2)
928.1615|(802.0, 623.1)
928.1779|(805.1, 628.0)
928.1948|(738.8, 637.4)
928.2113|(672.5, 655.2)
928.228|(689.3, 664.1)
928.2447|(676.8, 661.2)
928.2614|(672.7, 659.9)
928.3617|(674.5, 629.6)
928.3782|(679.6, 627.9)
928.3949|(675.1, 646.0)
928.4116|(677.6, 662.1)
928.4451|(661.9, 666.9)
928.4619|(666.3, 682.9)
928.4951|(660.1, 682.0)
928.5119|(659.7, 684.7)
928.5284|(655.5, 679.5)
928.5451|(660.6, 679.5)
928.5623|(664.5, 679.0)
928.5956|(686.6, 669.6)
928.6121|(780.5, 660.5)
928.6454|(798.2, 657.8)
928.6786|(814.0, 650.7)
928.6956|(822.2, 645.8)
928.712|(807.2, 641.3)
928.7456|(792.3, 636.7)
928.7623|(785.2, 634.1)
928.779|(722.2, 611.1)
928.8123|(694.1, 600.8)
928.8292|(675.1, 592.4)
928.8457|(675.2, 590.3)
928.8624|(674.9, 585.8)
928.8959|(677.6, 586.0)
928.9125|(680.2, 582.6)
928.9459|(669.4, 596.9)
928.9628|(664.7, 602.3)
928.996|(666.3, 600.5)
929.0127|(664.3, 604.9)
929.0462|(664.1, 601.2)
929.0628|(666.4, 598.8)
929.0963|(679.2, 594.8)
929.1296|(679.7, 593.5)
929.1464|(676.9, 592.2)
929.1629|(697.3, 563.2)
929.1963|(699.0, 560.7)
929.2131|(702.6, 556.1)
929.23|(716.0, 549.3)
929.2463|(714.7, 548.1)
929.2632|(715.0, 544.9)
929.2798|(726.0, 540.8)
929.2966|(712.2, 537.1)
929.3132|(711.2, 535.9)
929.3466|(712.3, 533.6)
929.3633|(723.4, 534.9)
929.3966|(735.2, 478.7)
929.4133|(759.2, 355.9)
929.43|(761.6, 342.3)
929.4467|(765.9, 321.8)
929.4633|(767.1, 307.9)
929.4969|(765.0, 286.2)
929.5135|(768.8, 289.1)
929.5302|(765.6, 288.1)
929.547|(764.5, 288.6)
929.5637|(764.9, 286.5)
929.5804|(769.0, 285.1)
929.597|(789.4, 293.5)
929.6137|(789.5, 289.0)
929.647|(793.5, 289.9)
929.6638|(846.4, 304.5)
929.6804|(897.0, 314.4)
929.6973|(903.6, 316.4)
929.7138|(916.1, 319.6)
929.7307|(922.8, 321.8)
929.7473|(912.3, 317.1)
929.7639|(916.5, 319.3)
929.7974|(910.8, 308.7)
929.814|(916.2, 318.6)
929.8307|(916.5, 320.1)
929.8476|(875.2, 327.3)
929.8641|(857.2, 330.7)
929.8807|(850.7, 333.6)
929.8976|(844.7, 336.3)
929.9142|(837.3, 339.1)
929.9477|(812.1, 354.8)
929.981|(778.2, 494.3)
929.9978|(750.2, 654.7)
930.0142|(754.8, 621.2)
930.0311|(761.3, 708.3)
930.0478|(757.2, 745.0)
930.0645|(756.4, 788.1)
930.098|(744.2, 793.9)
930.1145|(725.2, 780.5)
930.1312|(725.4, 788.9)
930.1478|(720.1, 790.4)
930.1646|(721.9, 789.8)
930.1813|(735.9, 790.5)
930.1981|(731.3, 783.3)
930.2147|(729.7, 780.3)
930.2482|(717.0, 772.3)
930.2648|(687.8, 756.8)
930.2815|(680.7, 755.6)
930.2982|(681.7, 756.1)
930.3148|(674.6, 753.2)
930.3316|(668.2, 748.3)
930.3484|(667.0, 749.4)
930.365|(666.0, 749.7)
930.3984|(670.9, 742.9)
930.4318|(672.9, 743.9)
930.4482|(678.7, 754.3)
930.4652|(710.9, 763.6)
930.4818|(713.7, 764.4)
930.4987|(741.5, 760.4)
930.5154|(754.2, 744.7)
930.5485|(755.0, 745.5)
930.5654|(766.1, 736.3)
930.582|(764.2, 734.6)
930.5988|(760.8, 735.2)
930.6153|(759.9, 734.9)
930.6321|(766.8, 731.7)
930.6488|(768.7, 731.5)
930.6657|(785.9, 736.6)
930.6991|(789.6, 736.1)
930.7156|(798.5, 725.9)
930.7323|(806.9, 720.9)
930.7488|(806.6, 722.0)
930.7657|(805.1, 728.0)
930.7823|(807.5, 726.4)
930.7991|(809.9, 728.5)
930.8156|(815.0, 736.5)
930.8492|(839.2, 743.9)
930.8657|(866.1, 753.0)
930.8825|(869.6, 769.3)
930.8991|(883.2, 770.9)
930.9158|(892.1, 759.5)
930.9326|(883.7, 765.5)
930.9493|(884.3, 763.3)
930.9662|(879.6, 763.7)
930.9827|(876.7, 759.2)
931.0161|(868.2, 768.5)
931.0327|(866.8, 766.1)
931.0493|(866.7, 769.8)
931.066|(867.8, 762.7)
931.0828|(867.5, 760.5)
931.0997|(868.2, 760.8)
931.1163|(867.4, 759.3)
931.1495|(867.1, 756.4)
931.1664|(813.8, 761.5)
931.1829|(804.1, 761.0)
931.1996|(800.8, 760.8)
931.2164|(791.3, 760.7)
931.2333|(747.5, 761.9)
931.2498|(746.4, 762.4)
931.2666|(744.4, 763.0)
931.2999|(741.2, 762.4)
931.3165|(738.1, 763.9)
931.3333|(732.4, 755.3)
931.35|(716.6, 727.6)
931.3667|(714.4, 708.5)
931.3832|(713.5, 702.5)
931.4001|(709.2, 665.7)
931.4168|(706.0, 641.7)
931.4335|(698.5, 567.8)
931.4669|(696.6, 567.7)
931.4835|(696.4, 563.8)
931.6003|(699.9, 503.3)
931.6172|(710.7, 520.1)
931.6338|(723.4, 537.1)
931.6503|(741.0, 578.3)
931.6672|(740.5, 583.2)
931.6839|(741.1, 588.8)
931.7005|(736.2, 629.4)
931.7172|(736.3, 625.2)
931.7507|(735.1, 624.8)
931.7673|(724.8, 641.8)
931.7838|(723.4, 650.2)
931.8008|(723.4, 662.6)
931.8174|(727.4, 666.1)
931.8342|(728.2, 666.4)
931.8507|(728.3, 665.4)
931.8677|(730.9, 661.9)
931.8842|(733.3, 660.5)
931.9008|(736.2, 659.3)
931.9175|(734.7, 658.9)
931.9343|(733.5, 664.5)
931.9508|(733.4, 667.5)
931.9676|(733.2, 672.3)
931.9844|(731.4, 670.1)
932.0012|(730.1, 669.7)
932.0176|(731.9, 670.2)
932.051|(730.4, 657.4)
932.0679|(727.9, 659.8)
932.0843|(707.5, 688.0)
932.1011|(668.3, 744.4)
932.118|(664.2, 750.6)
932.1345|(665.0, 744.6)
932.1513|(669.6, 736.4)
932.168|(669.8, 736.7)
932.2014|(675.7, 733.6)
932.2179|(680.6, 728.9)
932.2347|(684.0, 726.0)
932.2514|(675.8, 720.6)
932.4017|(784.2, 490.4)
932.4185|(783.8, 540.4)
932.4351|(789.2, 553.2)
932.4518|(791.5, 567.6)
932.4684|(792.8, 577.7)
932.5019|(792.7, 594.6)
932.5186|(786.6, 615.5)
932.5353|(780.4, 624.4)
932.5519|(779.6, 624.3)
932.5687|(781.9, 623.1)
932.5853|(785.5, 624.3)
932.6021|(807.2, 622.0)
932.652|(811.0, 622.4)
932.6688|(826.8, 614.3)
932.6853|(826.8, 615.3)
932.7024|(826.2, 617.2)
932.7189|(827.5, 615.7)
932.7355|(827.6, 615.9)
932.7522|(826.7, 618.5)
932.7689|(827.5, 617.2)
932.7855|(826.4, 618.9)
932.8024|(806.0, 631.8)
932.819|(708.6, 621.7)
932.836|(703.6, 621.4)
932.8525|(679.6, 610.3)
932.8693|(680.3, 610.8)
932.8859|(680.8, 610.7)
932.9026|(673.2, 613.1)
932.9193|(677.5, 612.5)
933.0529|(677.1, 457.0)
933.0862|(742.3, 633.7)
933.103|(718.6, 642.4)
933.1196|(702.5, 648.8)
933.1362|(718.1, 658.0)
933.153|(716.7, 662.7)
933.1697|(717.1, 665.9)
933.1863|(721.3, 671.0)
933.2031|(719.7, 671.7)
933.2198|(712.3, 674.5)
933.2365|(696.5, 679.7)
933.2531|(694.4, 682.5)
933.2865|(692.5, 682.7)
933.3032|(696.6, 681.7)
933.3199|(701.6, 672.0)
933.3365|(702.2, 674.7)
933.3533|(706.2, 691.2)
933.3701|(725.3, 707.9)
933.3867|(726.0, 709.9)
933.4033|(715.6, 698.6)
933.42|(718.9, 691.3)
933.4702|(743.6, 697.6)
933.4869|(744.5, 696.0)
933.5036|(757.7, 686.8)
933.537|(770.6, 663.1)
933.5535|(773.5, 657.9)
933.5703|(774.7, 656.0)
933.587|(774.6, 650.8)
933.6037|(773.8, 640.5)
933.6204|(775.2, 635.6)
933.6371|(782.0, 634.7)
933.6705|(782.1, 625.7)
933.6872|(793.6, 588.1)
933.7037|(795.3, 584.6)
933.7205|(801.1, 571.1)
933.7373|(800.3, 559.2)
933.754|(807.7, 512.6)
933.7708|(810.4, 506.5)
933.7873|(808.6, 509.9)
933.8041|(803.4, 523.7)
933.8207|(800.3, 534.2)
933.8375|(790.5, 570.8)
933.8541|(781.8, 607.6)
933.8708|(783.3, 615.7)
933.8874|(784.8, 622.5)
933.9041|(782.7, 619.7)
933.9208|(784.5, 621.7)
933.9376|(709.5, 600.2)
933.9543|(672.5, 590.0)
933.9877|(657.6, 585.3)
934.0044|(655.7, 584.7)
934.0211|(650.0, 582.8)
934.0378|(650.7, 582.1)
934.0546|(656.4, 568.9)
934.188|(685.3, 528.6)
934.2047|(665.7, 565.6)
934.2215|(651.8, 563.4)
934.2382|(646.2, 563.1)
934.2548|(647.7, 565.2)
934.2717|(653.3, 566.1)
934.2883|(661.5, 569.2)
934.3049|(668.8, 583.2)
934.3215|(665.8, 587.2)
934.3381|(663.8, 593.4)
934.355|(663.6, 589.6)
934.3716|(656.8, 606.8)
934.3882|(642.6, 638.7)
934.405|(620.3, 709.8)
934.4385|(605.5, 762.1)
934.4551|(605.5, 774.9)
934.4718|(605.4, 767.4)
934.4884|(605.9, 773.8)
934.5052|(606.9, 773.2)
934.522|(612.4, 770.5)
934.5386|(613.2, 764.1)
934.5551|(611.8, 764.1)
934.5887|(614.1, 758.2)
934.6053|(615.5, 756.5)
934.6219|(614.8, 755.7)
934.6388|(611.3, 752.6)
934.6553|(608.4, 750.4)
934.6722|(605.1, 753.2)
934.7057|(609.7, 753.8)
934.7554|(614.5, 754.1)
934.7723|(623.9, 754.6)
934.8057|(629.1, 755.0)
934.8224|(626.0, 757.1)
934.8392|(633.4, 762.8)
934.8558|(641.4, 761.6)
934.8891|(641.5, 761.3)
934.9059|(642.8, 761.3)
934.9226|(647.8, 762.2)
934.9393|(648.0, 762.5)
934.9559|(651.3, 773.4)
934.9728|(647.7, 741.3)
934.9893|(625.8, 729.7)
935.006|(623.3, 729.2)
935.0396|(618.1, 732.4)
935.056|(605.6, 742.4)
935.0727|(605.0, 749.2)
935.0896|(604.8, 750.4)
935.1062|(607.1, 750.2)
935.1229|(623.2, 744.4)
935.1563|(623.7, 735.7)
935.1896|(623.7, 742.5)
935.2064|(623.9, 743.9)
935.2231|(623.7, 741.4)
935.2399|(622.2, 740.5)
935.2564|(625.1, 737.2)
935.2733|(632.6, 737.7)
935.2899|(642.3, 739.8)
935.3066|(648.4, 741.6)
935.34|(646.1, 741.4)
935.3566|(653.9, 747.6)
935.3736|(658.3, 748.1)
935.39|(657.8, 746.3)
935.4066|(650.8, 743.5)
935.4233|(647.5, 748.0)
935.4402|(646.0, 745.6)
935.4901|(645.6, 745.2)
935.507|(647.7, 740.2)
935.5235|(649.4, 746.1)
935.5402|(650.3, 741.8)
935.5569|(644.3, 692.5)
935.5736|(641.4, 689.1)
935.5903|(641.8, 688.5)
935.6071|(649.2, 685.0)
935.6406|(644.7, 672.8)
935.6573|(646.0, 678.1)
935.6738|(655.4, 676.4)
935.6904|(656.1, 674.6)
935.7073|(665.1, 679.1)
935.7407|(673.7, 692.7)
935.7573|(672.6, 693.6)
935.7906|(662.7, 698.0)
935.8074|(629.8, 701.9)
935.8243|(603.5, 713.5)
935.8408|(588.8, 720.1)
935.8575|(560.1, 724.1)
935.8911|(569.5, 726.2)
935.9077|(582.9, 725.0)
935.9412|(599.6, 728.7)
935.9575|(574.7, 727.6)
935.9744|(574.2, 713.8)
935.991|(574.3, 710.4)
936.0078|(580.4, 706.6)
936.0244|(582.4, 697.2)
936.0411|(588.2, 687.5)
936.0578|(621.4, 655.5)
936.0911|(637.9, 639.1)
936.1078|(639.7, 638.2)
936.1246|(651.0, 646.4)
936.1413|(649.0, 650.7)
936.158|(653.0, 649.7)
936.1747|(659.1, 635.0)
936.1915|(700.8, 535.0)
936.2078|(710.6, 512.4)
936.2413|(726.4, 475.5)
936.258|(727.3, 464.4)
936.2748|(732.6, 465.9)
936.2916|(742.6, 449.9)
936.3248|(739.1, 449.8)
936.3417|(734.7, 450.1)
936.3582|(733.3, 449.9)
936.3917|(733.3, 449.8)
936.4086|(736.5, 448.1)
936.4251|(740.8, 445.3)
936.4418|(744.6, 440.2)
936.4584|(746.9, 440.0)
936.4752|(762.9, 442.4)
936.4916|(767.9, 442.6)
936.5419|(776.8, 453.9)
936.5587|(790.6, 469.3)
936.5755|(804.0, 491.5)
936.592|(800.7, 499.6)
936.6087|(797.2, 501.5)
936.6254|(796.6, 501.8)
936.6423|(800.1, 499.6)
936.6588|(800.1, 499.8)
936.6921|(797.1, 503.7)
936.709|(793.5, 510.8)
936.7255|(792.5, 511.0)
936.7422|(784.2, 526.9)
936.7758|(780.7, 537.0)
936.7923|(781.9, 537.4)
936.809|(780.9, 545.6)
936.8426|(786.1, 541.2)
936.859|(787.1, 538.2)
936.8757|(786.2, 537.5)
936.8925|(777.8, 526.0)
936.9093|(772.2, 512.5)
936.9258|(763.2, 499.9)
936.9426|(763.0, 501.1)
936.9592|(761.1, 497.0)
936.9924|(759.1, 492.7)
937.0093|(760.1, 490.3)
937.0261|(760.7, 489.2)
937.0429|(764.7, 485.4)
937.0596|(765.0, 485.3)
937.076|(764.7, 484.1)
937.0927|(765.8, 482.5)
937.1096|(767.3, 472.1)
937.1428|(769.3, 448.6)
937.1597|(769.0, 445.5)
937.1764|(768.8, 440.0)
937.1929|(768.0, 430.4)
937.2265|(773.9, 423.5)
937.243|(773.4, 423.6)
937.2597|(774.0, 423.6)
937.2933|(791.1, 427.4)
937.31|(797.3, 430.3)
937.3265|(803.0, 432.8)
937.3434|(803.2, 432.5)
937.36|(817.1, 437.1)
937.3768|(850.7, 444.7)
937.3934|(856.0, 442.8)
937.41|(855.7, 442.0)
937.4434|(857.9, 440.2)
937.4601|(858.0, 440.5)
937.4768|(857.3, 440.9)
937.4935|(855.9, 440.8)
937.5103|(861.3, 445.3)
937.5268|(867.9, 446.4)
937.5436|(877.3, 447.4)
937.5604|(885.2, 448.1)
937.5936|(888.1, 447.9)
937.6104|(886.4, 443.5)
937.627|(885.6, 444.3)
937.6439|(885.7, 446.8)
937.6603|(883.7, 449.7)
937.6772|(884.1, 448.3)
937.6937|(884.9, 445.0)
937.7105|(883.3, 451.2)
937.744|(884.2, 458.8)
937.7606|(879.1, 462.8)
937.7774|(880.5, 510.4)
937.8107|(887.8, 512.7)
937.8274|(893.5, 509.7)
937.8441|(885.3, 512.2)
937.8607|(886.6, 508.7)
937.8942|(889.9, 506.5)
937.9109|(890.8, 506.2)
937.9276|(893.9, 500.4)
937.9443|(895.8, 498.2)
937.9609|(898.3, 497.4)
937.9777|(898.9, 497.7)
937.9943|(899.3, 496.6)
938.0109|(899.9, 496.3)
938.0447|(895.0, 499.1)
938.0611|(898.3, 498.7)
938.0778|(895.2, 496.0)
938.0945|(897.4, 491.1)
938.1113|(910.9, 483.9)
938.1278|(866.4, 505.1)
938.1447|(828.2, 518.5)
938.1612|(825.8, 520.1)
938.1946|(823.1, 521.7)
938.2115|(804.2, 531.9)
938.228|(806.2, 534.4)
938.2614|(813.3, 533.2)
938.2782|(814.9, 534.0)
938.3618|(783.6, 521.8)
938.4117|(794.9, 506.6)
938.4282|(794.9, 505.4)
938.4451|(795.4, 516.8)
938.4617|(799.1, 529.8)
938.4953|(797.9, 533.9)
938.5119|(799.1, 539.4)
938.5284|(775.3, 553.5)
938.5452|(775.5, 553.2)
938.5619|(772.1, 548.2)
938.5786|(772.6, 545.5)
938.5954|(776.2, 546.5)
938.6122|(788.3, 545.1)
938.6454|(830.3, 547.8)
938.6621|(921.5, 554.8)
938.6788|(901.0, 555.7)
938.7123|(893.1, 558.4)
938.7288|(896.7, 554.9)
938.7455|(891.1, 554.6)
938.7623|(900.6, 554.6)
938.7956|(905.1, 550.0)
938.8126|(891.3, 547.5)
938.846|(882.8, 553.4)
938.8625|(883.1, 553.9)
938.8793|(886.2, 551.0)
938.8959|(890.1, 549.3)
938.9126|(890.1, 550.5)
938.9461|(891.1, 550.3)
938.9627|(891.1, 550.6)
938.9794|(881.1, 539.7)
938.996|(879.2, 537.2)
939.0127|(874.2, 536.3)
939.0292|(873.8, 536.8)
939.0462|(873.1, 539.6)
939.0628|(873.2, 538.0)
939.0962|(873.8, 540.5)
939.1129|(903.9, 536.8)
939.1296|(885.9, 534.8)
939.1462|(885.1, 533.3)
939.163|(871.5, 532.8)
939.1797|(870.4, 530.6)
939.1964|(867.8, 524.1)
939.2131|(859.3, 503.2)
939.2465|(850.5, 472.9)
939.2631|(854.8, 382.3)
939.2966|(835.0, 363.8)
939.3132|(835.1, 364.1)
939.3299|(834.6, 359.3)
939.3465|(830.1, 358.6)
939.3633|(830.9, 358.9)
939.3967|(828.0, 357.8)
939.4301|(791.2, 351.2)
939.4469|(780.1, 350.1)
939.4633|(745.4, 346.6)
939.4802|(745.7, 346.9)
939.4969|(753.5, 346.3)
939.5137|(744.2, 345.8)
939.5469|(759.6, 343.0)
939.5637|(765.7, 343.5)
939.5804|(764.7, 341.5)
939.597|(763.5, 339.0)
939.6136|(753.6, 323.1)
939.6302|(697.4, 273.4)
939.6471|(665.6, 250.3)
939.6638|(659.3, 246.1)
939.6973|(623.3, 220.4)
939.7139|(617.0, 220.8)
939.7305|(625.2, 217.1)
939.7473|(636.3, 208.7)
939.7639|(631.1, 209.2)
939.7806|(629.7, 207.9)
939.7974|(630.6, 200.5)
939.8141|(629.8, 201.5)
939.8474|(624.0, 209.7)
939.881|(667.4, 455.2)
939.8975|(670.6, 485.2)
939.9142|(678.9, 548.4)
939.9307|(678.7, 548.8)
939.9479|(676.3, 548.9)
939.9642|(675.7, 550.1)
939.9976|(673.9, 550.8)
940.0145|(670.0, 553.3)
940.031|(667.6, 553.7)
940.0477|(670.4, 551.6)
940.0643|(671.6, 550.6)
940.0812|(671.3, 546.8)
940.0978|(666.9, 543.1)
940.1145|(659.0, 540.9)
940.1481|(656.1, 540.3)
940.1646|(646.6, 538.6)
940.1814|(645.5, 539.6)
940.1979|(645.6, 540.1)
940.2148|(645.6, 540.3)
940.2313|(646.9, 539.1)
940.248|(648.2, 539.1)
940.2647|(650.8, 539.1)
940.2983|(650.5, 542.7)
940.3316|(655.8, 561.4)
940.3484|(660.3, 566.3)
940.3647|(662.8, 573.7)
940.3818|(665.6, 579.7)
940.3983|(666.6, 589.3)
940.4485|(671.1, 595.6)
940.465|(668.1, 597.8)
940.4821|(669.4, 596.1)
940.4983|(669.2, 595.8)
940.5152|(667.6, 593.7)
940.5319|(668.7, 595.4)
940.5486|(673.5, 593.4)
940.5654|(689.2, 590.3)
940.5986|(708.9, 588.8)
940.6155|(735.9, 587.5)
940.632|(757.4, 587.1)
940.6487|(758.4, 586.9)
940.6656|(761.4, 587.7)
940.6821|(759.3, 586.1)
940.6988|(760.0, 583.7)
940.7156|(761.0, 584.6)
940.7489|(759.5, 585.4)
940.7655|(748.1, 591.9)
940.7822|(724.4, 622.1)
940.799|(719.8, 628.0)
940.8156|(718.1, 629.1)
940.8323|(716.3, 631.9)
940.8493|(716.7, 630.0)
940.8659|(716.7, 628.3)
940.8825|(713.3, 620.9)
940.9158|(713.6, 627.4)
940.9327|(714.1, 633.8)
940.9493|(716.4, 633.4)
940.9658|(716.0, 628.3)
940.9827|(709.8, 625.9)
940.9993|(708.9, 624.1)
941.0162|(707.9, 626.4)
941.0494|(691.6, 647.4)
941.0661|(688.9, 663.3)
941.0827|(699.3, 659.9)
941.0995|(701.8, 661.0)
941.1164|(696.1, 669.2)
941.1997|(629.0, 675.8)
941.233|(632.6, 688.0)
941.2499|(637.2, 707.2)
941.2998|(627.8, 743.9)
941.3165|(632.3, 749.5)
941.3333|(624.9, 760.9)
941.3666|(627.4, 763.0)
941.3832|(636.3, 762.1)
941.3999|(636.8, 766.1)
941.4167|(652.9, 757.4)
941.4335|(662.6, 752.5)
941.4503|(657.9, 753.6)
941.4669|(671.6, 747.5)
941.5003|(649.4, 769.7)
941.517|(646.5, 773.1)
941.5334|(657.5, 764.8)
941.5502|(655.0, 747.9)
941.567|(654.0, 732.5)
941.5837|(654.2, 708.9)
941.6003|(653.7, 691.6)
941.617|(653.6, 666.5)
941.6506|(655.1, 569.5)
941.6671|(659.2, 563.9)
941.6838|(656.8, 566.2)
941.7005|(657.5, 564.8)
941.7171|(656.6, 565.5)
941.7339|(656.5, 565.3)
941.7505|(657.5, 563.8)
941.7672|(665.5, 554.1)
941.7842|(675.7, 544.8)
941.8005|(679.3, 541.4)
941.8176|(691.6, 535.3)
941.834|(707.7, 525.1)
941.8508|(714.7, 521.4)
941.8675|(718.1, 519.9)
941.8844|(718.5, 515.7)
941.9009|(719.6, 516.0)
941.9177|(720.1, 515.8)
941.951|(717.9, 519.0)
941.9677|(722.3, 522.1)
941.9845|(737.9, 525.4)
942.0011|(760.8, 521.8)
942.0178|(767.3, 521.8)
942.0347|(793.6, 534.1)
942.0511|(792.6, 533.0)
942.1012|(786.8, 529.2)
942.1177|(788.5, 530.2)
942.1344|(790.4, 531.8)
942.1513|(787.4, 534.5)
942.1678|(804.8, 536.4)
942.1847|(803.1, 535.2)
942.2013|(789.9, 531.8)
942.2182|(800.7, 532.2)
942.2347|(795.1, 530.1)
942.2515|(801.7, 528.2)
942.2681|(788.5, 520.3)
942.2849|(773.2, 501.4)
942.3015|(784.7, 492.7)
942.3182|(787.0, 491.7)
942.3349|(781.7, 492.5)
942.3517|(769.0, 493.0)
942.3682|(769.4, 492.7)
942.4017|(770.8, 494.9)
942.4183|(767.7, 494.4)
942.4351|(760.1, 510.2)
942.4518|(757.1, 520.2)
942.4686|(728.1, 609.0)
942.4852|(722.8, 628.1)
942.502|(721.6, 645.3)
942.5519|(713.8, 682.6)
942.5686|(717.0, 683.1)
942.5854|(713.6, 685.9)
942.602|(714.1, 685.5)
942.6189|(713.3, 682.6)
942.6353|(715.0, 675.9)
942.6521|(724.3, 660.7)
942.7357|(675.0, 646.4)
942.7689|(720.3, 821.8)
942.7856|(735.7, 888.1)
942.819|(725.2, 842.8)
942.8358|(739.5, 914.0)
942.8526|(743.0, 913.1)
942.8691|(743.5, 913.1)
942.8858|(742.6, 909.5)
942.9024|(738.1, 900.6)
942.9192|(742.9, 911.5)
942.9359|(755.8, 934.7)
942.9526|(760.1, 938.0)
943.0027|(761.7, 950.1)
943.0195|(765.9, 955.4)
943.036|(768.6, 961.7)
943.0528|(769.6, 962.1)
943.0694|(770.7, 961.1)
943.0864|(769.7, 954.0)
943.1197|(769.3, 949.2)
943.1362|(769.8, 956.1)
943.1529|(768.0, 949.5)
943.1695|(820.5, 969.0)
943.1863|(839.9, 973.9)
943.2031|(854.4, 974.0)
943.2197|(864.3, 972.7)
943.2364|(877.0, 964.9)
943.2532|(863.6, 970.7)
943.2696|(885.2, 963.1)
943.2865|(890.6, 955.5)
943.3031|(904.2, 952.1)
943.3199|(920.4, 959.0)
943.3364|(959.8, 958.8)
943.3533|(954.5, 961.8)
943.3699|(962.7, 959.7)
943.3867|(980.5, 957.1)
943.4033|(1037.0, 947.3)
943.4367|(1046.9, 946.1)
943.4534|(1042.9, 945.2)
943.4702|(1038.7, 945.0)
943.4869|(1042.4, 941.9)
943.5037|(1062.3, 944.0)
943.5202|(1079.1, 940.8)
943.5369|(1086.9, 939.6)
943.5704|(1097.4, 942.4)
943.587|(1120.9, 994.1)
943.6038|(1102.5, 984.8)
943.6204|(1104.9, 990.7)
943.637|(1080.7, 974.4)
943.6539|(1016.9, 898.3)
943.6705|(852.0, 653.6)
943.6873|(817.0, 600.9)
943.7039|(780.1, 547.2)
943.7206|(762.3, 522.0)
943.7372|(730.4, 471.7)
943.754|(736.6, 477.4)
943.7707|(737.3, 478.7)
943.7874|(737.2, 481.7)
943.804|(736.5, 481.0)
943.8207|(736.7, 480.8)
943.8374|(733.0, 481.4)
943.8542|(733.4, 483.0)
943.8877|(733.7, 482.2)
943.9042|(734.3, 481.7)
943.9207|(745.2, 480.3)
943.9376|(754.5, 480.3)
943.9542|(758.3, 486.7)
943.9711|(763.3, 484.1)
943.9877|(763.3, 485.4)
944.0211|(766.4, 482.3)
944.0377|(766.0, 484.8)
944.0544|(761.8, 490.8)
944.071|(754.8, 499.8)
944.0878|(763.5, 513.7)
944.1046|(766.6, 516.1)
944.1213|(769.5, 517.6)
944.1547|(772.0, 520.8)
944.2714|(765.2, 484.7)
944.2881|(788.8, 495.6)
944.3048|(774.3, 520.8)
944.3381|(764.0, 521.7)
944.355|(747.9, 525.2)
944.3883|(743.4, 517.2)
944.405|(743.2, 524.3)
944.4383|(778.2, 538.5)
944.4885|(792.7, 543.1)
944.5386|(802.5, 544.1)
944.5721|(807.2, 544.6)
944.6722|(1002.9, 454.6)
944.7223|(1020.5, 491.1)
944.7388|(1008.3, 490.3)
944.7556|(1001.2, 483.6)
944.8057|(984.5, 479.9)
944.8227|(992.1, 486.2)
944.856|(995.9, 482.9)
944.8893|(1010.2, 489.2)
944.9059|(1051.8, 511.5)
944.9393|(1065.7, 518.0)
944.9559|(1054.6, 522.0)
944.9895|(1063.2, 520.4)
945.0061|(1052.4, 518.3)
945.0226|(1063.8, 511.3)
945.0895|(1046.7, 613.3)
945.123|(1047.5, 610.3)
945.1397|(1065.6, 602.4)
945.1566|(1111.7, 563.3)
945.1898|(1101.6, 579.3)
945.2064|(1116.0, 562.9)
945.2565|(1118.0, 556.1)
945.2731|(1098.5, 581.3)
945.3066|(1097.5, 575.9)
945.3232|(1086.0, 571.7)
945.34|(1081.9, 569.9)
945.3901|(1084.6, 568.3)
945.4234|(1084.2, 591.3)
945.44|(1085.0, 604.0)
945.4569|(1084.8, 546.9)
945.4734|(1084.2, 491.7)
945.4902|(1079.0, 500.9)
945.5068|(1073.9, 526.9)
945.5401|(1069.2, 564.4)
945.5737|(1123.4, 506.4)
945.5903|(1126.9, 505.1)
945.6071|(1120.2, 564.3)
945.7071|(1140.7, 578.4)
945.7574|(1110.3, 586.1)
945.7739|(1079.4, 579.4)
945.7908|(1079.2, 580.8)
945.8071|(1023.9, 572.0)
945.8408|(930.7, 553.7)
945.8574|(939.1, 544.8)
945.874|(938.3, 546.8)
945.891|(951.3, 547.3)
945.9077|(952.7, 550.8)
945.9243|(969.0, 554.3)
945.941|(973.2, 554.3)
945.9576|(973.4, 549.4)
945.991|(974.6, 543.1)
946.0076|(978.3, 544.2)
946.0246|(978.3, 544.0)
946.0411|(972.7, 542.5)
946.0579|(954.4, 538.8)
946.0913|(954.5, 538.1)
946.1077|(954.8, 538.3)
946.208|(908.9, 541.5)
946.2416|(954.0, 468.6)
946.2581|(928.3, 479.6)
946.2915|(933.8, 423.5)
946.4417|(1013.4, 541.7)
946.4589|(1022.4, 565.1)
946.4751|(1027.4, 564.7)
946.492|(1023.1, 576.9)
946.5085|(1027.2, 577.6)
946.5251|(1029.7, 577.2)
946.5419|(1027.9, 576.0)
946.5585|(1025.2, 571.2)
946.592|(1023.1, 574.2)
946.6088|(1023.9, 574.0)
946.6254|(1026.7, 571.5)
946.6422|(1030.2, 571.3)
946.6754|(1035.6, 570.2)
946.6924|(1035.8, 570.5)
946.7087|(1109.0, 574.6)
946.7422|(1125.8, 577.1)
946.7756|(1145.2, 578.4)
946.7925|(1144.6, 576.1)
946.8091|(1143.7, 575.2)
946.8257|(1137.3, 572.6)
946.8423|(1139.4, 570.5)
946.8591|(1141.1, 568.3)
946.8925|(1139.4, 567.5)
946.9091|(1135.4, 568.9)
946.9258|(1135.4, 568.6)
946.9424|(1135.6, 565.4)
946.9594|(1170.5, 555.8)
946.9759|(1173.5, 556.2)
946.9928|(1175.3, 556.8)
947.0094|(1179.4, 556.3)
947.0428|(1174.5, 556.4)
947.0594|(1175.1, 557.4)
947.0761|(1173.4, 556.0)
947.0929|(1165.5, 551.7)
947.1263|(1009.8, 534.4)
947.1429|(963.7, 530.4)
947.1929|(775.7, 509.1)
947.2097|(776.9, 506.3)
947.2266|(776.2, 504.9)
947.26|(775.5, 502.8)
947.2766|(775.9, 503.2)
947.2931|(775.7, 503.0)
947.3096|(773.0, 501.8)
947.3432|(771.4, 506.6)
947.3601|(771.3, 509.6)
947.3766|(780.6, 513.3)
947.3933|(783.9, 519.4)
947.41|(800.3, 522.2)
947.4266|(781.0, 521.0)
947.4433|(785.4, 520.3)
947.4601|(785.9, 519.8)
947.4935|(779.3, 519.0)
947.5099|(779.0, 518.9)
947.527|(792.0, 512.2)
947.5435|(810.7, 514.1)
947.5602|(789.9, 507.1)
947.5769|(791.8, 504.4)
947.5938|(837.3, 503.6)
947.6104|(852.7, 503.4)
947.6439|(869.2, 505.5)
947.6605|(890.6, 510.1)
947.6771|(882.3, 514.6)
947.7105|(881.5, 515.5)
947.7274|(883.1, 514.5)
947.7438|(882.9, 515.9)
947.7606|(884.3, 515.4)
947.7942|(891.1, 513.6)
947.8109|(897.2, 510.4)
947.8277|(900.2, 509.3)
947.8441|(926.0, 507.5)
947.8607|(940.1, 513.5)
947.9944|(1013.8, 486.4)
948.0109|(975.8, 513.1)
948.0276|(973.3, 533.5)
948.0444|(972.1, 540.6)
948.0612|(966.6, 540.5)
948.0945|(964.9, 540.8)
948.1112|(962.8, 539.7)
948.1279|(969.3, 540.3)
948.1616|(991.5, 539.5)
948.1778|(1000.4, 536.6)
948.1947|(999.4, 534.8)
948.2114|(1015.5, 534.7)
948.2447|(1015.9, 528.7)
948.2615|(1000.0, 517.0)
948.2949|(999.6, 514.0)
948.3116|(1000.4, 507.2)
948.3282|(1002.8, 508.0)
948.345|(1001.6, 508.4)
948.3617|(999.7, 509.0)
948.395|(1001.2, 509.3)
948.4117|(1001.2, 509.8)
948.4284|(999.4, 509.7)
948.4451|(992.0, 507.6)
948.4619|(951.3, 502.0)
948.4784|(908.6, 504.3)
948.4952|(899.3, 504.5)
948.5119|(846.3, 510.5)
948.5453|(784.6, 519.5)
948.5621|(783.5, 519.0)
948.5786|(781.7, 532.9)
948.5953|(778.9, 538.6)
948.6121|(777.0, 538.8)
948.6287|(780.5, 539.6)
948.6454|(782.6, 535.2)
948.6621|(782.7, 529.2)
948.6955|(787.7, 517.3)
948.7123|(798.5, 511.2)
948.7457|(762.1, 475.6)
948.7623|(777.5, 478.2)
948.779|(780.0, 478.8)
948.7956|(774.6, 474.8)
948.8123|(774.4, 469.9)
948.8458|(781.7, 462.8)
948.8792|(783.0, 460.4)
948.8959|(792.7, 465.7)
948.9125|(797.5, 467.7)
948.9292|(796.9, 466.5)
948.9459|(796.7, 466.2)
948.9626|(796.9, 465.7)
948.996|(799.3, 465.9)
949.0126|(798.2, 464.8)
949.0294|(809.3, 463.2)
949.046|(858.0, 458.8)
949.0627|(859.0, 458.6)
949.0795|(856.4, 459.3)
949.0962|(862.5, 459.7)
949.113|(862.4, 460.2)
949.1462|(866.2, 460.4)
949.163|(867.7, 460.0)
949.1965|(870.5, 459.9)
949.213|(871.0, 459.9)
949.2464|(876.3, 461.1)
949.2634|(875.6, 460.7)
949.2964|(888.5, 463.6)
949.33|(897.5, 461.1)
949.3466|(884.7, 458.3)
949.3798|(856.2, 444.7)
949.397|(827.1, 429.5)
949.4133|(810.2, 420.7)
949.4467|(794.3, 411.5)
949.4634|(798.5, 413.9)
949.48|(797.7, 410.4)
949.4968|(796.5, 406.4)
949.5135|(793.8, 406.4)
949.5305|(794.3, 405.5)
949.5471|(795.4, 405.1)
949.5638|(796.4, 405.2)
949.597|(797.9, 405.5)
949.6137|(831.0, 409.7)
949.6304|(837.7, 412.1)
949.6472|(838.4, 414.0)
949.6639|(837.9, 414.3)
949.6804|(833.5, 413.4)
949.6973|(831.0, 412.6)
949.7139|(838.4, 414.5)
949.7472|(841.3, 416.3)
949.7806|(884.3, 418.0)
949.7975|(875.3, 418.6)
949.814|(899.3, 420.4)
949.8306|(901.1, 421.8)
949.8474|(901.8, 422.6)
949.8642|(900.4, 422.2)
949.8976|(896.1, 422.5)
949.9142|(892.5, 421.9)
949.931|(890.3, 420.3)
949.9474|(890.8, 419.9)
949.9641|(889.5, 416.1)
949.981|(888.8, 417.8)
949.9976|(895.9, 416.9)
950.0145|(936.6, 424.8)
950.0478|(940.6, 423.6)
950.0645|(948.0, 420.8)
950.0811|(950.7, 420.5)
950.0978|(945.9, 418.9)
950.1146|(946.3, 419.0)
950.1313|(945.3, 417.9)
950.1479|(946.9, 418.0)
950.1646|(949.8, 417.8)
950.1982|(961.3, 420.4)
950.2315|(997.3, 421.1)
950.248|(1002.8, 421.4)
950.2646|(1006.3, 423.4)
950.2814|(1000.0, 422.9)
950.2982|(990.2, 419.0)
950.3149|(943.1, 403.0)
950.3484|(926.7, 398.9)
950.3651|(855.3, 388.6)
950.3819|(846.4, 381.3)
950.4149|(848.5, 384.2)
950.4318|(837.1, 379.9)
950.4485|(833.6, 380.2)
950.465|(829.3, 378.3)
950.4985|(819.2, 375.9)
950.515|(825.0, 376.3)
950.532|(826.5, 376.0)
950.5485|(838.0, 375.9)
950.5652|(859.3, 374.9)
950.5819|(876.3, 375.5)
950.5988|(921.2, 378.5)
950.6153|(918.7, 378.0)
950.6486|(939.8, 377.5)
950.6653|(939.1, 367.4)
950.6823|(938.8, 367.7)
950.6989|(937.4, 371.0)
950.7155|(936.5, 371.0)
950.7323|(935.7, 370.3)
950.7489|(937.3, 371.7)
950.7657|(936.8, 374.0)
950.7822|(937.6, 375.6)
950.8157|(820.1, 340.8)
950.8326|(813.8, 339.3)
950.8489|(812.9, 342.7)
950.8658|(803.0, 349.8)
950.8826|(800.4, 350.3)
950.8991|(798.2, 345.2)
950.9159|(796.3, 344.3)
950.9493|(796.1, 341.3)
950.9661|(798.9, 342.9)
950.9826|(799.2, 345.4)
950.9995|(802.6, 345.9)
951.016|(798.3, 358.3)
951.0328|(791.2, 391.2)
951.0494|(783.4, 435.1)
951.0662|(774.4, 462.9)
951.0996|(761.5, 503.0)
951.1161|(733.2, 564.6)
951.1329|(733.1, 564.6)
951.1497|(733.0, 562.5)
951.1663|(737.2, 560.8)
951.183|(732.4, 560.5)
951.1996|(735.7, 556.1)
951.2164|(729.5, 560.0)
951.2332|(714.7, 565.8)
951.2667|(696.6, 576.5)
951.2831|(692.9, 578.4)
951.2999|(678.4, 584.7)
951.3166|(676.3, 585.2)
951.3333|(666.2, 591.6)
951.3499|(666.3, 588.0)
951.3666|(667.1, 586.0)
951.4001|(659.3, 611.9)
951.4169|(659.2, 614.6)
951.4333|(654.3, 709.9)
951.4499|(653.6, 715.6)
951.4667|(653.7, 719.6)
951.4835|(651.6, 732.4)
951.5003|(651.5, 733.1)
951.517|(646.9, 735.0)
951.5502|(648.1, 737.8)
951.5835|(646.9, 741.6)
951.6003|(645.8, 743.3)
951.6337|(660.9, 740.0)
951.6504|(664.4, 738.1)
951.6674|(651.4, 740.7)
951.6837|(637.7, 758.1)
951.7004|(633.0, 773.3)
951.7172|(634.4, 768.7)
951.7339|(631.4, 777.7)
951.7506|(614.0, 800.5)
951.7673|(614.1, 821.7)
951.7841|(619.3, 818.9)
951.8007|(602.3, 814.5)
951.8174|(610.6, 816.3)
951.8508|(611.3, 803.5)
951.8674|(615.4, 800.3)
951.884|(632.1, 775.9)
951.9007|(644.2, 749.3)
951.9176|(651.9, 725.8)
951.9342|(656.4, 721.7)
951.951|(668.8, 718.9)
952.0012|(663.3, 725.3)
952.0178|(665.3, 725.1)
952.0345|(653.2, 727.4)
952.051|(650.9, 727.5)
952.0677|(640.7, 730.1)
952.0845|(639.5, 730.5)
952.1012|(617.7, 738.4)
952.1346|(598.5, 743.3)
952.168|(614.9, 745.4)
952.1847|(616.6, 747.6)
952.2014|(575.6, 743.0)
952.218|(583.3, 741.3)
952.2347|(600.7, 729.7)
952.2514|(655.4, 670.3)
952.2683|(702.6, 621.7)
952.3016|(737.7, 584.4)
952.3183|(788.9, 528.8)
952.335|(831.7, 483.3)
952.3516|(831.9, 485.8)
952.3684|(831.5, 486.3)
952.3849|(830.0, 492.0)
952.4019|(831.0, 495.2)
952.4518|(826.6, 502.7)
952.4683|(823.7, 508.0)
952.4851|(823.4, 509.2)
952.5019|(820.2, 512.7)
952.5186|(818.6, 515.3)
952.5355|(819.4, 516.6)
952.5519|(819.8, 516.5)
952.5688|(820.8, 515.6)
952.5852|(820.9, 515.9)
952.6021|(820.5, 516.5)
952.6186|(818.1, 519.0)
952.6354|(815.3, 521.8)
952.6523|(815.8, 519.0)
952.6687|(814.0, 517.4)
952.6855|(814.3, 517.5)
952.7021|(812.8, 508.9)
952.7189|(808.9, 493.4)
952.7357|(794.7, 482.5)
952.7692|(788.7, 477.8)
952.7855|(805.8, 469.9)
952.8191|(822.3, 469.6)
952.836|(827.4, 465.1)
952.8523|(824.3, 472.5)
952.8858|(832.5, 476.7)
952.9026|(833.3, 480.8)
952.9358|(836.2, 475.8)
952.9526|(836.8, 483.4)
952.9861|(842.7, 482.8)
953.0361|(850.7, 483.3)
953.0527|(853.6, 485.1)
953.0693|(873.6, 492.6)
953.0862|(871.6, 491.3)
953.103|(885.5, 494.7)
953.1196|(894.2, 496.8)
953.1364|(891.8, 496.3)
953.1529|(897.2, 495.9)
953.1695|(967.0, 496.0)
953.1863|(978.3, 496.5)
953.2031|(978.3, 499.0)
953.2197|(996.7, 509.1)
953.2363|(994.8, 508.9)
953.2532|(1002.8, 505.8)
953.2697|(1004.5, 506.4)
953.2864|(1006.9, 510.6)
953.3032|(1006.0, 515.6)
953.3366|(1007.3, 515.0)
953.3533|(1006.5, 516.8)
953.3699|(1077.5, 516.7)
953.3867|(1086.4, 518.6)
953.4036|(1089.0, 519.7)
953.4201|(1087.7, 521.6)
953.4368|(1087.4, 520.7)
953.4702|(1093.3, 517.4)
953.4867|(1094.0, 517.7)
953.5034|(1093.0, 520.3)
953.5201|(1097.4, 520.2)
953.537|(1098.6, 519.6)
953.5535|(1102.2, 520.2)
953.5704|(1108.0, 519.8)
953.587|(1111.3, 518.6)
953.6036|(1116.3, 517.3)
953.6202|(1125.2, 511.1)
953.637|(1131.0, 509.1)
953.6537|(1133.7, 509.9)
953.6705|(1133.0, 510.4)
953.6872|(1128.7, 510.7)
953.7039|(1129.7, 510.2)
953.7205|(1124.8, 509.8)
953.7373|(1120.4, 509.0)
953.7538|(1059.9, 507.7)
953.7874|(1030.0, 510.0)
953.8041|(1048.1, 508.5)
953.8207|(990.2, 511.5)
953.8375|(989.7, 512.2)
953.8541|(990.6, 513.0)
953.8708|(989.9, 516.2)
953.8875|(979.8, 521.1)
953.9209|(961.3, 526.4)
953.9379|(916.1, 546.6)
953.9542|(794.8, 628.5)
953.9709|(765.9, 647.4)
953.9877|(764.6, 648.6)
954.0045|(747.8, 660.4)
954.0212|(719.5, 676.3)
954.0546|(718.9, 676.4)
954.0712|(717.6, 674.2)
954.0879|(715.8, 665.9)
954.1045|(712.4, 650.5)
954.1211|(712.7, 639.0)
954.1379|(712.8, 618.9)
954.1547|(713.2, 610.7)
954.1714|(713.8, 596.0)
954.188|(714.3, 584.9)
954.205|(713.8, 548.3)
954.2381|(709.9, 538.1)
954.2548|(711.0, 537.2)
954.2715|(711.5, 537.5)
954.2883|(711.7, 536.4)
954.3049|(707.7, 537.0)
954.3215|(693.6, 540.1)
954.3384|(679.5, 544.2)
954.3548|(673.1, 546.3)
954.3884|(660.3, 548.3)
954.5052|(742.1, 518.4)
954.5386|(758.0, 531.5)
954.5552|(763.1, 516.1)
954.5722|(780.7, 518.6)
954.5886|(796.9, 534.6)
954.6057|(801.6, 538.4)
954.6221|(798.4, 533.6)
954.6388|(803.0, 540.3)
954.6555|(804.2, 559.8)
954.6888|(805.8, 563.7)
954.7057|(805.1, 562.0)
954.7222|(820.8, 562.3)
954.7389|(920.4, 551.7)
954.7556|(924.3, 550.2)
954.7723|(930.3, 548.6)
954.789|(953.6, 546.2)
954.8056|(934.0, 547.6)
954.839|(938.3, 543.6)
954.8557|(941.1, 544.0)
954.8726|(956.8, 535.7)
954.8891|(955.6, 535.5)
954.9059|(940.6, 543.7)
954.9225|(935.8, 547.2)
954.956|(956.8, 547.2)
954.9892|(988.5, 532.4)
955.0059|(989.8, 530.1)
955.0228|(1008.7, 527.5)
955.0394|(1029.4, 525.3)
955.0561|(1026.0, 525.0)
955.0895|(1031.3, 525.8)
955.1063|(1030.5, 527.6)
955.1397|(1030.9, 529.6)
955.1563|(1028.8, 535.1)
955.173|(1027.0, 538.7)
955.1897|(1019.9, 541.1)
955.2064|(1023.2, 539.2)
955.223|(896.5, 458.2)
955.2397|(880.0, 449.7)
955.2563|(873.5, 444.3)
955.2898|(865.4, 438.3)
955.3068|(857.2, 431.4)
955.3232|(857.2, 430.6)
955.3398|(857.0, 434.4)
955.3568|(856.1, 438.4)
955.3732|(854.0, 440.6)
955.3899|(843.7, 445.8)
955.4067|(839.1, 445.8)
955.44|(834.7, 453.7)
955.4567|(836.3, 453.0)
955.4736|(836.8, 450.3)
955.4901|(837.7, 450.5)
955.5069|(836.8, 451.5)
955.5403|(837.0, 446.0)
955.5569|(836.9, 444.7)
955.5903|(831.1, 442.9)
955.6071|(833.8, 441.1)
955.6237|(812.1, 444.0)
955.6404|(807.3, 443.9)
955.6572|(785.7, 444.3)
955.7906|(813.3, 414.6)
955.824|(802.9, 509.2)
955.8406|(803.8, 494.0)
955.8574|(799.0, 478.1)
955.8907|(793.2, 467.4)
955.9075|(792.6, 472.1)
955.9241|(798.9, 487.0)
955.941|(787.3, 496.8)
955.9575|(789.4, 494.7)
955.9911|(784.6, 501.5)
956.0077|(794.6, 503.0)
956.041|(789.4, 503.0)
956.0578|(787.6, 502.7)
956.0748|(782.7, 501.6)
956.0911|(790.7, 498.7)
956.1246|(799.1, 502.2)
956.142|(797.8, 510.0)
956.158|(798.9, 509.7)
956.1913|(798.8, 509.1)
956.2081|(796.7, 513.0)
956.2247|(797.3, 510.0)
956.2414|(798.3, 505.9)
956.2581|(799.2, 505.4)
956.2748|(795.9, 513.7)
956.2914|(778.7, 521.5)
956.3082|(770.4, 527.1)
956.3417|(747.8, 538.8)
956.3583|(712.4, 548.2)
956.3749|(710.1, 545.6)
956.4083|(708.8, 543.5)
956.425|(720.8, 545.1)
956.442|(720.6, 543.1)
956.4583|(720.7, 541.3)
956.4918|(721.6, 552.6)
956.5085|(719.4, 550.5)
956.5251|(769.1, 543.8)
956.5422|(777.7, 540.3)
956.5754|(794.7, 537.8)
956.5922|(796.3, 535.1)
956.6923|(789.1, 470.4)
956.7255|(782.8, 445.0)
956.7422|(785.4, 466.9)
956.7587|(786.2, 479.0)
956.7922|(788.0, 489.4)
956.809|(789.8, 511.8)
956.8257|(793.9, 518.8)
956.8425|(794.0, 518.2)
956.8593|(792.5, 536.9)
956.8759|(792.3, 538.6)
956.8925|(800.3, 538.2)
956.9094|(794.6, 537.9)
956.9426|(814.5, 545.1)
956.9592|(811.6, 542.5)
956.9761|(836.5, 538.3)
956.9927|(897.8, 537.7)
957.0092|(909.4, 542.9)
957.0262|(914.4, 539.2)
957.0428|(916.5, 537.5)
957.0594|(916.8, 541.2)
957.0928|(917.7, 540.4)
957.1097|(914.7, 534.2)
957.1263|(920.6, 531.1)
957.1596|(918.4, 531.7)
957.1766|(897.4, 537.4)
957.1928|(883.9, 539.9)
957.2098|(874.0, 540.5)
957.243|(875.1, 543.6)
957.2598|(876.2, 544.0)
957.2766|(878.0, 544.2)
957.2932|(878.4, 544.7)
957.3099|(876.1, 545.6)
957.3264|(875.1, 546.2)
957.3431|(874.9, 545.6)
957.36|(872.7, 545.8)
957.3933|(866.8, 553.0)
957.4102|(868.3, 547.4)
957.4269|(813.2, 514.1)
957.4435|(808.9, 513.0)
957.4601|(783.4, 505.1)
957.4769|(777.4, 503.4)
957.4933|(785.2, 502.7)
957.5101|(776.4, 504.9)
957.5438|(780.4, 502.9)
957.5603|(789.5, 498.4)
957.5771|(795.2, 490.9)
957.6104|(795.2, 490.9)
957.6271|(796.3, 501.2)
957.6439|(797.0, 503.3)
957.6605|(796.5, 504.4)
957.6938|(795.0, 506.3)
957.7105|(794.6, 509.8)
957.7441|(793.4, 509.8)
957.7607|(796.8, 511.0)
957.7939|(800.0, 510.8)
957.8107|(811.3, 510.4)
957.8441|(843.1, 505.3)
957.8608|(855.9, 503.4)
957.9944|(919.8, 384.1)
958.0277|(947.3, 479.0)
958.0613|(937.7, 498.9)
958.078|(941.8, 492.0)
958.0944|(947.2, 507.4)
958.1112|(951.0, 506.0)
958.1446|(948.0, 513.5)
958.1614|(947.6, 513.5)
958.1946|(952.3, 510.1)
958.2115|(950.4, 510.0)
958.2279|(951.1, 513.5)
958.2446|(949.1, 515.3)
958.2614|(944.6, 520.4)
958.2949|(947.9, 522.6)
958.3116|(950.2, 522.6)
958.3282|(970.7, 518.7)
958.3449|(1011.3, 507.8)
958.3615|(1017.1, 506.2)
958.3782|(1018.7, 505.7)
958.395|(1019.3, 505.7)
958.4119|(1017.3, 509.8)
958.4449|(1018.2, 508.0)
958.4619|(1017.6, 509.7)
958.4786|(1011.6, 511.3)
958.4952|(1009.4, 507.1)
958.5119|(1012.2, 507.3)
958.5285|(1011.8, 506.7)
958.5452|(1014.2, 507.2)
958.5619|(1014.1, 507.7)
958.5953|(1008.7, 508.2)
958.6121|(991.3, 506.6)
958.6455|(945.0, 502.4)
958.6622|(932.6, 502.2)
958.6787|(919.1, 500.9)
958.6954|(918.5, 500.6)
958.7122|(919.3, 499.3)
958.7459|(919.5, 499.4)
958.7791|(925.9, 493.3)
958.7957|(923.4, 493.1)
958.8124|(901.7, 486.3)
958.829|(878.7, 479.0)
958.8458|(868.9, 475.3)
958.8625|(823.3, 468.3)
958.8957|(826.1, 464.9)
958.9125|(831.4, 473.0)
958.9292|(834.3, 472.5)
958.9458|(839.7, 467.5)
958.9625|(845.1, 465.3)
958.9794|(840.2, 466.6)
958.9959|(844.3, 464.8)
959.0127|(846.6, 464.9)
959.0461|(846.5, 467.4)
959.0629|(845.0, 467.9)
959.0793|(845.7, 465.5)
959.0963|(845.9, 464.4)
959.113|(845.8, 462.9)
959.1295|(838.6, 459.4)
959.1464|(836.5, 459.8)
959.163|(835.2, 459.1)
959.1964|(821.2, 460.5)
959.2297|(807.6, 463.9)
959.2465|(788.4, 468.2)
959.2629|(784.5, 468.6)
959.2798|(784.7, 467.6)
959.2965|(781.9, 467.2)
959.3132|(781.6, 469.3)
959.3466|(783.9, 464.5)
959.3632|(784.9, 464.0)
959.38|(785.7, 461.8)
959.3964|(788.1, 459.1)
959.4134|(788.0, 459.6)
959.43|(787.7, 459.7)
959.4467|(785.1, 462.1)
959.4634|(817.8, 461.8)
959.4969|(821.8, 460.6)
959.5135|(838.1, 464.5)
959.5302|(837.9, 463.8)
959.5471|(840.2, 463.9)
959.5637|(844.8, 462.6)
959.5803|(845.6, 463.0)
959.5969|(844.4, 463.3)
959.6136|(840.2, 468.8)
959.6473|(839.3, 469.6)
959.6806|(850.0, 480.8)
959.6971|(852.3, 484.3)
959.7137|(853.9, 517.6)
959.7305|(852.6, 520.4)
959.7473|(851.8, 515.7)
959.764|(850.2, 510.5)
959.7973|(847.8, 541.0)
959.8143|(847.5, 541.3)
959.8307|(846.0, 540.2)
959.8475|(848.9, 539.5)
959.864|(848.8, 539.8)
959.8809|(848.2, 539.8)
959.8975|(839.6, 546.4)
959.9142|(839.5, 546.8)
959.9479|(832.4, 587.8)
959.9644|(820.5, 647.1)
959.981|(813.3, 698.9)
959.9975|(813.6, 695.7)
960.0145|(803.7, 771.3)
960.0311|(792.0, 839.5)
960.0479|(790.6, 835.7)
960.0644|(790.9, 839.0)
960.0979|(793.1, 838.0)
960.1146|(793.5, 835.4)
960.1316|(807.2, 834.8)
960.148|(797.7, 837.0)
960.1646|(829.3, 835.4)
960.1814|(817.2, 831.3)
960.1981|(813.3, 830.0)
960.2148|(825.5, 819.0)
960.2484|(801.5, 804.5)
960.2647|(745.3, 734.6)
960.2817|(766.6, 756.0)
960.2982|(712.1, 709.1)
960.3148|(687.4, 679.4)
960.3317|(688.0, 679.1)
960.3483|(688.1, 681.1)
960.3651|(685.0, 682.4)
960.3983|(690.0, 680.2)
960.4151|(688.7, 681.5)
960.4315|(688.1, 679.6)
960.4484|(689.2, 678.3)
960.465|(689.8, 682.3)
960.4819|(685.8, 727.8)
960.4984|(685.4, 729.7)
960.5153|(684.9, 734.2)
960.5486|(684.4, 744.2)
960.5818|(681.3, 742.6)
960.5986|(678.1, 738.9)
960.6153|(670.3, 734.4)
960.6321|(665.9, 732.3)
960.6487|(663.2, 733.1)
960.6655|(667.9, 739.4)
960.6821|(662.6, 736.8)
960.7156|(654.8, 743.3)
960.7321|(655.1, 743.0)
960.749|(654.3, 738.7)
960.7656|(655.4, 738.9)
960.7824|(658.9, 725.3)
960.7991|(657.3, 726.0)
960.816|(656.3, 726.5)
960.8491|(667.9, 723.2)
960.8659|(668.8, 723.2)
960.8825|(664.4, 721.6)
960.8991|(661.8, 727.3)
960.916|(649.6, 732.1)
960.9326|(655.3, 711.1)
960.9492|(673.8, 668.5)
960.966|(696.1, 602.3)
960.9994|(737.2, 520.9)
961.0161|(762.3, 500.0)
961.0326|(740.4, 508.5)
961.0494|(735.5, 509.5)
961.0661|(710.5, 519.2)
961.0831|(727.0, 515.7)
961.0995|(729.7, 510.1)
961.1162|(729.1, 507.6)
961.133|(731.7, 507.2)
961.1497|(730.9, 506.9)
961.1663|(732.1, 504.0)
961.183|(733.3, 503.4)
961.1996|(735.0, 505.8)
961.2164|(736.0, 503.1)
961.233|(738.5, 500.4)
961.2497|(740.5, 494.8)
961.2666|(743.1, 494.5)
961.2998|(752.1, 496.3)
961.3168|(778.3, 468.0)
961.333|(784.2, 454.9)
961.3499|(803.3, 425.2)
961.3666|(804.2, 424.4)
961.3834|(804.9, 423.6)
961.4|(799.7, 432.7)
961.4169|(797.0, 432.2)
961.4503|(805.6, 429.6)
961.4667|(806.0, 425.4)
961.4835|(805.2, 427.6)
961.5001|(801.8, 427.3)
961.517|(800.0, 426.8)
961.5336|(798.8, 417.4)
961.5504|(799.2, 416.6)
961.567|(799.1, 415.8)
961.5838|(791.5, 415.3)
961.6001|(791.5, 414.8)
961.6171|(794.9, 413.8)
961.6338|(796.8, 410.6)
961.6503|(797.2, 410.0)
961.6671|(800.8, 409.5)
961.6839|(800.2, 409.3)
961.7005|(792.5, 412.5)
961.717|(792.1, 414.9)
961.7506|(818.6, 416.4)
961.7672|(824.2, 414.2)
961.7839|(839.0, 416.5)
961.8007|(848.2, 418.1)
961.8176|(854.8, 418.8)
961.834|(869.7, 414.5)
961.8507|(876.9, 409.8)
961.9008|(881.1, 404.8)
961.9175|(889.1, 402.5)
961.934|(894.5, 401.8)
961.9509|(909.5, 401.8)
961.9675|(917.1, 403.5)
961.9844|(917.5, 407.1)
962.001|(917.2, 405.4)
962.0176|(918.7, 411.0)
962.0344|(922.6, 409.0)
962.051|(913.9, 418.0)
962.0677|(916.6, 416.2)
962.0845|(924.6, 412.1)
962.118|(924.3, 413.2)
962.1345|(927.8, 409.5)
962.1513|(1000.9, 459.4)
962.168|(1010.6, 465.3)
962.2014|(1047.5, 495.1)
962.2181|(1048.6, 494.6)
962.2347|(1051.5, 490.4)
962.2514|(1049.8, 491.1)
962.2682|(1047.6, 493.2)
962.2849|(1052.8, 493.3)
962.3016|(1075.4, 503.6)
962.3516|(1098.5, 503.0)
962.3682|(1112.7, 500.8)
962.385|(1110.8, 502.2)
962.4016|(1110.7, 502.5)
962.4184|(1109.3, 502.9)
962.4351|(1111.7, 491.3)
962.4518|(1109.3, 493.8)
962.4686|(913.5, 428.7)
962.4852|(859.2, 408.9)
962.5018|(788.4, 379.8)
962.5185|(755.4, 347.8)
962.5352|(750.1, 340.5)
962.5852|(761.7, 339.0)
962.6019|(753.5, 328.9)
962.6187|(754.0, 328.4)
962.6355|(752.4, 329.8)
962.6523|(754.3, 329.2)
962.6688|(756.4, 329.1)
962.6854|(750.6, 336.6)
962.7021|(742.7, 333.7)
962.7189|(714.9, 322.1)
962.7357|(703.1, 316.5)
962.7523|(698.8, 316.2)
962.8024|(685.1, 300.9)
962.819|(686.6, 298.6)
962.8358|(682.9, 299.7)
962.8525|(683.1, 322.8)
962.8691|(688.4, 370.3)
962.8861|(697.9, 441.5)
962.9191|(696.7, 437.3)
962.9359|(712.7, 548.9)
962.9526|(708.3, 551.2)
962.9692|(698.4, 553.1)
962.986|(698.5, 552.3)
963.0027|(701.6, 549.7)
963.0195|(698.8, 551.1)
963.0362|(696.9, 551.8)
963.0527|(695.6, 552.2)
963.0695|(697.7, 551.1)
963.0862|(701.1, 550.1)
963.1028|(705.1, 549.9)
963.1198|(734.0, 550.4)
963.1362|(1134.6, 560.0)
963.1531|(1160.2, 561.5)
963.1696|(1180.8, 562.7)
963.1865|(1199.2, 563.7)
963.203|(1201.0, 564.2)
963.2365|(1200.6, 564.2)
963.2531|(1200.5, 563.7)
963.2697|(1200.4, 563.5)
963.2867|(1201.7, 561.4)
963.3032|(1202.5, 560.5)
963.3201|(1208.6, 562.0)
963.3367|(1205.9, 556.8)
963.3699|(1205.3, 555.7)
963.3868|(1207.5, 558.1)
963.4033|(1136.8, 530.9)
963.42|(1031.4, 499.1)
963.4368|(994.9, 488.0)
963.4534|(901.6, 459.4)
963.4702|(880.4, 454.9)
963.4869|(759.7, 422.8)
963.5036|(759.2, 423.4)
963.5203|(748.2, 412.5)
963.537|(644.3, 306.9)
963.5535|(635.9, 295.2)
963.5703|(613.8, 258.0)
963.5872|(609.5, 251.2)
963.6036|(604.8, 250.1)
963.6205|(592.4, 250.6)
963.637|(590.7, 249.0)
963.6539|(597.3, 243.9)
963.6874|(599.5, 243.0)
963.7039|(603.6, 240.3)
963.7205|(607.5, 235.8)
963.7372|(610.3, 232.9)
963.754|(606.6, 245.5)
963.7707|(598.8, 300.2)
963.7873|(667.3, 465.2)
963.8209|(682.2, 476.3)
963.8375|(698.6, 509.3)
963.8539|(726.5, 550.6)
963.8707|(719.2, 554.7)
963.8876|(717.3, 542.9)
963.9041|(716.7, 555.9)
963.9211|(729.6, 544.7)
963.9545|(727.1, 539.7)
963.9711|(725.7, 540.6)
963.9876|(721.8, 539.4)
964.0042|(715.1, 534.5)
964.0212|(711.1, 534.0)
964.0378|(707.1, 534.4)
964.0544|(705.7, 536.5)
964.0711|(704.3, 536.7)
964.088|(703.0, 534.8)
964.1045|(699.2, 535.6)
964.1378|(698.1, 539.0)
964.1547|(697.9, 540.2)
964.1713|(697.5, 540.6)
964.188|(696.8, 540.8)
964.2047|(691.0, 543.4)
964.2216|(691.2, 542.5)
964.2381|(698.0, 537.6)
964.2548|(703.0, 533.8)
964.2881|(697.4, 535.2)
964.3048|(666.3, 532.2)
964.3215|(653.2, 495.5)
964.3383|(648.1, 480.6)
964.355|(646.8, 479.4)
964.3716|(636.8, 435.4)
964.405|(644.0, 418.5)
964.4219|(643.6, 420.1)
964.4383|(655.5, 418.0)
964.455|(654.2, 419.6)
964.4717|(764.2, 619.3)
964.4886|(769.1, 627.8)
964.5052|(770.7, 631.9)
964.5219|(770.8, 631.1)
964.5387|(773.1, 634.6)
964.5552|(770.1, 631.5)
964.5886|(768.5, 624.8)
964.6053|(770.1, 622.3)
964.6221|(766.5, 619.9)
964.6387|(766.1, 620.5)
964.6554|(765.8, 623.4)
964.6721|(765.7, 625.6)
964.6888|(768.9, 622.2)
964.7056|(768.5, 619.0)
964.7388|(761.6, 622.3)
964.7557|(761.7, 621.4)
964.7723|(619.7, 357.1)
964.789|(580.1, 278.0)
964.8059|(548.2, 223.8)
964.8224|(519.5, 176.6)
964.8558|(521.8, 175.3)
964.8892|(519.3, 177.1)
964.9058|(522.3, 177.4)
964.9228|(535.5, 183.1)
964.9395|(551.2, 202.7)
964.9559|(559.9, 213.3)
964.9894|(560.3, 216.0)
965.006|(566.6, 219.2)
965.0394|(561.2, 221.9)
965.056|(558.8, 217.6)
965.0727|(558.3, 217.9)
965.0897|(555.6, 215.6)
965.1062|(563.5, 216.5)
965.1227|(564.9, 216.3)
965.1396|(568.8, 224.1)
965.1563|(570.4, 223.1)
965.1897|(567.2, 221.0)
965.2062|(546.5, 210.2)
965.223|(595.6, 218.4)
965.2397|(614.1, 225.2)
965.2565|(622.6, 227.4)
965.2732|(620.3, 229.0)
965.2897|(628.1, 240.9)
965.3065|(628.8, 241.6)
965.3397|(631.3, 240.5)
965.3566|(632.1, 239.1)
965.3734|(632.2, 239.2)
965.39|(632.2, 237.5)
965.4067|(626.5, 230.4)
965.4401|(635.1, 228.0)
965.4568|(637.3, 243.9)
965.4902|(645.3, 499.7)
965.5068|(647.5, 516.4)
965.5235|(648.2, 525.6)
965.5403|(643.8, 587.1)
965.5737|(660.2, 578.1)
965.5903|(649.2, 580.4)
965.6069|(663.4, 569.9)
965.6404|(662.0, 571.1)
965.6572|(665.8, 566.1)
965.6739|(663.1, 570.0)
965.6906|(656.6, 574.4)
965.7071|(670.3, 565.7)
965.7238|(665.6, 580.1)
965.7404|(654.9, 601.7)
965.7571|(645.8, 619.9)
965.7906|(662.5, 617.9)
965.8074|(663.6, 617.6)
965.8243|(655.3, 627.1)
965.8409|(639.0, 648.2)
965.8574|(641.1, 635.3)
965.8741|(655.4, 624.6)
965.891|(657.2, 619.6)
965.9076|(659.8, 616.7)
965.9409|(652.8, 607.1)
965.9579|(651.2, 609.5)
965.9911|(688.2, 637.3)
966.0245|(720.3, 640.5)
966.0413|(720.4, 641.9)
966.0912|(770.1, 653.6)
966.1078|(771.1, 659.9)
966.1245|(772.6, 652.4)
966.1412|(773.2, 649.6)
966.158|(772.2, 639.3)
966.1746|(773.0, 639.1)
966.1914|(761.2, 618.7)
966.2079|(724.2, 531.1)
966.2413|(711.8, 506.8)
966.2581|(707.5, 501.6)
966.2748|(700.9, 502.7)
966.2916|(703.6, 497.1)
966.3081|(697.5, 497.0)
966.3249|(698.1, 497.0)
966.3417|(701.3, 495.0)
966.3584|(705.5, 492.8)
966.3917|(706.5, 493.2)
966.4085|(704.4, 494.3)
966.4252|(704.0, 492.4)
966.542|(692.6, 491.9)
966.5753|(700.6, 486.5)
966.6088|(683.8, 511.0)
966.6256|(693.8, 512.7)
966.642|(689.8, 518.1)
966.6588|(696.8, 521.0)
966.6922|(682.6, 527.4)
966.7089|(688.1, 526.9)
966.7256|(685.3, 528.1)
966.7422|(682.1, 533.4)
966.7591|(665.8, 544.4)
966.7755|(673.8, 540.2)
966.7922|(675.5, 538.0)
966.8089|(676.7, 536.8)
966.8423|(680.0, 528.2)
966.8592|(679.2, 528.0)
966.876|(675.7, 529.6)
966.8926|(671.9, 537.7)
966.9259|(651.8, 600.8)
966.9426|(644.1, 612.2)
966.9592|(645.5, 603.7)
966.9926|(636.5, 626.8)
967.0093|(635.9, 634.1)
967.0262|(637.8, 620.8)
967.0596|(654.6, 607.7)
967.0762|(655.2, 611.2)
967.0927|(653.5, 612.7)
967.1094|(657.1, 610.4)
967.1429|(657.2, 610.0)
967.1597|(653.8, 611.6)
967.1763|(636.5, 623.8)
967.193|(632.6, 616.3)
967.2097|(626.5, 617.2)
967.2264|(625.4, 615.7)
967.243|(628.9, 612.2)
967.2598|(624.5, 619.3)
967.2932|(620.3, 619.1)
967.3098|(618.6, 616.2)
967.3267|(626.6, 604.7)
967.3433|(623.7, 606.8)
967.3599|(608.5, 620.1)
967.3766|(605.4, 624.4)
967.3933|(597.7, 639.3)
967.41|(596.3, 640.5)
967.4433|(599.0, 630.4)
967.4603|(599.3, 627.8)
967.4767|(608.3, 694.2)
967.5103|(607.7, 705.5)
967.5269|(606.7, 715.4)
967.5434|(598.0, 759.5)
967.5602|(599.0, 761.3)
967.5937|(603.2, 750.5)
967.6104|(602.0, 747.6)
967.6271|(602.7, 747.3)
967.6605|(604.4, 716.4)
967.677|(590.5, 679.0)
967.6938|(572.3, 614.2)
967.7106|(567.4, 530.1)
967.7439|(558.8, 450.6)
967.7606|(561.3, 441.1)
967.7773|(552.2, 205.9)
967.7941|(560.3, 200.2)
967.8105|(556.5, 203.0)
967.8273|(555.8, 205.9)
967.8442|(558.2, 207.4)
967.8608|(559.4, 207.9)
967.8943|(559.1, 208.3)
967.9109|(558.8, 208.9)
967.9275|(550.6, 211.6)
967.9442|(550.3, 200.0)
967.9611|(512.1, 181.1)
967.9777|(506.5, 175.4)
967.9943|(498.8, 170.6)
968.0108|(496.8, 168.4)
968.0444|(488.9, 159.6)
968.0612|(489.1, 163.1)
968.0945|(486.6, 161.4)
968.1111|(479.3, 162.4)
968.1444|(485.5, 165.6)
968.1614|(516.0, 157.6)
968.1948|(624.2, 602.0)
968.2114|(617.8, 586.9)
968.2282|(621.7, 680.5)
968.2447|(602.6, 697.3)
968.2614|(597.0, 699.1)
968.278|(604.6, 695.5)
968.295|(602.9, 699.9)
968.3113|(601.0, 703.8)
968.3448|(590.5, 708.4)
968.3616|(581.9, 706.3)
968.3783|(587.9, 693.8)
968.3951|(584.0, 697.3)
968.4116|(586.5, 695.2)
968.4285|(594.5, 688.4)
968.4449|(611.1, 684.8)
968.4619|(602.3, 701.2)
968.4953|(604.5, 761.8)
968.5118|(585.6, 813.1)
968.5455|(590.7, 826.9)
968.5621|(587.1, 834.1)
968.5786|(602.5, 839.1)
968.5953|(605.4, 842.5)
968.612|(629.6, 841.4)
968.6453|(706.8, 831.8)
968.6622|(751.4, 814.9)
968.6788|(850.4, 784.6)
968.6956|(875.9, 771.4)
968.7122|(880.6, 763.0)
968.7289|(880.7, 772.8)
968.7455|(878.7, 775.6)
968.7623|(873.6, 787.8)
968.7958|(871.5, 787.7)
968.8124|(871.2, 791.2)
968.8294|(948.8, 628.8)
968.8458|(972.2, 576.6)
968.8624|(973.4, 572.7)
968.8794|(978.2, 562.3)
968.896|(970.3, 562.0)
968.9127|(971.9, 562.8)
968.946|(974.5, 565.0)
968.9627|(972.1, 564.9)
968.9792|(972.0, 565.5)
968.9962|(969.3, 566.7)
969.0126|(956.2, 571.9)
969.0295|(865.2, 591.4)
969.046|(861.7, 595.5)
969.0629|(853.2, 598.7)
969.0963|(817.5, 605.9)
969.113|(814.6, 611.9)
969.1297|(810.7, 616.3)
969.1464|(807.9, 616.1)
969.163|(806.9, 620.0)
969.1795|(806.1, 624.0)
969.1963|(802.9, 631.0)
969.213|(802.8, 647.0)
969.2464|(798.9, 661.9)
969.2633|(795.0, 677.5)
969.2798|(798.7, 678.4)
969.2967|(799.9, 676.2)
969.3132|(791.5, 676.7)
969.33|(786.2, 673.6)
969.3466|(734.3, 644.0)
969.3635|(712.4, 630.6)
969.3967|(695.7, 620.2)
969.4134|(683.9, 600.6)
969.4467|(689.4, 597.4)
969.4635|(686.7, 597.8)
969.4801|(687.3, 598.9)
969.4969|(684.0, 598.9)
969.5135|(680.8, 599.7)
969.547|(678.8, 592.8)
969.5804|(676.6, 589.5)
969.597|(675.6, 586.0)
969.6135|(1104.0, 542.3)
969.6303|(1123.8, 539.9)
969.6472|(1126.6, 538.1)
969.6638|(1146.0, 535.2)
969.6973|(1151.7, 533.2)
969.7139|(1176.8, 520.7)
969.7307|(1178.8, 514.2)
969.7471|(1178.0, 514.3)
969.7639|(1175.8, 514.1)
969.7808|(1176.5, 514.5)
969.7975|(1176.5, 522.1)
969.814|(1176.6, 520.3)
969.8475|(1173.9, 527.7)
969.8641|(1177.2, 536.6)
969.8808|(1176.7, 536.9)
969.8973|(1152.3, 522.7)
969.9141|(1058.1, 501.3)
969.931|(1003.1, 490.4)
969.9475|(1014.1, 494.3)
969.9644|(1006.3, 493.0)
969.9976|(940.4, 479.4)
970.0144|(940.6, 481.6)
970.0313|(939.9, 481.7)
970.0477|(941.2, 481.9)
970.0644|(948.3, 476.7)
970.0811|(955.1, 472.0)
970.098|(964.7, 474.0)
970.1145|(976.2, 476.6)
970.1481|(983.5, 478.8)
970.1647|(1027.9, 493.0)
970.1813|(1027.7, 492.0)
970.1979|(1030.9, 489.3)
970.2145|(1031.7, 485.7)
970.2316|(1033.3, 485.2)
970.248|(1031.7, 485.9)
970.2648|(1028.8, 487.3)
970.2981|(1013.6, 483.0)
970.3148|(1008.4, 484.5)
970.3314|(890.5, 442.9)
970.3481|(874.8, 438.7)
970.3651|(861.1, 434.8)
970.3816|(842.8, 429.4)
970.3984|(842.9, 428.8)
970.4151|(844.1, 428.1)
970.4484|(846.8, 432.6)
970.465|(847.1, 436.3)
970.4818|(842.4, 437.9)
970.4986|(847.2, 438.0)
970.5151|(847.5, 437.0)
970.532|(849.8, 430.6)
970.5486|(849.9, 424.3)
970.5653|(848.7, 418.7)
970.582|(848.8, 419.2)
970.6153|(710.7, 316.4)
970.6321|(679.9, 291.4)
970.6486|(645.5, 269.7)
970.6654|(646.7, 268.4)
970.6821|(646.3, 269.0)
970.6989|(644.4, 268.9)
970.7156|(644.1, 268.7)
970.749|(641.6, 271.3)
970.7658|(637.0, 275.0)
970.7822|(636.8, 273.9)
970.7988|(638.1, 265.3)
970.8157|(633.9, 260.9)
970.8326|(619.3, 242.0)
970.8491|(619.6, 241.1)
970.8658|(607.5, 231.1)
970.8992|(598.9, 219.5)
970.9158|(602.2, 216.2)
970.9324|(601.7, 214.0)
970.9494|(600.7, 213.8)
971.0995|(631.1, 676.1)
971.1161|(625.8, 756.7)
971.133|(624.6, 784.2)
971.1495|(624.9, 800.7)
971.1664|(627.7, 798.5)
971.1997|(638.7, 788.6)
971.2165|(640.6, 782.5)
971.233|(638.2, 779.5)
971.2496|(635.1, 761.1)
971.2664|(642.6, 759.6)
971.2832|(644.4, 755.6)
971.3|(643.5, 753.6)
971.3164|(644.0, 750.2)
971.3499|(649.2, 748.2)
971.3666|(646.0, 752.7)
971.3832|(652.5, 766.8)
971.4001|(667.0, 778.1)
971.4166|(710.2, 793.4)
971.4333|(711.7, 786.6)
971.4501|(711.2, 785.0)
971.4835|(738.5, 787.2)
971.5001|(740.9, 781.9)
971.5168|(753.8, 775.7)
971.5338|(743.2, 776.8)
971.5501|(775.8, 764.7)
971.5671|(774.8, 765.7)
971.5836|(763.7, 766.3)
971.6003|(705.0, 722.7)
971.6169|(671.7, 680.0)
971.6503|(645.6, 662.0)
971.6672|(644.1, 655.5)
971.6837|(641.4, 638.6)
971.7006|(645.8, 633.6)
971.7173|(643.3, 634.0)
971.7339|(648.4, 630.3)
971.7506|(648.1, 626.4)
971.8007|(653.7, 627.5)
971.8174|(666.1, 627.3)
971.8342|(692.4, 631.4)
971.8508|(688.2, 630.6)
971.8674|(721.3, 639.3)
971.8843|(751.2, 643.9)
971.9009|(760.4, 647.8)
971.9176|(771.2, 655.5)
971.9342|(766.1, 658.7)
971.9509|(768.9, 661.0)
971.9677|(773.0, 662.6)
971.9846|(773.5, 663.4)
972.0011|(773.2, 664.6)
972.0178|(771.5, 666.4)
972.0345|(771.2, 667.6)
972.0512|(770.9, 668.7)
972.0678|(770.9, 668.8)
972.1013|(773.4, 676.5)
972.2515|(681.4, 637.0)
972.2681|(684.3, 644.2)
972.2847|(675.6, 676.1)
972.3016|(682.2, 708.7)
972.3182|(668.7, 723.4)
972.3348|(683.8, 714.4)
972.3517|(679.9, 719.8)
972.3684|(666.1, 730.3)
972.3849|(664.5, 733.1)
972.4182|(666.8, 727.7)
972.435|(675.1, 722.1)
972.4685|(684.5, 723.7)
972.4851|(684.8, 723.2)
972.5186|(675.0, 712.6)
972.5519|(674.7, 711.5)
972.5687|(674.0, 707.8)
972.5854|(673.3, 704.9)
972.6019|(669.2, 690.1)
972.6187|(655.4, 592.8)
972.6357|(654.3, 588.2)
972.652|(653.2, 584.0)
972.7023|(651.7, 572.3)
972.7188|(654.7, 566.9)
972.7355|(656.8, 558.8)
972.7524|(661.0, 552.1)
972.769|(673.6, 539.8)
972.7856|(671.8, 540.4)
972.8191|(677.3, 538.7)
972.8357|(680.2, 542.9)
972.8523|(682.6, 549.8)
972.869|(685.9, 554.5)
972.8857|(691.2, 559.7)
972.9026|(684.6, 567.5)
972.9192|(661.9, 578.7)
972.9359|(666.4, 577.3)
972.9525|(670.9, 574.3)
972.9693|(666.0, 573.6)
973.1029|(614.3, 502.2)
973.1364|(684.4, 460.3)
973.153|(696.3, 473.0)
973.1696|(696.0, 477.8)
973.1863|(695.6, 497.9)
973.2031|(695.6, 509.0)
973.2196|(696.3, 509.1)
973.2366|(701.6, 513.3)
973.2698|(698.1, 518.0)
973.2866|(698.5, 519.9)
973.3032|(697.6, 520.2)
973.3196|(703.0, 519.4)
973.3367|(709.2, 517.4)
973.3532|(699.1, 517.9)
973.37|(712.7, 527.3)
973.4034|(712.6, 527.3)
973.42|(713.3, 524.7)
973.4367|(743.1, 529.6)
973.4534|(775.9, 535.0)
973.4701|(807.6, 540.8)
973.4868|(812.7, 539.2)
973.5036|(817.0, 537.2)
973.5202|(818.2, 526.8)
973.687|(868.5, 423.4)
973.7039|(857.8, 433.0)
973.7372|(854.5, 440.2)
973.7539|(855.3, 441.2)
973.7705|(852.9, 446.9)
973.7873|(850.5, 452.8)
973.804|(845.6, 462.8)
973.8207|(844.5, 464.5)
973.8539|(842.9, 466.4)
973.8708|(843.2, 465.0)
973.8873|(844.1, 457.8)
973.9041|(843.1, 454.4)
973.9208|(843.5, 455.4)
973.9376|(847.2, 450.2)
973.9542|(855.1, 469.2)
973.971|(857.8, 459.2)
973.9875|(892.7, 458.5)
974.0043|(927.9, 476.4)
974.0378|(1040.9, 488.6)
974.0543|(1028.7, 492.6)
974.0712|(1043.5, 493.3)
974.0878|(1044.7, 494.0)
974.1047|(1039.3, 497.1)
974.1213|(1013.4, 501.5)
974.3049|(1000.0, 379.1)
974.3381|(1003.4, 383.3)
974.3549|(1009.9, 396.9)
974.3716|(1008.6, 404.9)
974.3884|(1010.8, 410.1)
974.405|(1011.8, 412.4)
974.4217|(1012.3, 417.1)
974.4385|(1012.6, 419.3)
974.4551|(1017.7, 425.6)
974.4884|(1025.3, 433.0)
974.5054|(1025.3, 433.5)
974.5219|(1025.6, 431.3)
974.5387|(1027.1, 433.0)
974.5552|(1029.7, 433.2)
974.5719|(1036.0, 425.4)
974.5887|(1031.2, 423.8)
974.6053|(1025.4, 420.3)
974.6389|(994.1, 404.9)
974.6553|(973.2, 394.0)
974.6722|(935.7, 373.8)
974.6887|(934.7, 375.0)
974.7056|(932.4, 375.4)
974.722|(931.6, 372.5)
974.7556|(930.2, 372.9)
974.7888|(927.9, 367.7)
974.8055|(928.1, 367.8)
974.8224|(928.6, 368.8)
974.8393|(929.7, 368.9)
974.8559|(933.3, 370.3)
974.8725|(933.5, 370.8)
974.8892|(930.1, 371.4)
974.9063|(930.9, 373.0)
974.9393|(928.1, 384.9)
974.956|(925.2, 408.6)
974.9727|(924.4, 428.3)
974.9893|(925.3, 436.8)
975.0062|(925.8, 441.3)
975.0228|(926.9, 462.9)
975.0396|(927.8, 461.4)
975.056|(929.8, 457.3)
975.0895|(929.2, 458.3)
975.1063|(930.5, 457.9)
975.1229|(929.7, 471.9)
975.1397|(929.7, 473.6)
975.1564|(929.6, 476.1)
975.173|(931.3, 475.5)
975.1895|(943.6, 479.6)
975.2064|(1062.8, 519.5)
975.2397|(1069.3, 521.4)
975.2564|(1072.5, 522.6)
975.2731|(1070.2, 517.5)
975.2897|(1066.7, 513.2)
975.3066|(1069.7, 510.4)
975.34|(1065.9, 510.6)
975.3565|(1065.4, 510.7)
975.39|(1058.5, 517.5)
975.4069|(1058.7, 516.8)
975.4235|(1002.3, 514.7)
975.4404|(885.7, 506.8)
975.4569|(853.3, 505.1)
975.4735|(799.8, 505.9)
975.4902|(793.4, 519.0)
975.5068|(794.1, 510.0)
975.5403|(793.4, 511.1)
975.557|(790.6, 516.0)
975.5903|(789.6, 517.2)
975.6069|(789.2, 517.3)
975.6239|(788.4, 514.3)
975.6405|(778.2, 503.1)
975.6571|(752.1, 424.6)
975.6904|(744.4, 394.0)
975.7073|(736.6, 363.4)
975.7238|(737.1, 357.3)
975.7408|(737.9, 347.2)
975.7572|(737.6, 350.6)
975.7908|(732.4, 349.2)
975.8073|(734.2, 347.6)
975.8408|(728.8, 351.4)
975.8574|(731.9, 349.4)
975.874|(728.7, 345.9)
975.8909|(730.9, 345.5)
975.9076|(730.9, 345.6)
975.9242|(730.5, 342.3)
975.9411|(763.0, 351.5)
975.9574|(797.2, 352.6)
975.991|(804.4, 352.3)
976.0077|(823.6, 342.6)
976.0243|(827.4, 339.4)
976.0413|(828.5, 339.4)
976.0578|(821.4, 349.2)
976.0745|(823.7, 348.7)
976.091|(823.8, 349.9)
976.1078|(822.5, 352.8)
976.1412|(820.7, 345.4)
976.158|(820.7, 344.3)
976.1747|(822.2, 342.1)
976.1913|(822.3, 341.8)
976.2081|(821.3, 342.1)
976.3082|(781.1, 362.0)
976.3248|(653.2, 555.3)
976.3416|(689.8, 601.5)
976.3752|(692.2, 618.2)
976.3916|(693.2, 618.5)
976.4082|(693.2, 638.6)
976.4417|(701.4, 631.5)
976.4586|(704.2, 626.9)
976.4754|(702.4, 629.5)
976.4919|(702.7, 628.7)
976.5086|(699.7, 632.7)
976.5253|(715.1, 622.6)
976.5419|(722.0, 616.3)
976.5585|(742.9, 619.6)
976.592|(741.0, 623.8)
976.6088|(748.3, 623.5)
976.6252|(767.8, 632.7)
976.6422|(760.9, 629.7)
976.6589|(772.9, 631.8)
976.6756|(785.5, 628.5)
976.6921|(790.1, 628.1)
976.7089|(792.4, 625.3)
976.7422|(789.9, 619.7)
976.7589|(791.8, 618.5)
976.7758|(719.4, 617.4)
976.7923|(675.3, 605.0)
976.8256|(656.7, 616.4)
976.8425|(658.4, 612.9)
976.8925|(656.8, 617.0)
976.9092|(654.0, 602.8)
976.926|(674.6, 592.1)
976.9593|(666.6, 614.0)
976.9761|(665.0, 632.1)
976.9924|(668.3, 688.9)
977.0093|(666.6, 701.3)
977.0593|(662.9, 720.5)
977.0762|(658.8, 722.1)
977.0928|(659.7, 724.0)
977.1096|(663.5, 711.9)
977.1261|(665.2, 706.8)
977.1429|(669.4, 700.9)
977.1595|(667.1, 702.9)
977.193|(669.0, 703.1)
977.2096|(661.0, 701.9)
977.2264|(668.8, 696.8)
977.2431|(664.8, 703.6)
977.2597|(658.1, 703.9)
977.2764|(648.8, 703.0)
977.293|(644.5, 706.3)
977.3098|(642.9, 704.8)
977.3432|(643.2, 702.8)
977.3599|(644.7, 701.3)
977.3765|(647.8, 702.8)
977.4099|(643.9, 714.1)
977.4265|(649.8, 715.1)
977.4434|(659.0, 731.4)
977.46|(659.5, 735.4)
977.4936|(653.5, 757.9)
977.5102|(647.6, 754.5)
977.5604|(662.6, 746.8)
977.5769|(653.8, 763.0)
977.5936|(648.7, 759.1)
977.6104|(648.0, 756.3)
977.6438|(642.7, 756.5)
977.6605|(636.2, 745.4)
977.6938|(649.3, 743.1)
977.7271|(669.2, 739.4)
977.7439|(657.9, 746.5)
977.7606|(673.5, 734.8)
977.794|(675.9, 732.2)
977.9442|(651.9, 521.7)
977.9611|(708.8, 525.9)
977.9943|(737.8, 530.5)
978.0111|(727.6, 541.7)
978.0276|(722.5, 546.3)
978.0444|(718.6, 548.1)
978.061|(709.4, 565.0)
978.0945|(702.6, 568.1)
978.1115|(692.4, 575.4)
978.128|(689.9, 576.0)
978.1447|(683.3, 582.5)
978.1611|(653.6, 592.7)
978.1946|(661.3, 588.2)
978.2114|(648.7, 593.0)
978.2448|(657.3, 591.7)
978.2615|(664.8, 591.1)
978.2781|(647.1, 600.9)
978.2949|(771.1, 514.0)
978.3115|(794.6, 496.9)
978.3282|(814.2, 482.4)
978.3449|(830.6, 467.8)
978.3615|(833.0, 466.5)
978.3951|(842.5, 458.0)
978.4117|(847.0, 458.8)
978.4453|(847.6, 458.9)
978.4617|(846.7, 457.5)
978.4783|(845.7, 457.9)
978.495|(844.9, 457.8)
978.512|(844.4, 457.4)
978.5455|(842.6, 456.4)
978.5954|(842.6, 455.0)
978.6287|(843.1, 455.9)
978.6456|(851.1, 453.5)
978.6622|(884.5, 443.4)
978.6954|(888.6, 442.1)
978.7122|(897.5, 443.8)
978.7288|(896.6, 445.7)
978.7455|(895.9, 447.7)
978.7792|(898.4, 446.4)
978.7957|(900.4, 441.1)
978.8458|(866.1, 460.2)
978.8624|(874.4, 448.8)
978.8792|(858.5, 454.3)
978.8958|(852.1, 458.1)
978.9126|(842.8, 463.5)
978.9291|(844.3, 463.8)
978.9459|(834.5, 471.0)
978.9626|(806.3, 494.4)
978.9961|(797.2, 507.9)
979.0129|(796.6, 507.4)
979.0295|(799.3, 504.8)
979.0463|(797.3, 501.5)
979.0627|(794.1, 501.1)
979.0793|(784.8, 505.0)
979.0963|(778.7, 508.2)
979.1129|(772.5, 509.3)
979.2964|(772.8, 458.3)
979.3133|(790.5, 444.9)
979.3298|(795.0, 456.9)
979.3466|(796.2, 463.8)
979.3633|(796.6, 466.8)
979.3801|(794.4, 469.8)
979.3967|(793.9, 473.0)
979.4133|(790.3, 481.7)
979.4469|(825.5, 564.3)
979.4802|(813.7, 577.8)
979.4966|(815.9, 582.5)
979.5135|(812.3, 589.6)
979.53|(821.8, 587.9)
979.5469|(817.3, 592.2)
979.5637|(817.6, 593.5)
979.597|(803.1, 592.5)
979.6138|(807.6, 585.4)
979.6304|(828.8, 571.4)
979.647|(817.1, 574.6)
979.6636|(850.2, 554.1)
979.6805|(849.3, 553.8)
979.6971|(845.8, 554.3)
979.7142|(829.3, 561.0)
979.7473|(823.2, 561.8)
979.7639|(805.7, 557.7)
979.7806|(804.0, 556.6)
979.7973|(787.6, 548.6)
979.8141|(785.0, 546.3)
979.9475|(818.8, 323.4)
979.9811|(785.5, 385.3)
979.9977|(788.0, 399.1)
980.0309|(791.7, 410.5)
980.0644|(814.0, 427.1)
980.0813|(811.5, 426.4)
980.0979|(811.3, 425.3)
980.1148|(809.4, 425.6)
980.1312|(809.2, 425.6)
980.1478|(806.1, 427.5)
980.1646|(805.8, 429.9)
980.1979|(808.0, 429.2)
980.2147|(810.6, 427.2)
980.2313|(813.0, 427.3)
980.2481|(813.5, 426.8)
980.2646|(814.0, 425.5)
980.2816|(814.1, 424.8)
980.2982|(815.3, 424.4)
980.3148|(817.4, 423.3)
980.3482|(818.0, 422.4)
980.3648|(800.2, 389.0)
980.3816|(799.7, 385.3)
980.3983|(786.6, 374.8)
980.4151|(784.3, 371.4)
980.4316|(781.5, 370.6)
980.4483|(780.5, 370.7)
980.4652|(781.4, 370.7)
980.4819|(782.6, 363.8)
980.5153|(785.7, 364.3)
980.5319|(785.8, 364.4)
980.5486|(785.7, 365.1)
980.5652|(785.0, 364.9)
980.582|(783.0, 371.5)
980.5988|(780.1, 379.0)
980.6155|(777.9, 388.6)
980.6486|(708.7, 750.2)
980.6655|(714.9, 751.4)
980.6822|(716.4, 752.3)
980.6989|(746.0, 748.6)
980.7158|(741.8, 751.9)
980.7322|(742.3, 752.5)
980.749|(733.9, 759.8)
980.7655|(724.3, 765.6)
980.799|(752.0, 903.5)
980.8157|(769.4, 957.9)
980.8323|(772.9, 988.9)
980.8492|(770.5, 993.2)
980.8657|(769.6, 997.7)
980.8825|(781.0, 994.4)
980.8992|(779.9, 996.2)
980.9161|(777.4, 1006.5)
980.9328|(778.1, 1011.9)
980.9493|(779.9, 1011.5)
980.9659|(784.8, 1007.8)
980.9825|(786.8, 1003.6)
980.9993|(783.9, 994.4)
981.0161|(793.5, 1001.4)
981.0328|(794.9, 1002.4)
981.0496|(793.7, 1001.3)
981.0662|(792.0, 990.0)
981.0995|(801.9, 1005.7)
981.1161|(821.6, 997.5)
981.1328|(879.6, 999.8)
981.1495|(894.0, 1006.6)
981.1664|(897.7, 1009.3)
981.183|(909.0, 1015.6)
981.1998|(910.3, 1014.4)
981.2499|(910.2, 1017.6)
981.2665|(911.3, 1001.1)
981.2831|(906.7, 980.9)
981.2999|(888.0, 920.0)
981.3166|(821.8, 644.1)
981.3333|(810.8, 550.0)
981.35|(807.7, 521.0)
981.3665|(788.2, 427.3)
981.3833|(786.1, 414.9)
981.3999|(788.0, 409.1)
981.4167|(792.6, 406.4)
981.4335|(790.3, 409.5)
981.4501|(797.7, 408.3)
981.4667|(796.3, 407.3)
981.4836|(796.3, 407.2)
981.5003|(788.8, 407.5)
981.5168|(790.3, 407.3)
981.5503|(789.4, 404.4)
981.5668|(789.4, 404.2)
981.5837|(787.9, 404.5)
981.6003|(788.2, 405.6)
981.6171|(789.1, 405.8)
981.6339|(789.8, 406.0)
981.6504|(790.9, 405.5)
981.7004|(790.2, 406.2)
981.7172|(790.2, 402.1)
981.7337|(793.0, 389.1)
981.7506|(796.3, 379.9)
981.7673|(795.4, 377.7)
981.7839|(797.1, 370.8)
981.8007|(798.9, 367.1)
981.8175|(799.5, 364.3)
981.834|(801.3, 363.9)
981.8507|(802.4, 365.7)
981.8674|(802.5, 366.3)
981.8842|(802.5, 366.2)
981.9008|(802.2, 367.1)
981.9175|(803.2, 367.0)
981.9342|(802.6, 368.8)
981.951|(809.1, 368.8)
981.9675|(848.0, 376.3)
982.0009|(836.8, 372.1)
982.0178|(847.0, 374.4)
982.0344|(859.9, 376.6)
982.051|(876.7, 372.2)
982.0678|(877.8, 371.9)
982.0845|(875.6, 372.4)
982.1013|(864.7, 374.4)
982.1514|(866.5, 372.6)
982.1677|(867.0, 372.0)
982.1846|(869.2, 363.3)
982.2014|(868.9, 355.5)
982.3348|(878.2, 353.9)
982.3517|(850.4, 368.2)
982.3683|(872.0, 356.1)
982.3852|(904.2, 367.2)
982.4015|(891.2, 368.8)
982.4184|(886.8, 372.9)
982.4351|(918.1, 381.2)
982.4518|(916.5, 379.0)
982.4685|(914.0, 375.0)
982.4851|(910.9, 377.0)
982.5017|(910.5, 376.1)
982.5187|(910.1, 376.3)
982.5354|(912.4, 379.9)
982.5519|(919.9, 385.2)
982.5854|(937.5, 393.8)
982.6022|(951.7, 408.4)
982.6187|(956.1, 413.2)
982.6354|(960.6, 420.4)
982.6521|(972.5, 432.9)
982.6688|(975.3, 431.5)
982.6855|(977.1, 432.6)
982.7188|(979.0, 435.1)
982.7355|(979.3, 436.4)
982.7524|(976.9, 440.5)
982.769|(977.5, 439.7)
982.7856|(977.1, 439.7)
982.8024|(973.3, 439.3)
982.819|(973.2, 439.7)
982.8357|(981.3, 463.8)
982.8524|(973.4, 470.0)
982.8691|(940.6, 479.3)
982.8859|(916.9, 497.8)
982.9024|(909.6, 503.7)
982.9193|(869.0, 543.2)
982.9359|(842.2, 566.0)
982.9526|(845.4, 560.6)
982.9692|(845.0, 559.1)
982.9861|(836.9, 567.8)
983.0027|(829.9, 572.5)
983.036|(824.1, 569.9)
983.053|(822.8, 569.5)
983.0693|(820.4, 562.7)
983.0862|(819.9, 555.3)
983.1029|(840.0, 551.4)
983.1197|(835.3, 553.9)
983.1362|(847.3, 552.1)
983.1697|(836.5, 552.6)
983.1866|(844.1, 552.8)
983.2029|(838.6, 552.1)
983.2197|(832.3, 552.6)
983.2367|(841.1, 550.7)
983.2531|(831.5, 545.2)
983.2697|(786.4, 541.0)
983.3032|(779.7, 541.4)
983.3199|(774.1, 540.0)
983.3366|(768.6, 541.5)
983.3533|(764.3, 542.8)
983.3699|(763.3, 543.6)
983.3865|(762.8, 544.4)
983.4033|(762.9, 544.0)
983.4199|(762.7, 543.0)
983.4366|(762.9, 543.6)
983.4536|(766.8, 543.1)
983.4868|(770.0, 542.7)
983.5034|(787.7, 555.7)
983.5201|(898.9, 542.0)
983.5369|(901.8, 541.9)
983.5536|(898.0, 542.6)
983.5704|(912.6, 541.2)
983.587|(909.1, 544.3)
983.6036|(908.6, 545.2)
983.6371|(908.5, 545.6)
983.6536|(907.0, 545.4)
983.6704|(903.4, 541.2)
983.6871|(905.0, 539.6)
983.7038|(918.7, 526.1)
983.7208|(952.5, 504.5)
983.7539|(950.0, 503.3)
983.7706|(958.9, 493.7)
983.7874|(986.3, 519.9)
983.8039|(987.5, 524.3)
983.8209|(990.6, 511.4)
983.8708|(989.0, 533.2)
983.9042|(932.8, 536.4)
983.9376|(902.0, 502.8)
983.9543|(906.6, 514.0)
983.9879|(872.0, 477.9)
984.0043|(870.4, 475.4)
984.0212|(808.6, 453.0)
984.0378|(830.4, 458.3)
984.0544|(804.1, 456.0)
984.0878|(802.1, 455.9)
984.1044|(794.6, 454.3)
984.1214|(795.9, 455.3)
984.1378|(798.9, 455.1)
984.1547|(800.2, 456.6)
984.1713|(804.8, 462.1)
984.2048|(805.6, 476.6)
984.238|(795.0, 481.0)
984.2548|(800.4, 479.4)
984.2715|(799.5, 482.9)
984.2883|(803.4, 482.1)
984.3049|(838.4, 476.9)
984.3383|(843.4, 477.6)
984.355|(845.2, 486.2)
984.3882|(849.9, 493.1)
984.405|(845.4, 497.6)
984.4384|(845.6, 500.2)
984.4551|(879.4, 485.0)
984.4717|(925.4, 467.6)
984.4885|(926.1, 465.9)
984.5385|(913.2, 468.8)
984.5552|(876.1, 499.5)
984.572|(872.5, 498.1)
984.5886|(872.3, 497.1)
984.6053|(877.0, 495.2)
984.6221|(920.3, 473.5)
984.6385|(924.9, 476.1)
984.6556|(924.9, 482.3)
985.0562|(781.3, 493.0)
985.0728|(822.0, 500.4)
985.0893|(843.0, 506.7)
985.106|(834.0, 498.3)
985.1394|(848.5, 515.5)
985.1563|(863.8, 507.7)
985.173|(861.4, 507.8)
985.1898|(865.5, 505.4)
985.2063|(867.2, 491.8)
985.2397|(866.9, 492.9)
985.2564|(865.2, 493.7)
985.2897|(819.6, 525.1)
985.3066|(822.2, 510.1)
985.3233|(820.3, 497.8)
985.3398|(771.7, 462.6)
985.3733|(768.4, 467.9)
985.3901|(774.1, 473.5)
985.4065|(765.7, 479.2)
985.44|(757.2, 471.6)
985.4569|(754.2, 477.8)
985.4736|(767.4, 478.6)
985.4902|(778.9, 476.7)
985.5068|(792.6, 474.4)
985.5236|(822.2, 463.8)
985.54|(827.2, 462.2)
985.5569|(867.0, 435.8)
985.5904|(870.6, 433.5)
985.607|(874.3, 433.1)
985.6237|(859.4, 444.3)
985.6405|(855.1, 447.4)
985.657|(841.9, 460.1)
985.6736|(849.9, 460.7)
985.6906|(870.5, 457.6)
985.7072|(871.4, 456.8)
985.7405|(892.0, 441.2)
985.7573|(895.3, 439.4)
985.7739|(908.3, 434.8)
985.7909|(910.5, 436.7)
985.8241|(900.0, 460.2)
985.8408|(902.3, 458.2)
985.8574|(900.9, 462.2)
985.8909|(899.2, 463.2)
985.9074|(894.0, 464.9)
985.9243|(894.1, 464.7)
985.9409|(903.0, 458.6)
985.9576|(904.6, 454.2)
985.9742|(913.8, 430.5)
985.991|(935.5, 405.7)
986.0076|(933.3, 406.0)
986.041|(932.8, 404.7)
986.0577|(926.5, 401.7)
986.0744|(933.9, 398.6)
986.0911|(932.8, 401.1)
986.1078|(917.8, 418.2)
986.1246|(910.4, 426.7)
986.1412|(910.2, 429.2)
986.158|(910.9, 428.2)
986.1913|(914.3, 430.0)
986.208|(926.6, 426.8)
986.2247|(952.1, 423.6)
986.2413|(970.4, 415.4)
986.2747|(967.7, 416.3)
986.2915|(968.0, 417.1)
986.308|(972.1, 412.9)
986.3416|(969.6, 410.2)
986.3583|(963.8, 414.6)
986.3749|(971.1, 414.8)
986.4082|(976.8, 415.0)
986.425|(979.9, 412.8)
986.4417|(982.7, 411.8)
986.4584|(969.0, 416.2)
986.5587|(919.7, 434.0)
986.7589|(805.0, 570.2)
986.7923|(833.4, 471.6)
986.8091|(840.2, 426.3)
986.8259|(836.7, 423.7)
986.8593|(848.2, 372.3)
986.876|(872.2, 355.4)
986.8927|(870.3, 359.4)
986.9091|(878.2, 345.1)
986.9427|(880.2, 344.3)
986.9595|(867.6, 349.5)
986.9761|(868.2, 348.3)
986.9927|(854.2, 353.6)
987.0095|(805.7, 337.6)
987.1931|(860.8, 402.0)
987.2097|(824.3, 379.8)
987.2431|(833.7, 392.0)
987.2598|(836.5, 398.3)
987.2764|(835.3, 399.4)
987.3099|(830.7, 400.9)
987.3265|(829.2, 401.3)
987.3432|(813.8, 415.8)
987.36|(809.5, 421.1)
987.3934|(811.6, 421.3)
987.4102|(833.0, 412.8)
987.4434|(838.6, 413.6)
987.4602|(861.9, 406.4)
987.4934|(864.8, 405.1)
987.5102|(864.9, 403.8)
987.5436|(865.4, 399.8)
987.5603|(865.5, 399.5)
987.5938|(870.9, 392.1)
987.627|(872.9, 389.2)
987.6437|(871.2, 389.7)
987.6939|(884.9, 390.1)
987.7272|(911.2, 392.2)
987.7606|(961.1, 399.6)
987.7772|(962.9, 401.8)
987.794|(963.3, 402.7)
987.8107|(962.2, 406.9)
987.8441|(961.8, 410.9)
987.8608|(963.0, 410.3)
987.8942|(958.6, 412.3)
987.9109|(958.2, 413.9)
987.9442|(957.2, 412.6)
987.961|(958.1, 409.2)
987.9944|(957.4, 410.4)
988.0112|(958.0, 407.6)
988.0444|(945.0, 400.6)
988.0777|(904.0, 386.9)
988.0945|(884.5, 356.8)
988.2281|(782.1, 253.6)
988.2614|(890.8, 418.7)
988.2948|(874.7, 360.3)
988.3115|(852.2, 348.3)
988.3449|(869.0, 360.1)
988.3616|(862.8, 363.3)
988.3783|(862.2, 370.6)
988.4118|(863.4, 381.6)
988.4451|(845.4, 385.4)
988.4953|(873.2, 391.7)
988.5286|(892.3, 389.3)
988.5453|(898.0, 385.5)
988.5953|(895.7, 385.4)
988.6287|(855.5, 374.8)
988.6453|(930.9, 383.2)
988.6622|(936.8, 384.6)
988.6788|(945.5, 385.2)
988.7122|(943.8, 385.3)
988.7623|(948.0, 384.0)
988.7958|(972.8, 387.6)
988.8123|(973.8, 387.4)
988.829|(973.0, 387.6)
988.8458|(971.9, 388.1)
988.8624|(971.0, 387.1)
988.8958|(965.7, 382.4)
988.9293|(930.5, 346.6)
988.9459|(929.4, 343.9)
988.9627|(929.8, 332.3)
989.1295|(786.8, 301.5)
989.1462|(808.6, 279.0)
989.1964|(803.1, 292.1)
989.2131|(800.4, 313.6)
989.2297|(801.4, 306.4)
989.2631|(803.4, 320.4)
989.2797|(801.4, 323.5)
989.2966|(802.5, 327.2)
989.3132|(802.3, 325.5)
989.3466|(801.4, 326.7)
989.3802|(800.3, 327.9)
989.3966|(800.4, 327.2)
989.4132|(798.6, 328.6)
989.4301|(795.6, 332.4)
989.4467|(791.3, 334.5)
989.4634|(790.7, 341.4)
989.4969|(779.6, 439.2)
989.5134|(778.1, 474.2)
989.5303|(791.6, 497.9)
989.5468|(785.8, 490.8)
989.5635|(783.6, 512.0)
989.5803|(783.7, 517.7)
989.597|(800.3, 523.0)
989.6136|(801.4, 522.2)
989.6469|(804.2, 524.4)
989.6638|(773.7, 536.9)
989.6803|(741.4, 569.2)
989.6972|(737.4, 581.4)
989.7137|(737.6, 588.5)
989.7307|(726.0, 592.1)
989.7473|(721.1, 597.2)
989.7638|(733.7, 592.0)
989.7974|(729.9, 605.9)
989.8141|(723.4, 607.7)
989.8308|(714.9, 608.6)
989.8476|(708.2, 611.9)
989.8643|(689.1, 627.4)
989.8808|(683.7, 637.7)
989.8976|(681.7, 642.4)
989.9142|(680.3, 644.9)
989.931|(679.2, 645.7)
990.098|(711.7, 604.2)
990.1146|(739.3, 615.7)
990.1312|(732.7, 641.2)
990.1479|(746.3, 647.9)
990.1646|(741.0, 657.1)
990.1812|(736.8, 652.5)
990.1981|(744.6, 648.6)
990.2147|(745.3, 654.5)
990.248|(711.8, 696.5)
990.2649|(699.5, 748.6)
990.2814|(685.8, 766.7)
990.2982|(679.4, 784.0)
990.3149|(678.6, 783.1)
990.3317|(675.3, 785.5)
990.3482|(671.8, 782.9)
990.3652|(656.9, 778.3)
990.3815|(655.3, 778.7)
990.3984|(628.4, 786.8)
990.415|(638.3, 784.5)
990.4317|(659.3, 782.3)
990.4483|(651.0, 787.3)
990.4651|(655.5, 785.6)
990.4818|(644.2, 790.5)
990.4987|(655.0, 778.1)
990.6153|(582.7, 697.4)
990.632|(645.3, 277.3)
990.6487|(661.4, 276.2)
990.6656|(670.2, 285.1)
990.699|(669.6, 307.4)
990.7153|(669.7, 295.4)
990.7321|(658.0, 329.7)
990.7488|(662.1, 325.5)
990.7656|(655.6, 350.6)
990.7823|(653.4, 365.3)
990.7991|(651.1, 370.9)
990.8157|(648.6, 394.2)
990.8326|(646.0, 561.4)
990.8491|(647.7, 711.4)
990.8658|(648.5, 709.5)
990.8823|(649.8, 727.5)
990.8992|(654.9, 789.9)
990.9158|(659.2, 776.4)
990.9327|(649.2, 785.4)
990.9493|(652.3, 781.9)
990.9661|(659.2, 774.4)
990.9994|(660.0, 775.8)
991.0161|(648.3, 780.2)
991.0327|(647.5, 776.2)
991.0493|(646.0, 774.7)
991.0665|(638.6, 773.9)
991.0828|(637.0, 775.4)
991.0994|(644.3, 764.6)
991.1497|(647.3, 769.7)
991.1663|(648.9, 769.8)
991.1829|(643.2, 777.0)
991.1998|(646.9, 771.7)
991.2332|(644.7, 774.4)
991.2497|(640.2, 781.8)
991.2832|(643.0, 768.6)
991.2999|(644.9, 778.0)
991.3164|(670.4, 762.5)
991.3332|(634.5, 787.1)
991.3497|(679.7, 712.9)
991.3668|(713.6, 667.3)
991.3833|(735.4, 634.1)
991.4001|(745.8, 617.0)
991.4167|(757.3, 599.8)
991.45|(795.1, 535.0)
991.4672|(794.7, 536.7)
991.4833|(799.3, 536.5)
991.5001|(792.0, 539.8)
991.5168|(796.4, 537.3)
991.5335|(791.8, 544.3)
991.5503|(791.9, 544.2)
991.567|(791.6, 544.4)
991.6004|(791.8, 545.0)
991.6337|(772.9, 544.3)
991.6504|(765.7, 546.7)
991.6837|(761.9, 547.6)
991.7006|(763.7, 547.0)
991.7339|(761.5, 549.7)
991.7505|(759.7, 551.8)
991.7672|(753.6, 557.4)
991.784|(754.5, 556.9)
991.8007|(791.8, 545.9)
991.8172|(790.8, 546.7)
991.8341|(780.4, 554.3)
992.001|(1539.3, 737.0)
992.0511|(1540.8, 731.6)
992.0678|(1511.2, 641.1)
992.0844|(1512.9, 627.8)
992.1013|(1496.4, 593.3)
992.1178|(1495.5, 590.3)
992.1349|(1486.4, 585.4)
992.168|(1476.8, 579.2)
992.1846|(1465.8, 584.9)
992.2012|(1467.3, 584.9)
992.218|(1414.0, 603.3)
992.2349|(1035.5, 741.8)
992.2514|(974.5, 770.4)
992.2682|(926.2, 794.9)
992.2847|(926.0, 799.4)
992.3015|(926.9, 795.4)
992.3181|(924.1, 806.5)
992.3349|(925.0, 803.0)
992.3517|(921.2, 799.4)
992.3683|(920.0, 796.5)
992.3849|(919.1, 793.9)
992.4019|(920.6, 795.8)
992.4183|(920.0, 795.8)
992.4352|(922.6, 795.9)
992.4517|(926.0, 789.5)
992.4851|(928.7, 788.0)
992.5021|(927.2, 785.6)
992.5185|(924.8, 785.4)
992.5352|(913.3, 787.1)
992.5521|(908.8, 797.9)
992.5687|(893.0, 827.8)
992.5854|(870.5, 860.4)
992.6187|(856.2, 878.3)
992.6354|(854.1, 879.2)
992.6521|(859.9, 878.9)
992.6689|(858.3, 888.1)
992.6855|(859.4, 888.3)
992.7022|(853.7, 901.2)
992.7189|(850.0, 902.3)
992.7356|(843.1, 908.2)
992.7521|(826.1, 912.9)
992.769|(695.2, 936.8)
992.7857|(665.0, 942.4)
992.8024|(674.5, 940.5)
992.8192|(638.3, 945.1)
992.836|(626.0, 944.6)
992.8525|(631.1, 934.4)
992.8692|(629.4, 939.2)
992.886|(628.8, 938.4)
992.9025|(631.2, 942.7)
992.9362|(639.8, 951.5)
992.9526|(649.7, 964.6)
992.9693|(642.0, 963.9)
992.9858|(627.4, 953.5)
993.0028|(610.7, 939.2)
993.0195|(605.9, 936.2)
993.0361|(598.8, 924.9)
993.0697|(596.0, 925.5)
993.0861|(605.9, 911.0)
993.1028|(609.4, 906.0)
993.1194|(612.4, 897.7)
993.1364|(613.2, 895.7)
993.1529|(611.4, 887.6)
993.1698|(608.8, 865.6)
993.2032|(712.8, 424.2)
993.2366|(742.5, 302.5)
993.2532|(738.3, 298.5)
993.2699|(735.2, 297.8)
993.2867|(735.2, 297.8)
993.3033|(732.6, 298.0)
993.3201|(728.5, 298.0)
993.3367|(731.5, 295.0)
993.3533|(732.7, 293.7)
993.3867|(716.6, 288.3)
993.4036|(723.3, 290.1)
993.42|(678.3, 250.0)
993.4367|(660.4, 234.9)
993.4534|(644.6, 227.1)
993.4702|(622.6, 218.8)
993.4868|(619.9, 219.1)
993.5035|(623.5, 214.5)
993.5536|(615.7, 218.7)
993.5701|(618.2, 217.3)
993.587|(1301.7, 503.6)
993.6041|(1498.0, 573.9)
993.6206|(1584.3, 577.6)
993.6538|(1602.1, 597.4)
993.6872|(1631.2, 667.6)
993.7039|(1631.1, 673.6)
993.7206|(1634.9, 674.5)
993.7374|(1638.9, 697.0)
993.7542|(1638.6, 695.9)
993.7709|(1636.5, 696.1)
993.7876|(1631.5, 652.8)
993.8041|(1600.6, 592.8)
993.8373|(1603.6, 596.5)
993.8541|(1589.6, 588.2)
993.8707|(1580.9, 581.5)
993.8875|(1579.4, 582.4)
993.9043|(1588.2, 590.5)
993.9211|(1590.0, 593.0)
993.9377|(1592.4, 596.5)
993.9543|(1595.8, 599.0)
993.9879|(1591.9, 595.1)
994.0046|(1590.8, 589.8)
994.0213|(1591.9, 589.9)
994.0378|(1590.3, 584.5)
994.0546|(1591.1, 582.8)
994.0713|(1604.1, 588.0)
994.1047|(1620.4, 594.3)
994.138|(1623.7, 603.6)
994.1547|(1621.0, 602.4)
994.1715|(1595.0, 591.0)
994.1882|(1584.0, 587.5)
994.205|(1586.6, 598.6)
994.2382|(1561.1, 585.8)
994.2549|(1547.7, 569.5)
994.2882|(1550.3, 568.5)
994.3051|(1549.0, 569.9)
994.3215|(1527.4, 545.9)
994.3384|(1524.4, 542.6)
994.3551|(1524.7, 544.8)
994.3717|(1521.8, 543.3)
994.3885|(1518.5, 541.5)
994.4052|(1516.4, 542.1)
994.4387|(1522.8, 543.4)
994.4551|(1528.8, 544.4)
994.4719|(1540.4, 547.8)
994.4885|(1547.4, 549.2)
994.5053|(1548.4, 549.7)
994.5219|(1540.6, 547.9)
994.5385|(1539.3, 547.7)
994.5553|(1541.4, 548.1)
994.5885|(1545.7, 548.3)
994.6053|(1557.2, 549.9)
994.6221|(1559.5, 547.5)
994.6389|(1569.6, 544.4)
994.6555|(1598.8, 539.9)
994.6888|(1619.7, 534.6)
994.7056|(1625.4, 545.2)
994.739|(1631.7, 543.6)
994.7722|(1611.5, 562.7)
994.7889|(1120.4, 769.4)
994.8223|(834.6, 886.2)
994.8391|(764.6, 916.3)
994.8557|(687.9, 939.9)
994.8892|(682.7, 930.7)
994.9061|(662.9, 932.2)
994.9225|(670.7, 902.3)
