129.7109|(766.2, 1048.3)
129.7363|(760.6, 1051.9)
129.7563|(772.9, 1040.8)
129.7851|(775.0, 1035.6)
129.8185|(756.6, 1047.1)
129.8352|(766.3, 1047.9)
129.8685|(761.6, 1091.5)
129.8853|(761.7, 1124.2)
129.9355|(744.5, 1115.5)
129.9522|(748.9, 1103.5)
129.9689|(748.3, 1099.9)
129.9857|(746.0, 1101.6)
130.0024|(747.9, 1077.2)
130.0188|(750.9, 1075.6)
130.0356|(751.7, 1070.7)
130.0689|(760.2, 1044.0)
130.0856|(755.0, 1031.3)
130.1023|(741.6, 1029.3)
130.1191|(725.1, 1039.0)
130.1358|(721.0, 1033.2)
130.1525|(716.3, 1037.1)
130.1691|(716.1, 1035.4)
130.1859|(717.4, 1036.7)
130.2027|(702.9, 1049.4)
130.2193|(705.3, 1044.6)
130.2357|(707.0, 1046.3)
130.2527|(707.8, 1041.1)
130.2692|(704.4, 1047.4)
130.286|(704.9, 1048.6)
130.3024|(707.3, 1048.3)
130.3194|(711.1, 1064.2)
130.3361|(713.3, 1066.9)
130.3531|(714.6, 1063.3)
130.3694|(717.4, 1063.8)
130.3861|(717.7, 1062.9)
130.4029|(721.5, 1051.9)
130.4193|(724.2, 1043.7)
130.436|(721.3, 1042.9)
130.4528|(725.3, 1033.4)
130.4696|(730.0, 1020.8)
130.4865|(739.7, 999.3)
130.5196|(746.2, 998.3)
130.5362|(756.5, 994.3)
130.5531|(758.0, 996.9)
130.5696|(760.6, 1009.4)
130.5864|(762.5, 1005.3)
130.603|(770.9, 1015.4)
130.6198|(764.8, 1039.4)
130.6532|(757.9, 1062.7)
130.6698|(761.3, 1053.7)
130.6865|(756.9, 1049.5)
130.7199|(766.4, 1021.2)
130.7365|(752.8, 1052.0)
130.7866|(767.4, 1058.2)
130.8203|(766.8, 1057.6)
130.8366|(771.8, 1061.9)
130.8536|(775.0, 1074.0)
130.8702|(776.1, 1076.7)
130.887|(771.4, 1076.6)
130.9035|(771.1, 1075.5)
130.9202|(769.9, 1077.1)
130.9371|(766.5, 1079.7)
130.9705|(771.1, 1077.8)
130.987|(785.2, 1077.3)
131.0038|(802.5, 1076.5)
131.0205|(807.5, 1088.1)
131.0373|(815.2, 1077.9)
131.0539|(826.2, 1076.8)
131.0705|(829.3, 1070.1)
131.0871|(836.9, 1068.9)
131.1208|(837.7, 1081.7)
131.1371|(837.5, 1081.0)
131.1541|(833.6, 1084.3)
131.1706|(830.6, 1085.4)
131.1874|(829.1, 1081.8)
131.2039|(824.0, 1070.5)
131.2374|(823.9, 1065.7)
131.2707|(820.3, 1047.9)
131.2874|(820.9, 1044.6)
131.3042|(820.3, 1043.6)
131.321|(815.7, 1054.5)
131.3374|(810.5, 1063.8)
131.3544|(794.2, 1059.6)
131.371|(786.5, 1054.6)
131.3876|(785.1, 1044.6)
131.4212|(772.0, 1002.2)
131.4379|(769.7, 1003.5)
131.4712|(775.4, 1001.1)
131.4878|(769.9, 1003.9)
131.5212|(763.9, 994.7)
131.5714|(742.5, 1002.6)
131.588|(685.4, 999.1)
131.6048|(714.2, 992.9)
131.6217|(723.6, 980.7)
131.6382|(724.0, 979.8)
131.6548|(770.4, 971.2)
131.6883|(819.1, 936.8)
131.7216|(847.5, 921.2)
131.7381|(849.6, 918.1)
131.755|(865.4, 930.2)
131.7717|(856.3, 919.5)
131.7883|(861.8, 930.9)
131.8218|(865.5, 929.7)
131.8384|(917.4, 926.1)
131.8719|(933.7, 923.2)
131.8884|(944.3, 920.9)
131.9218|(979.5, 914.4)
131.9386|(986.7, 908.6)
131.9722|(985.9, 908.4)
131.9885|(989.2, 896.5)
132.022|(1000.6, 889.5)
132.0387|(1011.2, 888.4)
132.0557|(1025.7, 894.1)
132.0721|(1031.3, 892.9)
132.0889|(1055.3, 897.8)
132.1055|(1081.6, 894.8)
132.1221|(1081.3, 894.1)
132.139|(1080.1, 896.9)
132.1722|(851.2, 734.7)
132.1892|(865.5, 742.7)
132.2057|(834.7, 722.7)
132.2227|(803.4, 702.9)
132.2393|(802.4, 706.5)
132.2726|(798.0, 709.9)
132.2893|(798.3, 710.9)
132.3225|(798.5, 714.4)
132.3394|(791.1, 715.8)
132.3559|(763.9, 722.1)
132.3726|(761.9, 722.0)
132.3894|(757.3, 723.2)
132.406|(741.8, 726.0)
132.4227|(729.8, 728.2)
132.4396|(726.6, 729.2)
132.4729|(725.2, 730.5)
132.4895|(725.3, 733.2)
132.5061|(725.4, 733.6)
132.5229|(725.1, 734.5)
132.5396|(724.1, 737.5)
132.5563|(724.0, 741.1)
132.5729|(724.3, 741.2)
132.5895|(724.7, 739.7)
132.6231|(729.8, 736.2)
132.6397|(731.3, 734.1)
132.6564|(743.0, 745.5)
132.6731|(915.3, 928.7)
132.6898|(936.7, 954.3)
132.7234|(958.4, 966.9)
132.7401|(958.4, 966.3)
132.7733|(971.1, 951.4)
132.79|(971.6, 946.1)
132.8068|(967.6, 946.2)
132.8234|(955.2, 940.1)
132.8567|(953.1, 938.6)
132.8736|(948.6, 932.6)
132.8903|(942.6, 919.6)
132.9236|(940.0, 914.1)
132.9404|(941.2, 909.1)
132.9568|(942.2, 904.0)
132.9737|(943.5, 900.9)
133.0738|(938.1, 891.8)
133.0905|(955.9, 825.6)
133.1071|(932.2, 802.4)
133.1241|(923.6, 805.0)
133.1406|(912.6, 871.0)
133.1574|(910.4, 886.2)
133.1741|(910.5, 884.0)
133.1909|(909.6, 887.1)
133.2241|(912.8, 931.5)
133.2408|(915.0, 939.0)
133.2575|(916.4, 945.9)
133.2743|(917.6, 961.5)
133.3075|(910.4, 974.3)
133.3243|(911.0, 975.8)
133.3409|(910.4, 974.0)
133.3745|(932.1, 972.9)
133.391|(944.3, 977.2)
133.4077|(991.6, 975.6)
133.4244|(997.0, 978.7)
133.4411|(1005.9, 987.6)
133.4578|(1003.1, 988.5)
133.4744|(1010.3, 993.8)
133.4911|(1005.9, 991.2)
133.5244|(1015.1, 985.1)
133.5413|(1055.3, 972.8)
133.5579|(1073.3, 977.8)
133.5746|(1096.4, 981.5)
133.5915|(1105.1, 980.1)
133.6079|(1107.4, 979.5)
133.6247|(1101.6, 981.0)
133.6418|(1096.0, 982.2)
133.6747|(1088.0, 976.0)
133.6917|(1085.5, 970.5)
133.7083|(1081.1, 966.7)
133.725|(1060.3, 972.6)
133.7583|(912.9, 1035.5)
133.7749|(886.7, 1037.6)
133.7917|(847.0, 1045.0)
133.8252|(827.4, 1058.5)
133.8419|(801.6, 1066.6)
133.8586|(795.7, 1079.4)
133.892|(796.9, 1086.2)
133.9087|(796.1, 1091.7)
133.9252|(796.2, 1094.8)
133.9419|(795.7, 1101.2)
133.9754|(795.8, 1111.2)
133.9919|(796.0, 1111.0)
134.0088|(795.6, 1108.5)
134.0254|(796.2, 1105.9)
134.0421|(795.9, 1102.5)
134.0587|(795.5, 1104.0)
134.0756|(796.9, 1105.1)
134.0924|(805.9, 1115.2)
134.1257|(913.9, 1073.0)
134.1422|(927.4, 1067.3)
134.1592|(966.6, 1055.2)
134.1757|(1013.0, 1038.3)
134.1923|(1054.9, 1055.6)
134.209|(1060.0, 1047.7)
134.2257|(1063.6, 1034.5)
134.2422|(1075.1, 1007.0)
134.276|(1075.1, 1011.1)
134.2922|(1080.4, 1006.0)
134.3091|(1102.9, 982.6)
134.3427|(1119.2, 963.8)
134.3593|(1123.3, 957.3)
134.376|(1125.4, 954.1)
134.3927|(1131.9, 933.8)
134.4261|(1131.5, 933.9)
134.4428|(1133.3, 931.0)
134.4594|(1128.5, 932.1)
134.4761|(1127.0, 932.0)
134.493|(1125.1, 933.4)
134.5095|(1124.3, 933.9)
134.5261|(1125.3, 933.3)
134.5428|(1124.8, 933.6)
134.5765|(1126.5, 936.7)
134.5929|(1132.5, 933.7)
134.6096|(1093.0, 943.4)
134.6265|(883.2, 1028.9)
134.643|(835.2, 1052.9)
134.6598|(831.8, 1059.0)
134.6764|(837.3, 1061.7)
134.6932|(775.8, 1104.9)
134.7266|(777.5, 1112.0)
134.7434|(785.2, 1099.0)
134.76|(785.0, 1097.0)
134.7933|(782.9, 1095.7)
134.8098|(780.8, 1094.4)
134.8267|(780.1, 1092.0)
134.8433|(780.1, 1092.8)
134.8767|(778.4, 1093.1)
134.8936|(776.5, 1085.5)
134.9269|(775.2, 1102.8)
134.9437|(776.2, 1109.8)
134.9603|(774.4, 1113.5)
134.9769|(775.9, 1107.6)
134.9938|(775.5, 1108.1)
135.0271|(779.7, 1083.1)
135.0438|(779.2, 1080.2)
135.0604|(802.5, 1000.5)
135.0771|(811.5, 837.4)
135.0938|(816.6, 785.5)
135.1105|(814.5, 728.4)
135.1274|(812.4, 687.9)
135.1439|(810.3, 652.9)
135.1774|(811.4, 652.0)
135.1941|(804.2, 656.5)
135.2108|(804.2, 658.8)
135.2273|(799.9, 666.9)
135.2441|(780.9, 720.5)
135.2608|(781.2, 715.1)
135.2774|(778.7, 720.0)
135.2944|(778.2, 724.5)
135.3276|(766.6, 721.5)
135.3443|(772.8, 720.5)
135.3777|(770.6, 722.5)
135.3944|(768.4, 719.7)
135.411|(770.0, 724.2)
135.4277|(769.9, 724.3)
135.4444|(770.1, 724.7)
135.4779|(767.1, 729.0)
135.4945|(767.0, 728.8)
135.5114|(766.9, 728.9)
135.5278|(763.8, 732.1)
135.5446|(758.1, 734.0)
135.5615|(754.0, 733.8)
135.5781|(754.8, 734.2)
135.5947|(744.6, 736.4)
135.6279|(746.0, 735.5)
135.6448|(740.7, 737.1)
135.6615|(744.1, 734.0)
135.6781|(754.8, 718.6)
135.6948|(743.2, 719.8)
135.7117|(724.1, 719.1)
135.7281|(710.4, 719.0)
135.7449|(720.4, 717.9)
135.7784|(688.7, 709.0)
135.7948|(682.4, 699.6)
135.8284|(681.7, 701.6)
135.845|(684.2, 698.3)
135.8618|(683.6, 700.6)
135.8786|(683.1, 704.6)
135.8952|(682.6, 704.7)
135.9287|(681.6, 707.4)
135.962|(761.8, 664.8)
135.9787|(764.7, 663.7)
135.9953|(768.7, 663.2)
136.0121|(769.1, 664.4)
136.0287|(768.7, 668.2)
136.0454|(768.3, 675.2)
136.0788|(767.4, 675.0)
136.0955|(767.1, 674.9)
136.1123|(766.7, 674.1)
136.1288|(764.5, 669.6)
136.146|(764.6, 670.2)
136.1624|(764.0, 671.4)
136.179|(765.1, 672.3)
136.1958|(764.0, 672.6)
136.2292|(763.7, 669.8)
136.2458|(764.6, 671.2)
136.2624|(759.4, 613.8)
136.2794|(760.2, 400.7)
136.2958|(761.5, 388.3)
136.3125|(760.6, 368.3)
136.3294|(759.9, 361.5)
136.3459|(759.3, 348.3)
136.3794|(757.5, 346.3)
136.4127|(760.5, 339.3)
136.4295|(761.5, 338.6)
136.446|(762.3, 338.2)
136.4628|(760.9, 342.0)
136.4795|(758.7, 347.4)
136.4963|(764.7, 356.2)
136.5295|(769.6, 363.1)
136.5463|(780.1, 378.9)
136.5631|(787.5, 391.9)
136.5797|(787.5, 389.1)
136.5962|(785.4, 389.0)
136.613|(785.4, 389.1)
136.6298|(785.6, 389.4)
136.6463|(785.8, 389.4)
136.6798|(787.5, 388.7)
136.6965|(754.5, 294.5)
136.7132|(750.2, 262.3)
136.7298|(749.0, 250.8)
136.7466|(747.8, 237.7)
136.7632|(743.9, 227.9)
136.78|(745.5, 230.0)
136.7966|(748.3, 233.3)
136.8302|(752.3, 236.9)
136.8634|(758.6, 245.4)
136.8802|(769.2, 258.6)
136.8969|(776.0, 269.5)
136.9134|(776.2, 270.6)
136.9303|(776.2, 271.3)
136.9468|(776.7, 271.1)
136.9803|(776.5, 271.6)
136.9969|(776.2, 271.8)
137.0137|(773.7, 272.2)
137.0304|(770.2, 272.4)
137.047|(769.4, 270.6)
137.064|(766.7, 270.6)
137.0804|(772.4, 269.5)
137.0973|(793.2, 266.6)
137.1307|(831.5, 268.2)
137.1472|(836.6, 268.5)
137.1641|(880.5, 254.1)
137.1806|(880.7, 253.7)
137.1975|(875.3, 257.8)
137.2139|(876.1, 255.1)
137.2308|(874.2, 257.2)
137.2474|(878.7, 253.7)
137.2808|(879.0, 254.7)
137.3143|(910.3, 246.5)
137.331|(919.8, 250.5)
137.3474|(921.8, 250.4)
137.3642|(922.1, 249.2)
137.381|(922.4, 247.8)
137.3976|(921.5, 245.1)
137.4311|(919.4, 243.0)
137.4477|(918.3, 241.1)
137.4645|(919.2, 242.7)
137.4812|(918.4, 241.8)
137.4978|(917.9, 240.2)
137.5147|(913.4, 233.7)
137.5312|(879.3, 195.5)
137.548|(878.5, 188.0)
137.5812|(874.3, 180.2)
137.598|(869.9, 183.0)
137.6146|(872.7, 189.5)
137.6314|(872.9, 186.2)
137.6481|(872.8, 188.1)
137.6648|(879.4, 175.1)
137.6815|(880.1, 176.2)
137.6981|(879.0, 175.0)
137.7316|(942.4, 162.2)
137.7483|(970.1, 162.4)
137.765|(975.3, 165.7)
137.7817|(975.8, 166.4)
137.7983|(974.9, 168.1)
137.8151|(976.6, 169.2)
137.8317|(976.0, 173.6)
137.8485|(976.7, 171.2)
137.8652|(978.1, 170.7)
137.8985|(997.6, 165.1)
137.9151|(1012.4, 160.6)
137.9319|(1018.8, 163.8)
137.9486|(1018.8, 165.6)
137.9655|(1026.6, 167.5)
137.982|(1029.8, 171.5)
137.9987|(1030.5, 172.9)
138.0321|(1031.1, 171.4)
138.0489|(1063.3, 166.0)
138.0656|(1079.3, 165.2)
138.0822|(1082.2, 159.8)
138.099|(1083.3, 159.6)
138.1155|(1086.7, 160.2)
138.1322|(1088.7, 164.8)
138.149|(1089.9, 166.8)
138.1823|(1090.7, 166.8)
138.1989|(1091.9, 164.8)
138.2157|(1094.8, 162.5)
138.2327|(1080.1, 165.3)
138.249|(1017.7, 187.4)
138.2657|(995.9, 199.1)
138.2826|(979.2, 208.7)
138.3661|(931.0, 236.6)
138.3826|(937.3, 241.7)
138.3994|(936.2, 241.3)
138.416|(934.5, 241.6)
138.4328|(933.6, 241.3)
138.4495|(925.8, 240.0)
138.4829|(906.1, 234.1)
138.6331|(788.5, 229.9)
138.6497|(777.9, 226.7)
138.6665|(771.8, 200.4)
138.6832|(779.7, 202.9)
138.6999|(781.3, 206.7)
138.7165|(782.0, 208.2)
138.7333|(782.1, 208.4)
138.75|(788.6, 228.9)
138.7667|(788.5, 246.0)
138.7833|(790.1, 242.7)
138.7999|(789.5, 247.4)
138.8166|(789.3, 245.9)
138.8335|(790.4, 248.3)
138.8502|(791.5, 249.1)
138.8668|(793.6, 248.1)
138.8835|(800.7, 245.4)
138.9004|(809.0, 244.2)
138.9335|(891.5, 240.6)
138.9502|(903.5, 243.1)
138.9668|(914.0, 247.5)
138.9836|(925.0, 255.1)
139.0004|(926.1, 256.6)
139.0171|(923.3, 255.7)
139.0338|(914.1, 255.6)
139.0839|(906.7, 252.2)
139.1005|(907.0, 253.3)
139.1172|(908.5, 251.4)
139.1341|(915.1, 247.6)
139.1505|(958.1, 252.4)
139.1674|(950.3, 252.4)
139.184|(944.5, 252.5)
139.2007|(974.6, 257.8)
139.2174|(980.6, 260.0)
139.2341|(972.1, 266.9)
139.2506|(971.4, 266.7)
139.2676|(971.4, 266.9)
139.2841|(970.0, 267.0)
139.301|(971.2, 268.4)
139.3176|(971.5, 266.1)
139.3343|(970.3, 265.6)
139.3509|(966.3, 265.0)
139.3843|(954.1, 268.4)
139.401|(943.2, 271.9)
139.4176|(910.4, 290.2)
139.4345|(903.3, 294.9)
139.451|(901.0, 296.5)
139.4678|(898.6, 296.1)
139.4846|(896.0, 295.0)
139.5347|(894.9, 294.8)
139.5512|(894.8, 295.9)
139.568|(894.6, 298.8)
139.5848|(896.4, 297.4)
139.6013|(897.5, 297.6)
139.6181|(898.0, 297.1)
139.6348|(898.0, 295.8)
139.6515|(898.1, 295.3)
139.6681|(895.2, 293.9)
139.6846|(895.7, 293.7)
139.7017|(853.1, 290.5)
139.7182|(840.1, 287.2)
139.7352|(835.5, 286.7)
139.7519|(832.3, 282.9)
139.7683|(831.0, 281.3)
139.9018|(838.5, 220.9)
139.9187|(845.2, 174.3)
139.9354|(851.7, 213.9)
139.9687|(851.5, 209.2)
139.9853|(854.8, 227.5)
140.002|(860.3, 260.0)
140.0186|(859.3, 263.9)
140.0355|(859.9, 265.8)
140.0522|(856.1, 268.9)
140.0688|(843.4, 266.7)
140.1023|(835.9, 266.6)
140.1188|(823.5, 263.7)
140.1355|(806.5, 255.4)
140.1521|(805.6, 255.5)
140.1691|(804.7, 255.7)
140.1858|(803.5, 257.4)
140.2025|(802.2, 260.0)
140.219|(802.5, 259.1)
140.2359|(805.7, 269.0)
140.2525|(812.1, 270.2)
140.269|(819.8, 261.7)
140.2858|(859.0, 252.2)
140.3027|(851.0, 257.3)
140.3192|(882.6, 254.2)
140.3359|(912.1, 251.1)
140.3526|(913.5, 252.3)
140.3694|(913.5, 250.4)
140.3861|(913.6, 248.3)
140.4195|(914.9, 247.3)
140.4362|(914.5, 246.2)
140.4695|(913.9, 247.5)
140.4864|(915.4, 246.7)
140.5196|(921.9, 248.3)
140.5529|(923.1, 248.7)
140.5696|(925.4, 248.3)
140.6196|(936.3, 251.1)
140.6364|(945.7, 258.7)
140.6531|(948.7, 259.1)
140.6697|(947.8, 260.1)
140.6865|(951.2, 259.5)
140.7033|(951.5, 257.1)
140.7201|(953.3, 253.6)
140.7365|(953.4, 252.9)
140.7532|(953.0, 251.0)
140.77|(953.2, 249.9)
140.7868|(953.7, 251.1)
140.8031|(953.5, 253.4)
140.8201|(944.4, 258.0)
140.8367|(900.6, 269.9)
140.8702|(873.9, 277.2)
140.887|(876.5, 278.2)
140.9035|(856.9, 288.3)
140.9203|(856.2, 288.6)
140.9369|(853.6, 287.4)
140.9704|(849.9, 288.7)
141.0205|(850.3, 287.4)
141.0539|(850.7, 288.3)
141.0706|(849.7, 289.2)
141.0872|(848.1, 297.8)
141.1039|(824.1, 308.7)
141.1372|(814.2, 309.8)
141.1708|(784.5, 310.6)
141.1872|(771.2, 316.8)
141.204|(770.9, 318.3)
141.2376|(776.6, 317.2)
141.2544|(776.4, 315.7)
141.2877|(776.2, 319.5)
141.321|(809.1, 316.8)
141.3377|(917.8, 285.1)
141.4711|(898.7, 60.8)
141.5045|(1040.8, 304.5)
141.5214|(974.6, 306.1)
141.5546|(946.9, 319.1)
141.588|(930.1, 320.7)
141.6213|(905.0, 309.0)
141.638|(902.4, 308.0)
141.6549|(902.8, 308.7)
141.6715|(857.4, 285.8)
141.6882|(864.8, 289.6)
141.705|(865.6, 289.0)
141.7217|(862.1, 286.1)
141.7383|(894.5, 281.8)
141.7716|(908.2, 279.2)
141.7884|(894.8, 284.7)
141.8051|(862.6, 330.1)
141.8218|(855.4, 339.1)
141.8384|(833.8, 372.7)
141.8551|(822.7, 387.6)
141.8717|(826.9, 381.2)
141.8886|(815.3, 397.1)
141.922|(812.8, 397.1)
141.9386|(811.9, 398.0)
141.972|(819.1, 397.0)
141.9887|(818.0, 398.2)
142.0053|(815.1, 397.3)
142.0388|(812.5, 396.5)
142.072|(805.2, 395.8)
142.089|(792.1, 394.1)
142.1056|(781.5, 393.4)
142.1222|(760.5, 397.7)
142.1388|(745.8, 398.9)
142.1722|(743.7, 398.9)
142.1892|(736.9, 400.2)
142.2223|(737.8, 395.0)
142.2394|(737.6, 395.2)
142.2557|(739.5, 397.4)
142.2726|(745.4, 395.7)
142.2891|(754.1, 397.6)
142.3059|(738.9, 445.6)
142.3225|(733.9, 529.6)
142.3392|(732.4, 575.3)
142.3729|(734.4, 622.4)
142.3893|(736.9, 626.9)
142.406|(739.7, 629.5)
142.4228|(738.0, 629.5)
142.4394|(742.2, 621.4)
142.4562|(742.7, 625.1)
142.4726|(746.9, 623.7)
142.4894|(747.2, 622.6)
142.5229|(761.0, 630.0)
142.5396|(759.8, 630.2)
142.5563|(758.2, 635.9)
142.573|(760.3, 638.0)
142.5898|(752.6, 660.8)
142.6232|(751.5, 780.7)
142.6398|(762.8, 821.8)
142.6731|(784.5, 861.8)
142.6901|(782.9, 861.1)
142.7066|(804.1, 854.6)
142.7232|(814.0, 860.5)
142.7566|(808.1, 856.4)
142.7735|(817.3, 878.3)
142.7901|(822.4, 889.9)
142.8233|(832.8, 821.9)
142.8402|(835.7, 802.7)
142.8567|(841.9, 700.1)
142.8734|(841.3, 696.2)
142.8901|(839.4, 716.8)
142.9069|(836.1, 657.2)
142.9235|(834.6, 654.4)
142.9402|(837.9, 658.4)
142.9736|(838.7, 655.7)
142.9905|(858.1, 628.3)
143.0069|(856.9, 656.5)
143.0405|(864.3, 786.0)
143.0571|(857.4, 821.0)
143.0739|(857.1, 834.3)
143.0905|(856.0, 847.8)
143.1238|(853.9, 860.9)
143.1406|(851.8, 871.3)
143.1573|(847.3, 885.5)
143.1742|(843.2, 928.3)
143.2074|(848.3, 931.3)
143.2242|(845.4, 931.3)
143.2407|(854.9, 935.7)
143.2741|(874.7, 941.4)
143.2908|(892.8, 943.3)
143.3076|(916.5, 941.7)
143.3242|(912.7, 947.6)
143.3409|(899.7, 949.8)
143.3577|(908.3, 949.0)
143.3743|(899.7, 940.1)
143.391|(901.5, 940.4)
143.4912|(940.9, 930.3)
143.5077|(956.0, 805.7)
143.5246|(955.7, 753.4)
143.5413|(957.2, 744.8)
143.5746|(961.0, 768.5)
143.5912|(966.3, 829.6)
143.6083|(972.9, 886.5)
143.6248|(975.9, 909.2)
143.658|(985.2, 904.3)
143.6749|(981.7, 898.5)
143.6914|(981.9, 900.4)
143.7248|(980.1, 887.0)
143.7416|(983.7, 884.8)
143.7583|(989.8, 920.7)
143.7916|(965.8, 955.0)
143.8086|(976.7, 966.9)
143.8248|(995.4, 973.5)
143.8416|(999.9, 967.5)
143.875|(1011.8, 982.2)
143.892|(1027.8, 991.4)
143.9085|(1049.4, 995.5)
143.925|(1061.4, 991.1)
144.0256|(1057.9, 964.9)
144.0421|(1092.5, 795.5)
144.0589|(1093.3, 821.3)
144.0755|(1087.2, 897.4)
144.0921|(1086.8, 902.9)
144.1089|(1088.8, 901.2)
144.1257|(1089.2, 901.2)
144.1422|(1090.8, 905.9)
144.1758|(1090.5, 905.2)
144.1925|(1087.4, 905.0)
144.2091|(1086.6, 911.4)
144.2425|(1101.5, 954.2)
144.2591|(1103.7, 950.9)
144.2757|(1108.6, 942.4)
144.2925|(1110.3, 955.6)
144.3259|(1134.7, 977.8)
144.3425|(1139.5, 962.0)
144.3592|(1147.1, 965.9)
144.3762|(1144.1, 1003.4)
144.3928|(1147.3, 993.8)
144.4261|(1145.0, 989.2)
144.4427|(1131.0, 999.7)
144.4763|(1101.5, 982.0)
144.4929|(1092.8, 983.9)
144.5929|(1011.1, 896.6)
144.6266|(975.2, 864.2)
144.6432|(961.4, 901.2)
144.6599|(949.6, 881.2)
144.6932|(947.6, 881.8)
144.7097|(943.0, 884.7)
144.7265|(944.4, 904.1)
144.7431|(940.3, 904.1)
144.7765|(940.7, 896.3)
144.7934|(945.1, 912.9)
144.8266|(944.8, 925.7)
144.8436|(945.1, 930.4)
144.8601|(946.6, 940.3)
144.8769|(947.6, 943.0)
144.8936|(951.4, 954.6)
144.9269|(953.6, 962.2)
144.9437|(954.5, 962.4)
144.977|(968.9, 953.9)
145.0103|(994.0, 960.5)
145.0272|(996.6, 963.9)
145.0438|(1001.3, 967.4)
145.0774|(980.2, 980.9)
145.0939|(973.5, 997.1)
145.1105|(935.4, 1009.4)
145.1272|(879.7, 1022.0)
145.1439|(857.7, 1003.7)
145.1606|(854.6, 1004.2)
145.1773|(855.7, 1012.2)
145.1941|(858.9, 1023.4)
145.2275|(856.9, 1026.2)
145.2442|(857.4, 1038.4)
145.2775|(851.8, 1046.0)
145.2942|(845.8, 1049.3)
145.3107|(821.5, 1051.1)
145.3275|(813.9, 1050.1)
145.3441|(811.2, 1049.1)
145.3778|(798.7, 1056.0)
145.3945|(797.5, 1056.1)
145.4111|(795.4, 1055.3)
145.4279|(795.6, 1062.9)
145.4445|(794.3, 1063.8)
145.461|(793.2, 1037.6)
145.4777|(794.6, 1077.4)
145.4946|(802.9, 1001.2)
145.5279|(839.2, 664.5)
145.5446|(860.6, 494.3)
145.5612|(871.0, 438.6)
145.5781|(881.2, 433.1)
145.5946|(887.2, 422.0)
145.6113|(889.7, 417.7)
145.628|(892.2, 416.6)
145.6451|(887.3, 414.8)
145.6785|(888.6, 403.5)
145.6948|(884.3, 401.1)
145.7283|(926.6, 297.9)
145.7449|(929.2, 288.3)
145.7615|(933.1, 278.8)
145.7784|(934.1, 278.0)
145.7949|(937.2, 272.8)
145.8284|(936.3, 275.3)
145.8787|(936.8, 292.3)
145.8951|(932.7, 292.0)
146.0622|(908.4, 311.7)
146.0789|(886.0, 407.8)
146.0957|(901.0, 371.6)
146.1291|(897.5, 385.1)
146.1455|(926.0, 435.0)
146.1623|(908.7, 444.2)
146.1791|(905.5, 440.1)
146.1957|(908.2, 441.0)
146.2123|(909.3, 448.3)
146.2289|(909.9, 447.7)
146.246|(912.3, 445.4)
146.2791|(914.4, 439.9)
146.2959|(915.0, 438.8)
146.3126|(919.1, 435.1)
146.3294|(831.9, 435.3)
146.3458|(817.5, 435.8)
146.3626|(818.1, 438.8)
146.3793|(817.3, 441.0)
146.396|(814.2, 437.4)
146.4294|(818.2, 440.6)
146.4461|(819.5, 440.7)
146.4628|(837.4, 653.4)
146.4793|(857.2, 888.6)
146.4962|(859.8, 924.2)
146.513|(861.2, 936.4)
146.5298|(861.5, 976.2)
146.5463|(866.6, 984.9)
146.5797|(857.5, 979.9)
146.5962|(852.7, 982.1)
146.6129|(854.8, 984.6)
146.6296|(853.9, 984.7)
146.6465|(845.0, 1015.5)
146.6632|(842.8, 1019.4)
146.6798|(831.8, 1063.5)
146.6965|(830.2, 1069.8)
146.7299|(827.5, 1088.8)
146.7465|(822.1, 1104.6)
146.7636|(821.5, 1104.5)
146.7802|(820.4, 1103.7)
146.7965|(817.6, 1094.6)
146.8136|(814.7, 1084.2)
146.83|(815.2, 1088.0)
146.8468|(800.1, 1079.0)
146.8801|(795.3, 1071.0)
146.8968|(775.8, 1062.9)
146.9137|(774.9, 1062.6)
146.9302|(774.5, 1059.0)
146.9469|(774.9, 1060.5)
146.9635|(767.4, 1066.9)
147.1306|(799.0, 764.2)
147.1473|(849.4, 776.5)
147.1807|(860.8, 791.1)
147.1973|(862.5, 803.0)
147.2139|(865.8, 808.5)
147.2307|(867.0, 809.1)
147.2475|(833.5, 817.9)
147.2641|(835.4, 812.2)
147.2809|(836.8, 797.2)
147.2976|(836.4, 801.1)
147.331|(837.1, 794.0)
147.3477|(831.6, 791.6)
147.3642|(821.2, 791.9)
147.3809|(845.2, 793.9)
147.3977|(828.5, 796.1)
147.4144|(839.7, 836.3)
147.4311|(836.4, 862.5)
147.4478|(834.9, 880.8)
147.4812|(832.5, 898.3)
147.4978|(819.6, 965.7)
147.5145|(821.0, 964.9)
147.5312|(824.0, 975.1)
147.5479|(825.8, 979.1)
147.5646|(826.5, 980.3)
147.5815|(833.1, 973.6)
147.5981|(821.4, 974.9)
147.6313|(824.2, 979.4)
147.6482|(831.2, 999.9)
147.6647|(832.8, 1004.0)
147.6816|(832.2, 1013.2)
147.6981|(829.6, 1022.7)
147.7149|(827.6, 1027.7)
147.7316|(828.4, 1024.4)
147.7483|(826.6, 1030.1)
147.7652|(813.8, 1054.8)
147.7819|(812.9, 1057.1)
147.7985|(815.6, 1053.2)
147.815|(813.1, 1053.4)
147.8317|(813.1, 1055.8)
147.8484|(814.5, 1060.4)
147.8655|(816.5, 1068.4)
147.8818|(815.8, 1067.0)
147.8985|(817.4, 1065.6)
147.932|(815.7, 1065.8)
147.9485|(818.2, 1063.6)
147.9652|(819.9, 1064.1)
147.9819|(825.1, 1067.3)
147.9988|(820.7, 1067.4)
148.0155|(842.9, 1076.1)
148.0321|(844.9, 1075.4)
148.0487|(861.6, 1075.7)
148.0823|(875.4, 1067.1)
148.0988|(869.3, 1078.4)
148.1155|(871.6, 1080.7)
148.1324|(875.2, 1072.1)
148.149|(875.4, 1079.7)
148.1658|(870.9, 1106.1)
148.1822|(871.7, 1102.5)
148.1991|(874.2, 1096.4)
148.2158|(871.8, 1094.4)
148.2323|(870.8, 1092.4)
148.249|(870.0, 1087.4)
148.2658|(869.6, 1082.0)
148.2824|(869.5, 1080.0)
148.2992|(869.0, 1076.9)
148.316|(870.5, 1073.6)
148.3326|(872.8, 1057.8)
148.3493|(873.8, 1060.1)
148.5329|(846.8, 309.0)
148.5495|(839.9, 316.9)
148.5663|(839.4, 320.7)
148.5831|(840.6, 318.5)
148.5998|(840.4, 321.1)
148.6163|(842.5, 319.6)
148.6331|(846.0, 321.9)
148.6497|(849.8, 321.5)
148.6666|(852.4, 319.7)
148.6831|(851.1, 316.5)
148.6997|(848.7, 314.5)
148.7166|(847.0, 312.1)
148.7333|(846.4, 310.7)
148.7502|(847.1, 309.9)
148.7666|(848.4, 309.5)
148.7836|(850.4, 307.7)
148.8|(850.5, 307.9)
148.8334|(907.6, 287.8)
148.8501|(919.5, 284.7)
148.8667|(942.3, 281.5)
148.8837|(949.7, 280.6)
148.9004|(931.0, 282.8)
148.9169|(934.3, 281.5)
148.9336|(937.3, 275.1)
148.9836|(934.5, 267.6)
149.1673|(897.9, 241.0)
149.1841|(860.1, 347.1)
149.2007|(879.3, 324.8)
149.2174|(884.8, 332.9)
149.2341|(859.1, 376.1)
149.2508|(863.0, 376.1)
149.2673|(875.1, 359.4)
149.2843|(877.7, 362.9)
149.3008|(883.8, 384.1)
149.3174|(887.4, 389.6)
149.3344|(888.9, 398.3)
149.3509|(889.2, 399.1)
149.3676|(888.1, 394.8)
149.3843|(854.3, 410.0)
149.4345|(818.8, 427.0)
149.4511|(811.7, 429.0)
149.4677|(811.4, 429.1)
149.4846|(807.8, 429.6)
149.5014|(810.2, 430.3)
149.5178|(810.6, 429.7)
149.5513|(813.0, 428.6)
149.568|(813.3, 427.9)
149.5845|(811.7, 427.1)
149.6013|(810.2, 428.7)
149.6182|(808.6, 430.7)
149.6347|(810.7, 431.2)
149.6681|(808.7, 427.5)
149.6848|(808.7, 426.7)
149.718|(811.8, 430.3)
149.7349|(815.7, 436.1)
149.7517|(824.2, 465.1)
149.7682|(852.7, 584.2)
149.7851|(861.0, 635.2)
149.8018|(863.6, 668.9)
149.8185|(865.3, 688.1)
149.835|(884.9, 713.2)
149.8683|(861.3, 718.6)
149.8852|(866.4, 719.8)
149.9017|(869.3, 720.4)
149.9185|(865.0, 720.1)
149.9354|(881.7, 723.3)
149.9517|(875.0, 714.9)
149.9687|(869.0, 719.3)
150.0019|(869.6, 721.3)
150.0187|(867.9, 754.9)
150.0354|(855.9, 776.1)
150.0521|(865.4, 929.1)
150.0688|(864.7, 937.8)
150.0855|(866.3, 952.4)
150.1022|(869.8, 987.4)
150.119|(867.2, 1008.3)
150.1356|(859.8, 1019.1)
150.1523|(868.8, 1031.6)
150.169|(857.5, 1029.3)
150.1857|(859.9, 1031.3)
150.2023|(856.4, 1019.9)
150.2191|(853.9, 998.6)
150.2357|(844.0, 975.5)
150.2526|(844.7, 973.4)
150.2694|(833.8, 944.8)
150.2858|(837.5, 940.3)
150.3693|(791.2, 944.2)
150.386|(793.8, 944.4)
150.4028|(860.7, 884.5)
150.4193|(852.5, 906.4)
150.453|(855.2, 913.2)
150.4695|(856.4, 921.8)
150.486|(868.6, 938.0)
150.5029|(867.7, 942.0)
150.5198|(865.8, 954.5)
150.5364|(868.4, 956.3)
150.5529|(866.4, 953.0)
150.5865|(909.3, 952.9)
150.6198|(917.4, 952.7)
150.6362|(924.6, 948.0)
150.6533|(933.4, 934.9)
150.6699|(938.8, 929.0)
150.6865|(965.9, 894.5)
150.7032|(965.7, 895.9)
150.72|(966.6, 897.7)
150.7366|(959.4, 910.2)
150.7701|(949.5, 927.6)
150.7868|(941.9, 938.2)
150.8033|(946.2, 936.3)
150.8201|(946.5, 940.2)
150.8367|(966.5, 931.9)
150.8536|(1014.3, 915.3)
150.87|(1021.7, 924.5)
150.8868|(1036.6, 932.5)
150.9203|(1052.0, 950.8)
150.9369|(1048.2, 965.6)
150.9535|(1051.4, 951.7)
150.9704|(1049.6, 957.4)
150.987|(1052.1, 957.8)
151.0038|(1057.1, 936.9)
151.0371|(1056.1, 937.3)
151.0704|(1059.4, 932.2)
151.0872|(1061.0, 931.8)
151.1038|(1064.1, 928.3)
151.1206|(1063.5, 925.1)
151.1374|(1065.2, 924.2)
151.2373|(1059.9, 905.4)
151.254|(1113.8, 936.7)
151.2708|(1117.6, 891.0)
151.2874|(1114.9, 905.1)
151.3043|(1109.9, 923.2)
151.321|(1110.5, 915.8)
151.3374|(1113.9, 935.6)
151.371|(1113.9, 929.4)
151.3875|(1109.0, 950.0)
151.4043|(1110.2, 933.8)
151.421|(1112.8, 937.1)
151.4378|(1110.5, 953.7)
151.4546|(1117.5, 937.6)
151.4881|(1124.7, 937.2)
151.5212|(1124.5, 938.0)
151.5377|(1124.9, 939.0)
151.5548|(1127.4, 948.1)
151.5712|(1130.3, 951.7)
151.5883|(1135.8, 969.4)
151.6215|(1134.4, 966.2)
151.6382|(1137.1, 970.9)
151.6714|(1137.3, 967.9)
151.6884|(1137.0, 971.9)
151.7049|(1130.5, 968.2)
151.7217|(1132.4, 968.5)
151.7382|(1125.0, 965.5)
151.7549|(1127.3, 957.0)
151.7717|(1127.7, 960.4)
151.7882|(1127.9, 970.5)
151.8219|(1128.4, 955.9)
151.972|(961.8, 1001.8)
151.9887|(970.2, 945.9)
152.0056|(968.7, 962.2)
152.0222|(969.5, 972.8)
152.0389|(981.9, 962.7)
152.0722|(1000.9, 987.0)
152.0887|(996.0, 979.9)
152.1223|(988.9, 972.8)
152.1389|(991.8, 978.4)
152.1556|(942.5, 960.6)
152.1723|(917.9, 961.4)
152.1892|(908.4, 959.2)
152.2055|(904.4, 960.3)
152.2223|(896.7, 983.4)
152.2724|(892.7, 978.7)
152.2893|(891.7, 992.5)
152.3058|(867.3, 995.1)
152.3225|(875.5, 989.7)
152.3392|(885.2, 983.2)
152.356|(893.1, 987.6)
152.3726|(891.6, 988.7)
152.3892|(916.6, 987.3)
152.4227|(913.0, 987.1)
152.4393|(885.5, 1006.0)
152.456|(880.1, 1004.9)
152.4728|(874.4, 1005.0)
152.4893|(844.7, 1008.2)
152.5229|(828.5, 1022.7)
152.5397|(830.3, 1028.9)
152.5731|(812.9, 1076.2)
152.5898|(813.1, 1081.7)
152.6062|(815.2, 1100.8)
152.623|(812.0, 1107.6)
152.6565|(809.5, 1119.6)
152.6731|(808.9, 1119.3)
152.6898|(808.5, 1127.5)
152.7234|(806.7, 1139.3)
152.7399|(804.6, 1142.0)
152.7566|(787.1, 1139.3)
152.7732|(779.1, 1140.7)
152.7899|(764.0, 1142.4)
152.8067|(762.8, 1140.1)
152.8234|(756.9, 1149.5)
152.84|(763.4, 1150.9)
152.8735|(761.7, 1154.1)
152.9403|(717.0, 911.3)
152.9568|(733.9, 930.5)
152.9737|(790.5, 927.5)
152.9901|(800.7, 956.8)
153.0236|(805.6, 968.2)
153.0406|(801.6, 997.8)
153.0572|(798.5, 1024.7)
153.0741|(790.6, 1073.1)
153.1072|(786.7, 1116.3)
153.1239|(788.3, 1115.3)
153.1406|(794.1, 1114.7)
153.174|(801.8, 1098.1)
153.1908|(806.4, 1100.5)
153.2075|(808.6, 1123.2)
153.224|(809.5, 1166.3)
153.2409|(807.1, 1184.2)
153.2575|(798.4, 1183.7)
153.2741|(787.6, 1172.2)
153.2906|(787.6, 1170.9)
153.3242|(796.8, 1173.2)
153.3409|(813.1, 1191.4)
154.1422|(841.6, 612.5)
154.1591|(841.8, 627.1)
154.1755|(846.2, 638.2)
154.1923|(845.5, 642.0)
154.2257|(824.4, 653.9)
154.2424|(816.2, 660.7)
154.2758|(824.0, 659.5)
154.2926|(838.6, 658.0)
154.3093|(842.7, 657.6)
154.3259|(846.1, 658.8)
154.3426|(846.8, 659.5)
154.3762|(844.7, 661.2)
154.3927|(844.7, 661.1)
154.4095|(845.1, 660.2)
154.426|(846.9, 661.6)
154.4427|(849.1, 659.1)
154.4595|(851.0, 656.3)
154.4761|(852.1, 655.3)
154.4928|(852.7, 655.8)
154.5263|(856.0, 642.8)
154.5429|(831.9, 388.7)
154.5596|(830.0, 362.2)
154.5931|(829.9, 335.0)
154.6097|(836.0, 330.9)
154.6263|(830.7, 332.6)
154.6431|(830.8, 333.1)
154.6765|(831.6, 334.4)
154.6933|(832.7, 339.6)
154.7265|(833.9, 334.4)
154.7434|(833.8, 336.9)
154.7598|(833.9, 337.2)
154.7766|(834.8, 336.9)
154.7935|(835.0, 336.4)
154.8267|(850.3, 345.7)
154.8434|(854.0, 347.2)
154.8603|(858.7, 356.8)
154.8768|(866.5, 357.9)
154.8936|(861.3, 358.9)
154.9101|(863.0, 361.7)
154.9272|(872.7, 361.6)
154.9435|(867.5, 360.0)
154.9769|(876.4, 358.6)
154.9937|(884.4, 357.8)
155.0105|(883.7, 369.0)
155.027|(885.1, 373.1)
155.0437|(886.7, 375.3)
155.0604|(889.4, 377.9)
155.077|(890.8, 380.6)
155.094|(892.7, 384.2)
155.1272|(901.7, 407.2)
155.1441|(902.5, 409.7)
155.1771|(902.1, 411.6)
155.1942|(902.3, 412.3)
155.2104|(902.1, 407.1)
155.2274|(904.3, 404.9)
155.2442|(906.0, 403.8)
155.2775|(903.8, 408.2)
155.2942|(904.0, 411.1)
155.3109|(901.5, 420.3)
155.3275|(874.1, 547.4)
155.3441|(873.4, 551.4)
155.3609|(872.9, 553.0)
155.3778|(873.0, 552.6)
155.3946|(866.8, 554.4)
155.4278|(867.8, 555.4)
155.4443|(867.8, 558.5)
155.4611|(875.3, 560.9)
155.4777|(874.1, 558.0)
155.4945|(871.6, 556.7)
155.5113|(869.0, 556.2)
155.5277|(860.1, 552.2)
155.5447|(828.3, 541.9)
155.6782|(876.8, 560.5)
155.6947|(864.6, 547.5)
155.7283|(863.4, 558.8)
155.7614|(863.9, 575.5)
155.7786|(866.2, 595.5)
155.795|(854.7, 614.2)
155.8116|(851.5, 614.5)
155.8284|(858.8, 614.1)
155.8451|(848.3, 613.4)
155.8784|(855.5, 613.8)
155.8952|(865.5, 613.9)
155.9117|(866.7, 611.8)
155.9284|(867.5, 607.0)
155.9454|(868.4, 604.0)
155.962|(869.2, 601.1)
155.9788|(886.9, 629.9)
155.9953|(890.7, 639.5)
156.0288|(922.3, 747.6)
156.0454|(939.0, 812.5)
156.062|(966.6, 905.8)
156.0789|(973.3, 903.5)
156.0957|(974.4, 900.6)
156.1121|(977.2, 900.0)
156.1289|(962.1, 904.5)
156.1457|(960.3, 903.9)
156.179|(953.4, 912.6)
156.2124|(986.1, 930.3)
156.229|(996.2, 929.5)
156.2458|(991.1, 930.7)
156.2624|(988.4, 930.7)
156.2793|(998.9, 920.2)
156.3628|(990.6, 900.1)
156.3792|(1005.6, 833.8)
156.396|(992.3, 850.2)
156.4127|(985.9, 863.3)
156.4294|(982.6, 879.8)
156.4462|(981.0, 896.3)
156.4796|(986.7, 895.5)
156.4961|(977.4, 935.2)
156.5128|(977.1, 937.0)
156.5295|(971.8, 941.7)
156.5464|(973.1, 941.4)
156.563|(966.5, 942.6)
156.5797|(966.7, 942.7)
156.5965|(960.1, 944.1)
156.6297|(956.7, 946.8)
156.6464|(956.6, 947.0)
156.6634|(959.7, 947.3)
156.6799|(960.5, 948.2)
156.6964|(962.1, 948.0)
156.7133|(961.6, 947.9)
156.7299|(961.1, 950.8)
156.7466|(966.2, 960.4)
156.7801|(1000.1, 956.0)
156.7967|(1056.2, 945.4)
156.8136|(1066.8, 943.3)
156.83|(1067.1, 943.6)
156.8635|(1088.4, 938.5)
156.8801|(1097.3, 936.3)
156.9303|(1097.7, 923.6)
156.947|(1101.3, 915.8)
156.9634|(1103.6, 910.0)
156.9803|(1117.8, 905.6)
156.9969|(1119.9, 903.0)
157.0137|(1116.3, 903.1)
157.0304|(1115.2, 897.9)
157.1138|(1061.1, 835.1)
157.1307|(1077.8, 828.5)
157.1471|(1106.9, 863.5)
157.164|(1100.3, 867.6)
157.1806|(1093.3, 885.7)
157.1973|(1089.6, 908.0)
157.2142|(1089.6, 906.4)
157.2475|(1085.1, 946.0)
157.264|(1091.0, 970.2)
157.2807|(1092.9, 967.9)
157.2975|(1127.4, 985.3)
157.3143|(1121.4, 997.2)
157.331|(1119.8, 989.8)
157.4143|(1066.8, 1031.3)
157.431|(1132.1, 828.7)
157.4478|(1101.0, 837.0)
157.4645|(1058.4, 928.7)
157.4812|(1054.9, 941.5)
157.4979|(1064.7, 939.2)
157.5313|(1087.9, 984.7)
157.5478|(1097.1, 1045.0)
157.5648|(1090.6, 1010.9)
157.5815|(1080.0, 1009.7)
157.5982|(1046.9, 992.3)
157.615|(1040.0, 977.9)
157.6314|(1038.8, 990.0)
157.6481|(1015.8, 961.1)
157.6648|(1028.6, 975.0)
157.6816|(1024.9, 985.4)
157.6983|(1023.0, 992.4)
157.7148|(1015.8, 995.1)
157.7316|(1015.9, 985.9)
157.7482|(1018.1, 979.8)
157.7651|(1021.3, 970.8)
157.7815|(1026.6, 975.1)
157.7985|(1031.2, 975.5)
157.8317|(1041.5, 977.6)
157.8485|(1039.8, 978.0)
157.865|(1051.7, 977.9)
157.8819|(1064.7, 973.5)
157.8985|(1067.3, 973.0)
157.9153|(1068.5, 973.2)
157.9318|(1062.7, 966.0)
157.9488|(1066.1, 968.7)
157.982|(1062.9, 962.7)
157.9987|(1062.1, 960.8)
158.0153|(1062.0, 947.1)
158.0322|(1062.2, 945.4)
158.0489|(1062.8, 945.8)
158.0656|(1063.6, 949.0)
158.0822|(1056.5, 914.6)
158.099|(1022.2, 805.1)
158.1156|(978.3, 658.5)
158.1323|(957.4, 588.5)
158.1489|(956.0, 580.3)
158.1655|(937.2, 515.0)
158.1822|(933.6, 505.6)
158.1989|(934.3, 505.3)
158.2156|(935.2, 508.0)
158.2324|(933.1, 506.8)
158.2491|(932.6, 510.3)
158.2824|(924.8, 520.5)
158.2992|(867.4, 525.1)
158.3157|(850.0, 526.3)
158.3326|(854.0, 526.1)
158.3493|(848.7, 526.6)
158.366|(840.7, 529.2)
158.3825|(839.4, 531.9)
158.3995|(838.8, 533.9)
158.4328|(839.0, 535.4)
158.4497|(837.4, 546.0)
158.466|(835.2, 561.3)
158.4828|(833.8, 633.4)
158.4995|(830.4, 685.9)
158.5162|(828.8, 697.3)
158.5329|(829.1, 712.8)
158.5495|(828.2, 750.0)
158.5662|(828.3, 751.7)
158.5829|(827.0, 748.9)
158.5997|(826.7, 749.7)
158.6164|(825.0, 741.7)
158.633|(827.9, 740.5)
158.6497|(826.9, 740.8)
158.6663|(832.7, 735.8)
158.6832|(839.9, 727.4)
158.6997|(778.2, 732.2)
158.7331|(806.7, 729.0)
158.7498|(755.8, 735.2)
158.7832|(752.1, 741.1)
158.8002|(752.2, 742.2)
158.8165|(748.4, 743.3)
158.8334|(737.4, 742.2)
158.8835|(713.2, 733.9)
158.9169|(697.5, 730.4)
158.9338|(696.1, 730.4)
158.9669|(685.0, 730.0)
158.9836|(684.4, 730.1)
159.017|(686.9, 728.8)
159.0339|(702.1, 723.8)
159.0504|(774.8, 727.7)
159.0672|(789.5, 729.5)
159.0838|(818.9, 731.3)
159.1005|(820.1, 733.8)
159.1171|(821.3, 734.4)
159.134|(824.1, 736.0)
159.1507|(825.0, 734.2)
159.1673|(827.0, 724.8)
159.1843|(824.3, 721.4)
159.2008|(823.8, 722.8)
159.2174|(824.1, 725.7)
159.2341|(833.1, 724.2)
159.2508|(852.6, 721.6)
159.2675|(856.7, 721.5)
159.2843|(871.0, 721.1)
159.301|(878.5, 721.0)
159.3175|(900.0, 720.1)
159.3345|(898.7, 718.2)
159.3508|(898.3, 719.0)
159.3675|(896.1, 723.0)
159.3844|(892.9, 733.2)
159.4011|(892.7, 739.8)
159.418|(893.8, 740.2)
159.4512|(892.3, 740.7)
159.4678|(887.9, 728.2)
159.4845|(874.6, 704.0)
159.5013|(867.2, 692.9)
159.518|(865.5, 690.0)
159.5345|(862.7, 684.7)
159.5514|(861.3, 682.0)
159.5679|(857.3, 678.1)
159.5846|(855.7, 678.2)
159.6013|(855.8, 678.5)
159.618|(852.4, 681.5)
159.6348|(841.5, 688.3)
159.6517|(814.2, 688.4)
159.668|(794.2, 687.9)
159.6848|(805.7, 688.8)
159.7016|(802.2, 689.1)
159.7182|(773.0, 686.5)
159.7349|(774.6, 688.7)
159.7683|(769.7, 683.5)
159.7852|(769.7, 683.7)
159.8016|(770.3, 684.4)
159.8185|(771.3, 686.4)
159.8351|(771.3, 686.5)
159.8518|(772.1, 686.5)
159.8687|(773.6, 687.1)
159.9019|(774.5, 687.7)
159.9184|(769.7, 687.7)
159.9351|(769.3, 689.0)
159.9519|(750.4, 699.0)
159.9688|(708.3, 723.5)
159.9855|(693.1, 732.0)
160.0021|(687.6, 736.7)
160.019|(674.8, 748.5)
160.0355|(666.1, 757.5)
160.0521|(665.9, 758.1)
160.0688|(663.7, 756.3)
160.0854|(663.5, 757.4)
160.1022|(663.0, 740.5)
160.1189|(663.7, 740.3)
160.1357|(663.7, 742.4)
160.1523|(662.4, 748.9)
160.1858|(657.1, 720.3)
160.2191|(674.7, 674.6)
160.2356|(706.9, 650.0)
160.2524|(738.3, 609.8)
160.2693|(756.2, 581.0)
160.2858|(746.7, 612.7)
160.3026|(757.3, 622.5)
160.3192|(732.3, 672.4)
160.3526|(747.1, 714.8)
160.3695|(760.2, 719.6)
160.3859|(771.2, 722.2)
160.4028|(771.5, 721.0)
160.4195|(781.1, 722.9)
160.4361|(798.3, 727.8)
160.4529|(813.3, 734.5)
160.4863|(831.5, 743.7)
160.5031|(833.9, 745.0)
160.5196|(834.4, 748.7)
160.5361|(831.5, 751.4)
160.553|(830.6, 753.1)
160.5697|(830.4, 754.7)
160.5864|(830.0, 758.6)
160.6029|(831.2, 761.2)
160.6197|(832.0, 769.9)
160.6364|(884.8, 739.3)
160.6699|(899.6, 731.0)
160.6866|(902.3, 739.2)
160.703|(903.7, 742.0)
160.7199|(901.8, 743.8)
160.7365|(898.9, 747.8)
160.7535|(900.8, 746.6)
160.77|(892.0, 728.3)
160.8035|(881.4, 706.8)
160.82|(852.5, 646.5)
160.8367|(843.9, 628.0)
160.8534|(843.8, 630.8)
160.8702|(830.2, 606.3)
160.8867|(819.6, 593.1)
160.9036|(824.8, 595.0)
160.937|(823.7, 593.2)
160.9704|(821.5, 593.7)
160.9869|(818.8, 594.4)
161.0036|(813.9, 596.9)
161.0205|(810.5, 602.9)
161.0371|(810.2, 602.3)
161.0537|(810.2, 602.6)
161.0705|(809.3, 600.8)
161.087|(806.8, 593.5)
161.1206|(800.7, 454.5)
161.1373|(835.1, 372.3)
161.1539|(814.6, 356.8)
161.1707|(813.8, 357.1)
161.1873|(822.5, 354.4)
161.2041|(804.4, 349.0)
161.2207|(813.1, 350.5)
161.2374|(805.8, 348.9)
161.2712|(809.5, 345.8)
161.2874|(817.5, 340.7)
161.3041|(847.7, 339.4)
161.3209|(845.1, 340.4)
161.3377|(832.4, 340.6)
161.3544|(859.4, 337.2)
161.3877|(858.1, 338.2)
161.4211|(857.9, 337.0)
161.4377|(859.6, 336.9)
161.4545|(859.7, 334.9)
161.4714|(858.0, 333.2)
161.4879|(864.3, 332.9)
161.5213|(866.3, 333.3)
161.5379|(865.2, 334.3)
161.5712|(864.3, 335.9)
161.5881|(853.8, 343.9)
161.6047|(847.8, 349.8)
161.6216|(848.2, 350.0)
161.638|(845.1, 353.8)
161.6549|(845.1, 354.7)
161.6715|(846.5, 353.8)
161.6882|(849.0, 352.2)
161.7217|(853.5, 342.4)
161.7382|(859.9, 343.8)
161.755|(854.1, 346.9)
161.7717|(854.9, 344.4)
161.7883|(849.1, 345.7)
161.8051|(825.4, 320.7)
161.8218|(801.8, 287.1)
161.8386|(801.5, 286.3)
161.8719|(777.5, 254.0)
161.8885|(776.3, 252.8)
161.9053|(775.6, 254.2)
161.9218|(776.0, 255.2)
162.0223|(748.9, 256.6)
162.0388|(786.7, 464.9)
162.0555|(782.8, 585.9)
162.0721|(781.4, 656.0)
162.089|(784.4, 683.8)
162.1055|(787.2, 706.7)
162.1224|(788.6, 720.1)
162.1388|(791.5, 725.4)
162.1723|(792.7, 729.0)
162.1889|(793.4, 730.9)
162.2057|(796.2, 728.6)
162.2224|(797.0, 728.5)
162.239|(796.4, 726.3)
162.2559|(791.5, 722.6)
162.2724|(790.0, 721.2)
162.2892|(790.3, 721.1)
162.3226|(790.4, 718.4)
162.3393|(789.9, 717.3)
162.356|(787.3, 714.6)
162.3728|(785.9, 712.4)
162.3892|(786.7, 712.1)
162.423|(787.2, 710.8)
162.4393|(787.7, 711.2)
162.4728|(792.8, 709.9)
162.4897|(794.0, 709.5)
162.5063|(794.7, 709.5)
162.5229|(793.3, 709.9)
162.5562|(794.1, 709.3)
162.5731|(792.1, 711.1)
162.5895|(791.7, 711.8)
162.6231|(794.8, 710.9)
162.6399|(827.1, 681.2)
162.6563|(867.3, 650.8)
162.6733|(880.4, 639.9)
162.6898|(887.9, 633.9)
162.7066|(916.6, 602.1)
162.7232|(915.5, 600.8)
162.7399|(914.2, 603.8)
162.7734|(912.8, 601.4)
162.7901|(909.5, 598.5)
162.8069|(909.0, 598.1)
162.8234|(906.0, 595.4)
162.8401|(843.6, 603.7)
162.8566|(830.9, 606.4)
162.8736|(842.9, 606.1)
162.8901|(831.0, 610.6)
162.9237|(806.0, 621.0)
162.9405|(806.2, 619.6)
162.957|(809.2, 615.7)
162.9737|(808.3, 615.6)
163.0071|(806.8, 611.9)
163.0238|(806.9, 613.1)
163.0403|(806.1, 612.8)
163.074|(797.6, 601.0)
163.0905|(797.3, 601.5)
163.1073|(796.8, 567.5)
163.124|(800.3, 353.5)
163.1407|(798.2, 286.7)
163.1573|(794.6, 234.4)
163.1739|(793.8, 234.0)
163.1907|(793.6, 234.0)
163.2239|(790.6, 231.5)
163.241|(790.9, 231.7)
163.2575|(782.4, 223.6)
163.2741|(769.3, 216.4)
163.2908|(747.8, 200.0)
163.3076|(734.8, 187.7)
163.3243|(737.7, 192.5)
163.341|(739.0, 194.2)
163.3744|(738.6, 186.7)
163.391|(757.1, 204.1)
163.4076|(792.0, 205.4)
163.4244|(863.6, 191.9)
163.4578|(900.0, 187.3)
163.4744|(923.6, 191.2)
163.491|(943.9, 192.2)
163.5247|(975.9, 198.2)
163.5412|(992.2, 199.0)
163.558|(1001.8, 202.2)
163.5914|(995.7, 199.5)
163.6081|(996.0, 195.8)
163.6246|(1004.8, 194.6)
163.6414|(1019.5, 192.8)
163.6747|(1036.8, 192.4)
163.6915|(1044.8, 189.4)
163.7082|(1057.9, 180.1)
163.7248|(1065.5, 182.8)
163.7415|(1065.5, 182.9)
163.7582|(1058.6, 184.9)
163.775|(1039.3, 208.6)
163.7916|(1038.8, 212.9)
163.8255|(879.8, 640.7)
163.8417|(857.6, 658.7)
163.8585|(819.3, 735.2)
163.8752|(828.9, 724.1)
163.8919|(805.5, 736.0)
163.9084|(807.0, 737.6)
163.9253|(807.0, 737.9)
163.9418|(807.0, 738.7)
163.9754|(805.5, 738.5)
164.0089|(805.6, 736.4)
164.0422|(805.5, 733.4)
164.0587|(805.7, 730.4)
164.0753|(799.6, 727.9)
164.0922|(789.1, 727.3)
164.1257|(788.3, 726.9)
164.1425|(774.3, 729.1)
164.1756|(770.4, 727.5)
164.1923|(768.7, 724.2)
164.2088|(765.1, 724.0)
164.2258|(762.8, 723.6)
164.2424|(761.1, 721.9)
164.2758|(744.9, 700.4)
164.2924|(748.2, 704.9)
164.309|(739.5, 694.7)
164.3259|(735.1, 686.6)
164.3592|(733.4, 680.5)
164.3761|(735.8, 680.4)
164.4262|(737.2, 681.1)
164.443|(738.6, 680.8)
164.4593|(743.8, 677.3)
164.4929|(760.3, 649.6)
164.5097|(758.8, 652.7)
164.5261|(763.7, 644.5)
164.5428|(764.7, 644.8)
164.5763|(767.4, 641.8)
164.593|(763.3, 640.9)
164.6432|(768.1, 643.9)
164.6599|(827.1, 643.5)
164.6764|(910.5, 651.2)
164.6931|(912.0, 651.0)
164.7265|(914.6, 649.7)
164.7432|(916.3, 650.6)
164.7767|(910.6, 649.0)
164.7933|(911.2, 649.5)
164.8102|(911.4, 649.4)
164.8266|(911.7, 648.2)
164.8433|(913.7, 645.0)
164.8769|(930.4, 638.4)
164.8935|(948.4, 642.4)
164.9102|(947.0, 640.1)
164.9269|(948.5, 638.9)
164.9437|(950.7, 639.5)
164.9603|(918.4, 632.4)
164.9937|(872.0, 617.6)
165.0271|(815.6, 589.5)
165.1441|(806.9, 564.3)
165.1774|(802.8, 492.0)
165.1941|(819.9, 499.4)
165.2107|(831.9, 508.4)
165.2276|(844.1, 536.4)
165.244|(847.2, 544.4)
165.2607|(850.6, 546.3)
165.2775|(876.9, 567.9)
165.2943|(883.7, 575.3)
165.3277|(891.2, 581.2)
165.3444|(907.8, 591.8)
165.361|(919.4, 608.1)
165.3776|(916.2, 608.0)
165.3943|(916.0, 611.7)
165.4111|(915.6, 614.2)
165.4277|(915.4, 617.0)
165.4445|(914.9, 616.3)
165.478|(912.5, 612.7)
165.4946|(905.8, 606.6)
165.528|(849.0, 605.9)
165.5446|(811.0, 611.2)
165.5611|(805.2, 611.9)
165.578|(800.7, 611.1)
165.5947|(794.6, 610.0)
165.6281|(789.5, 607.5)
165.6614|(786.9, 607.5)
165.6783|(788.2, 606.9)
165.6949|(787.4, 607.6)
165.7114|(783.0, 623.9)
165.7283|(783.5, 625.0)
165.7449|(783.3, 626.3)
165.7784|(783.7, 625.7)
165.795|(785.1, 623.1)
165.8118|(789.4, 609.0)
165.8282|(789.3, 608.1)
165.8451|(791.4, 618.4)
165.8617|(800.5, 672.3)
165.8787|(802.6, 686.8)
165.8952|(802.3, 692.5)
165.9285|(803.6, 708.4)
165.9454|(804.0, 710.8)
165.9618|(805.3, 711.1)
165.9786|(805.1, 710.7)
165.9952|(800.3, 712.1)
166.0121|(798.1, 712.1)
166.0287|(799.7, 710.7)
166.0454|(798.4, 709.2)
166.0789|(820.4, 700.7)
166.1122|(841.9, 695.7)
166.1289|(843.2, 695.5)
166.1456|(848.4, 695.9)
166.1623|(845.6, 693.9)
166.179|(844.1, 694.9)
166.1957|(844.6, 694.0)
166.229|(837.4, 690.1)
166.2458|(837.1, 692.6)
166.2625|(740.4, 682.5)
166.279|(732.3, 681.9)
166.3961|(745.3, 639.0)
166.4126|(752.1, 631.7)
166.4293|(759.6, 630.4)
166.4462|(789.2, 636.0)
166.4627|(812.2, 632.5)
166.4795|(860.1, 624.1)
166.4962|(844.6, 626.8)
166.5296|(873.2, 620.2)
166.5631|(889.4, 612.8)
166.5797|(889.2, 612.9)
166.5962|(888.2, 608.4)
166.6132|(889.9, 606.6)
166.6298|(889.3, 606.7)
166.6467|(895.4, 606.8)
166.6632|(902.5, 609.6)
166.6966|(907.4, 612.2)
166.7133|(910.8, 613.7)
166.7297|(919.7, 617.9)
166.7464|(924.0, 620.8)
166.7633|(925.7, 621.7)
166.7799|(925.9, 622.5)
166.7967|(926.1, 623.6)
166.8302|(926.3, 624.1)
166.8468|(905.0, 614.0)
166.9802|(901.4, 599.8)
166.9969|(909.6, 603.0)
167.0137|(926.2, 619.8)
167.0305|(925.5, 619.0)
167.0471|(922.6, 615.3)
167.0639|(922.2, 614.0)
167.0807|(926.2, 619.1)
167.0971|(938.5, 628.2)
167.114|(935.8, 627.5)
167.1473|(938.4, 623.4)
167.164|(934.8, 619.4)
167.1805|(936.3, 617.6)
167.1971|(936.3, 617.6)
167.2143|(936.3, 617.1)
167.2309|(933.6, 617.8)
167.2474|(934.1, 617.9)
167.2809|(940.7, 613.9)
167.2973|(950.4, 612.9)
167.3143|(952.8, 613.8)
167.3308|(954.0, 615.8)
167.3479|(958.1, 620.1)
167.3642|(961.6, 625.5)
167.381|(959.9, 622.5)
167.3975|(959.5, 624.1)
167.431|(960.1, 627.9)
167.4478|(961.1, 631.7)
167.4643|(961.4, 634.7)
167.4812|(959.7, 638.3)
167.4979|(960.8, 636.9)
167.5145|(949.5, 637.9)
167.5311|(923.2, 640.1)
167.5479|(896.6, 642.8)
167.5647|(877.3, 645.0)
167.5981|(836.7, 656.3)
167.6151|(836.0, 657.2)
167.6313|(834.0, 655.2)
167.6482|(835.3, 660.0)
167.6647|(835.5, 660.8)
167.6816|(834.1, 657.9)
167.6983|(832.3, 655.5)
167.7315|(834.2, 661.8)
167.7485|(832.9, 683.9)
167.7648|(836.5, 720.7)
167.7815|(835.5, 724.0)
167.7983|(836.5, 727.1)
167.8152|(836.6, 729.8)
167.8318|(837.6, 730.8)
167.8484|(836.6, 731.9)
167.8818|(835.8, 730.3)
167.8985|(838.2, 731.6)
167.9151|(836.3, 732.4)
167.9321|(833.8, 733.8)
167.9486|(832.5, 733.8)
167.9654|(833.4, 733.3)
167.9817|(833.9, 733.4)
167.9985|(833.1, 734.4)
168.0154|(831.7, 734.4)
168.0322|(830.4, 735.6)
168.0487|(829.7, 738.1)
168.0656|(829.0, 739.7)
168.0822|(830.7, 743.9)
168.0989|(841.2, 737.8)
168.1155|(855.4, 713.6)
168.1323|(867.4, 690.3)
168.1489|(874.0, 680.9)
168.1823|(890.0, 653.5)
168.1991|(891.1, 654.6)
168.2156|(889.3, 655.0)
168.2323|(888.7, 654.2)
168.2491|(888.6, 654.1)
168.266|(886.8, 651.8)
168.2827|(885.4, 648.7)
168.2992|(883.6, 645.0)
168.3327|(886.3, 647.8)
168.3492|(889.2, 648.9)
168.366|(890.8, 651.4)
168.3827|(907.9, 657.8)
168.3994|(931.8, 655.3)
168.416|(980.0, 650.1)
168.4327|(999.1, 647.8)
168.4493|(1012.8, 646.4)
168.4662|(1020.7, 645.2)
168.4827|(1032.7, 640.5)
168.4995|(1062.9, 637.0)
168.5163|(1050.8, 639.0)
168.5329|(1039.2, 643.1)
168.5499|(1065.8, 629.2)
168.5664|(1055.0, 634.1)
168.5831|(1054.6, 635.1)
168.5997|(1048.5, 639.8)
168.6331|(1051.9, 635.3)
168.6497|(952.0, 600.3)
168.6664|(943.4, 596.6)
168.6832|(946.8, 599.4)
168.6998|(942.2, 605.2)
168.7165|(940.0, 605.8)
168.7332|(939.5, 609.6)
168.75|(940.4, 607.6)
168.7833|(934.5, 611.1)
168.7999|(937.0, 612.2)
168.8166|(935.8, 618.2)
168.8335|(935.8, 616.7)
168.8501|(934.0, 609.3)
168.8669|(921.6, 620.7)
168.8837|(913.6, 628.8)
168.9003|(911.5, 629.8)
168.9168|(875.0, 715.9)
168.9334|(856.9, 758.4)
168.9503|(856.2, 761.1)
168.9669|(853.8, 764.6)
168.9836|(852.1, 763.7)
169.0005|(853.1, 763.9)
169.017|(851.9, 755.5)
169.0337|(851.0, 751.5)
169.0505|(843.9, 743.9)
169.084|(847.9, 741.3)
169.1005|(858.1, 738.9)
169.1172|(881.1, 734.8)
169.1339|(889.2, 738.9)
169.1506|(894.8, 738.7)
169.1673|(896.8, 738.6)
169.184|(896.7, 737.6)
169.2342|(897.0, 731.5)
169.2507|(897.4, 731.5)
169.2675|(900.2, 728.5)
169.2841|(904.0, 720.8)
169.3009|(951.0, 613.0)
169.3175|(955.4, 609.1)
169.3343|(957.1, 608.5)
169.351|(960.3, 598.7)
169.3677|(966.0, 588.4)
169.3842|(968.2, 585.1)
169.4011|(968.3, 585.2)
169.4176|(962.4, 588.1)
169.4345|(961.1, 588.9)
169.451|(961.9, 588.8)
169.4679|(962.5, 590.8)
169.4845|(957.6, 593.0)
169.5013|(959.5, 591.5)
169.5179|(960.6, 595.8)
169.5347|(960.5, 604.3)
169.5513|(960.2, 604.9)
169.5679|(957.7, 621.3)
169.5846|(955.7, 631.3)
169.6014|(953.1, 638.7)
169.6183|(951.2, 643.1)
169.6347|(949.7, 644.8)
169.668|(948.3, 648.5)
169.6848|(948.1, 648.1)
169.7016|(949.3, 648.5)
169.7182|(952.1, 649.4)
169.7351|(945.7, 648.3)
169.7517|(917.8, 650.1)
169.7683|(876.9, 656.0)
169.8017|(867.1, 657.3)
169.8183|(854.2, 659.4)
169.835|(850.5, 658.1)
169.8518|(847.8, 649.6)
169.8686|(841.5, 628.7)
169.8852|(838.1, 584.5)
169.902|(838.2, 596.0)
169.9186|(834.8, 563.5)
169.9352|(833.9, 551.1)
169.952|(834.8, 559.5)
169.9687|(831.8, 510.7)
169.9853|(831.6, 506.8)
170.0022|(822.7, 511.7)
170.0188|(794.3, 513.1)
170.0356|(785.5, 513.4)
170.052|(780.2, 514.0)
170.0688|(774.4, 514.6)
170.0854|(749.8, 517.9)
170.1189|(748.7, 515.6)
170.1357|(748.3, 516.0)
170.1524|(746.4, 518.1)
170.1694|(746.9, 518.6)
170.1856|(755.7, 532.9)
170.2025|(773.2, 532.1)
170.2189|(913.7, 539.8)
170.2524|(918.6, 539.8)
170.2692|(939.4, 518.7)
170.4027|(937.4, 457.9)
170.4193|(977.4, 473.2)
170.4529|(970.3, 505.7)
170.4694|(981.6, 522.4)
170.4863|(984.8, 527.2)
170.5027|(970.5, 534.4)
170.5196|(986.7, 541.7)
170.5361|(991.1, 542.9)
170.5695|(991.5, 544.7)
170.5864|(1004.3, 544.7)
170.6031|(1034.2, 535.7)
170.6195|(1036.9, 534.2)
170.6363|(1038.0, 533.6)
170.6532|(1039.7, 524.0)
170.6698|(1040.2, 518.7)
170.7032|(1041.8, 516.7)
170.7199|(1043.2, 517.1)
170.7365|(1044.4, 525.4)
170.7532|(1045.3, 524.0)
170.77|(1045.0, 525.6)
170.7867|(1056.7, 526.9)
170.8034|(1105.0, 534.3)
170.8367|(1113.7, 533.2)
170.8701|(1117.9, 531.0)
170.8867|(1121.1, 533.2)
170.9035|(1126.0, 534.8)
170.9202|(1127.9, 534.3)
170.9369|(1126.9, 532.1)
170.9537|(1124.0, 527.4)
170.9702|(1119.1, 524.0)
170.9869|(1117.5, 517.2)
171.0204|(1116.6, 515.2)
171.0372|(1116.2, 513.5)
171.0539|(1114.8, 511.5)
171.0705|(1109.0, 508.3)
171.0872|(1101.4, 506.1)
171.1039|(1073.4, 503.6)
171.1207|(1073.2, 502.7)
171.2375|(1028.3, 484.6)
171.2543|(1023.2, 524.1)
171.2708|(1028.2, 511.6)
171.2877|(1026.5, 517.3)
171.3208|(1029.8, 513.2)
171.3375|(1031.5, 514.8)
171.3544|(1031.8, 518.0)
171.3711|(1031.0, 518.3)
171.3878|(1002.6, 539.9)
171.421|(968.8, 546.1)
171.4378|(950.8, 554.2)
171.4712|(916.4, 565.4)
171.4879|(914.5, 564.2)
171.5045|(913.5, 560.6)
171.5215|(909.5, 555.9)
171.5379|(911.5, 554.9)
171.5545|(909.5, 552.3)
171.5712|(874.5, 551.8)
171.5879|(866.1, 550.8)
171.6215|(857.8, 553.1)
171.6381|(845.3, 555.3)
171.8051|(883.8, 646.3)
171.8217|(862.4, 648.1)
171.8386|(860.3, 649.4)
171.8719|(859.3, 660.2)
171.8885|(859.2, 662.6)
171.9218|(861.3, 666.2)
171.9387|(862.6, 663.6)
171.9553|(863.5, 662.4)
171.9722|(866.4, 657.6)
171.9887|(872.1, 649.4)
172.0222|(888.8, 648.2)
172.0387|(899.1, 648.9)
172.0721|(906.2, 651.7)
172.1055|(927.8, 658.1)
172.1222|(931.3, 654.9)
172.1389|(931.2, 655.8)
172.1557|(925.6, 651.8)
172.1722|(925.2, 650.9)
172.1889|(924.9, 649.1)
172.2223|(923.7, 646.0)
172.2392|(922.1, 647.3)
172.2558|(921.3, 646.1)
172.2726|(918.6, 647.3)
172.2892|(865.2, 702.5)
172.3058|(865.0, 708.1)
172.3229|(863.3, 711.1)
172.339|(861.4, 713.4)
172.4894|(824.1, 586.0)
172.5228|(835.1, 653.8)
172.5395|(872.8, 635.9)
172.5564|(870.0, 654.2)
172.5732|(856.9, 655.5)
172.5896|(852.9, 669.5)
172.6065|(861.9, 700.3)
172.623|(839.0, 695.8)
172.6397|(841.9, 698.5)
172.6733|(841.1, 699.4)
172.6899|(848.4, 701.0)
172.7066|(851.7, 702.4)
172.7233|(858.5, 704.8)
172.7399|(872.6, 710.9)
172.7565|(873.2, 715.7)
172.7732|(872.3, 715.0)
172.7899|(872.8, 714.1)
172.8235|(871.1, 716.2)
172.8401|(870.6, 715.7)
172.8571|(870.9, 711.0)
172.8735|(877.6, 707.8)
172.9069|(876.0, 705.7)
172.9235|(875.2, 699.3)
172.9402|(874.1, 693.1)
172.9737|(867.9, 673.1)
172.9903|(862.4, 627.6)
173.007|(864.8, 443.3)
173.0405|(893.4, 296.5)
173.0571|(883.0, 241.9)
173.0738|(891.6, 244.8)
173.0905|(895.0, 245.8)
173.1241|(886.8, 239.8)
173.1405|(866.1, 229.0)
173.1573|(859.0, 225.6)
173.174|(858.8, 224.2)
173.1905|(875.6, 221.4)
173.2073|(902.7, 215.0)
173.2242|(905.7, 214.4)
173.2408|(959.4, 187.5)
173.2742|(963.3, 190.3)
173.2908|(960.2, 196.3)
173.3076|(956.2, 199.0)
173.3243|(957.9, 196.5)
173.3576|(957.2, 196.8)
173.3742|(956.7, 195.1)
173.3909|(955.1, 182.0)
173.4244|(960.1, 181.8)
173.441|(851.3, 188.5)
173.4578|(800.4, 176.5)
173.4911|(775.5, 175.3)
173.508|(777.1, 174.6)
173.5245|(778.2, 175.2)
173.5411|(777.1, 175.4)
173.5747|(778.9, 171.2)
173.5915|(777.6, 174.0)
173.7582|(925.7, 175.3)
173.775|(918.2, 167.4)
173.7915|(933.2, 158.5)
173.8085|(944.9, 146.3)
173.825|(939.2, 152.5)
173.8416|(921.0, 153.3)
173.8751|(928.6, 163.9)
173.8918|(915.2, 170.3)
173.9085|(915.4, 155.8)
173.9419|(919.1, 155.2)
173.9586|(998.7, 130.6)
173.9753|(1003.9, 135.2)
173.9919|(1027.8, 146.8)
174.0254|(1047.4, 139.3)
174.0422|(1044.7, 155.8)
174.0755|(1046.7, 157.5)
174.0923|(1038.2, 168.0)
174.1089|(1041.4, 164.6)
174.1255|(1037.4, 173.2)
174.1423|(1041.5, 170.7)
174.1757|(1040.6, 171.3)
174.1923|(1043.8, 166.4)
174.209|(1041.8, 159.8)
174.2258|(1013.9, 149.7)
174.2424|(1012.0, 150.3)
174.259|(1012.1, 151.4)
174.2758|(1011.6, 152.2)
174.2925|(1008.0, 157.8)
174.4761|(872.7, 584.5)
174.4929|(923.9, 634.1)
174.5263|(924.7, 653.1)
174.543|(924.7, 654.0)
174.5595|(924.8, 652.4)
174.5762|(926.2, 652.0)
174.593|(928.4, 645.3)
174.6266|(926.9, 639.6)
174.6432|(927.0, 638.4)
174.6597|(926.2, 634.4)
174.6765|(922.4, 634.4)
174.6931|(921.9, 636.5)
174.7099|(921.7, 630.8)
174.7265|(921.7, 630.4)
174.7432|(920.3, 624.1)
174.7767|(913.2, 616.3)
174.7933|(907.6, 608.3)
174.8101|(863.6, 553.2)
174.8267|(872.2, 544.6)
174.8434|(869.1, 542.3)
174.8601|(862.9, 540.2)
174.8769|(862.7, 543.4)
174.8935|(866.2, 544.5)
174.9268|(884.8, 535.3)
174.9435|(886.1, 529.3)
174.9771|(880.9, 535.4)
174.9936|(883.6, 525.6)
175.0103|(892.2, 527.1)
175.0269|(922.0, 532.4)
175.0439|(944.5, 539.9)
175.2275|(1023.5, 570.8)
175.2441|(1035.2, 547.9)
175.2608|(1035.5, 560.5)
175.2774|(1038.3, 589.6)
175.3109|(1037.1, 585.4)
175.3275|(1023.7, 596.3)
175.3776|(1035.4, 596.4)
175.3944|(1041.0, 594.7)
175.4109|(1042.4, 592.4)
175.428|(1041.5, 592.1)
175.4444|(1041.0, 591.9)
175.461|(1040.8, 589.1)
175.4778|(1040.6, 585.1)
175.4946|(1039.3, 575.3)
175.5281|(1027.5, 571.1)
175.5446|(1033.7, 568.8)
175.5613|(994.4, 554.2)
175.578|(966.2, 545.0)
175.5947|(960.2, 533.0)
175.6113|(960.9, 532.4)
175.6281|(955.9, 533.4)
175.6448|(973.6, 529.6)
175.6781|(956.4, 533.2)
175.6949|(945.5, 535.5)
175.7115|(945.2, 536.0)
175.7281|(945.6, 539.7)
175.7449|(943.8, 537.1)
175.7617|(943.1, 535.7)
175.7783|(939.1, 550.0)
175.795|(913.3, 621.2)
175.8284|(888.2, 682.5)
175.8451|(878.6, 686.9)
175.9786|(846.9, 485.8)
176.0122|(837.8, 513.6)
176.0288|(839.0, 554.2)
176.0453|(872.8, 602.1)
176.0621|(852.4, 625.1)
176.0788|(863.0, 618.6)
176.0954|(863.9, 648.8)
176.129|(867.1, 651.5)
176.1457|(868.3, 674.3)
176.1626|(854.0, 668.2)
176.1789|(838.9, 662.0)
176.1955|(836.2, 658.6)
176.2124|(838.4, 655.4)
176.2292|(838.6, 657.3)
176.2458|(835.8, 659.1)
176.2791|(839.7, 652.4)
176.2959|(842.3, 652.5)
176.3126|(847.6, 587.0)
176.3292|(868.9, 371.0)
176.3458|(876.6, 304.3)
176.363|(881.7, 270.0)
176.3795|(883.7, 263.8)
176.396|(886.5, 246.6)
176.4294|(888.7, 244.1)
176.4459|(888.2, 242.1)
176.463|(887.9, 243.8)
176.4795|(886.3, 245.5)
176.4961|(885.2, 258.8)
176.5128|(883.7, 283.1)
176.5297|(884.0, 308.7)
176.5464|(885.8, 339.4)
176.5797|(886.3, 349.0)
176.5963|(887.2, 348.1)
176.6131|(886.0, 349.4)
176.6297|(887.6, 349.6)
176.6465|(886.4, 349.8)
176.6632|(886.6, 348.2)
176.6797|(888.2, 337.9)
176.6967|(889.0, 332.9)
176.7299|(887.3, 320.7)
176.7466|(871.2, 307.4)
176.7631|(853.5, 292.9)
176.78|(852.0, 292.0)
176.7969|(848.6, 287.1)
176.8135|(845.7, 283.4)
176.8303|(846.1, 282.0)
176.8467|(836.8, 272.5)
176.8802|(837.3, 260.0)
177.0139|(806.0, 363.8)
177.0304|(819.2, 451.0)
177.0473|(820.0, 457.0)
177.0637|(822.0, 462.0)
177.0805|(830.1, 544.8)
177.0974|(837.5, 606.2)
177.1139|(840.9, 634.6)
177.1306|(843.6, 651.7)
177.1474|(845.0, 660.8)
177.1807|(848.3, 681.3)
177.1976|(844.7, 683.9)
177.214|(842.2, 687.3)
177.2306|(842.7, 688.8)
177.2474|(842.5, 691.8)
177.2642|(844.0, 694.6)
177.2809|(845.4, 692.4)
177.2976|(846.2, 691.7)
177.3309|(847.3, 682.9)
177.3475|(849.5, 679.2)
177.3643|(850.3, 679.1)
177.3811|(851.5, 681.4)
177.3975|(851.0, 677.1)
177.4144|(849.0, 677.1)
177.4309|(848.4, 678.7)
177.4478|(847.6, 679.4)
177.4646|(845.8, 678.0)
177.4812|(847.2, 680.0)
177.4982|(847.4, 677.5)
177.5144|(847.8, 675.6)
177.5311|(846.4, 671.5)
177.5479|(846.1, 669.0)
177.5647|(846.0, 668.4)
177.5818|(845.6, 668.7)
177.5981|(845.3, 669.4)
177.6314|(849.0, 661.0)
177.6483|(920.3, 623.2)
177.6648|(925.2, 619.4)
177.6814|(930.9, 617.2)
177.6983|(932.3, 616.2)
177.7148|(935.8, 614.5)
177.7316|(936.3, 614.7)
177.7483|(933.1, 616.2)
177.7816|(935.3, 618.2)
177.7982|(941.5, 621.8)
177.815|(941.1, 620.8)
177.8318|(942.1, 621.4)
177.8488|(942.5, 619.3)
177.8651|(941.6, 620.3)
177.8818|(942.1, 619.6)
178.0321|(854.6, 797.6)
178.0488|(864.8, 653.7)
178.0822|(889.7, 600.7)
178.0987|(890.5, 606.9)
178.1155|(895.6, 609.3)
178.132|(900.9, 611.3)
178.1491|(903.4, 608.5)
178.1656|(912.2, 604.6)
178.1822|(912.9, 610.2)
178.2324|(913.1, 610.5)
178.2657|(911.9, 613.0)
178.2825|(911.8, 612.9)
178.3158|(910.9, 612.7)
178.3326|(909.1, 614.9)
178.3492|(908.6, 613.8)
178.366|(908.5, 615.1)
178.3826|(910.9, 634.3)
178.3993|(911.3, 636.7)
178.4161|(911.4, 636.5)
178.4326|(910.4, 636.0)
178.4496|(909.2, 634.4)
178.4661|(905.5, 631.2)
178.4828|(900.2, 625.5)
178.4996|(868.6, 632.4)
178.5329|(832.4, 635.9)
178.5496|(831.3, 636.4)
178.5663|(832.0, 637.3)
178.5831|(830.9, 649.8)
178.5997|(836.2, 652.5)
178.6332|(828.4, 639.1)
178.6832|(829.8, 647.0)
178.7164|(802.1, 635.7)
178.7332|(793.5, 636.8)
178.7667|(780.6, 602.9)
178.7834|(780.9, 601.3)
178.9169|(812.6, 576.3)
179.0004|(822.9, 690.5)
179.0504|(868.3, 734.5)
179.0672|(856.7, 740.4)
179.0838|(854.3, 742.1)
179.1172|(849.0, 742.4)
179.1341|(849.2, 740.9)
179.1504|(848.1, 736.6)
179.1674|(852.3, 737.6)
179.184|(854.5, 735.1)
179.2008|(855.7, 732.9)
179.2175|(835.1, 743.4)
179.2509|(824.4, 756.1)
179.2675|(811.2, 757.0)
179.284|(786.9, 734.8)
179.3008|(787.6, 738.8)
179.3176|(773.6, 732.2)
179.3342|(770.8, 717.6)
179.3511|(773.9, 715.8)
179.3677|(772.6, 714.1)
179.3843|(768.9, 704.7)
179.4011|(764.4, 704.5)
179.4175|(756.0, 715.7)
179.4345|(754.5, 716.3)
179.4512|(758.4, 716.8)
179.4678|(807.7, 710.7)
179.4846|(872.6, 702.7)
179.5013|(983.1, 687.9)
179.5178|(1234.6, 661.4)
179.5345|(1348.9, 649.1)
179.5681|(1549.0, 626.3)
179.5846|(1558.0, 625.2)
179.6013|(1567.4, 633.4)
179.6181|(1579.7, 644.3)
179.6348|(1587.0, 651.1)
179.6514|(1609.8, 673.7)
179.6682|(1611.3, 675.2)
179.7013|(1650.9, 634.8)
179.7182|(1652.3, 633.1)
179.735|(1659.1, 630.8)
179.7516|(1659.0, 627.6)
179.7682|(1662.5, 635.8)
179.7849|(1671.6, 639.9)
179.8018|(1652.4, 633.5)
179.8351|(1634.9, 616.1)
179.8518|(1624.8, 610.8)
179.8685|(1620.5, 608.3)
179.8851|(1619.1, 607.9)
179.9018|(1616.6, 606.5)
179.9185|(1596.5, 589.4)
179.9354|(1599.3, 590.2)
179.9519|(1601.6, 589.8)
179.9685|(1610.1, 590.6)
179.9852|(1605.6, 586.4)
180.0188|(1596.2, 576.9)
180.0355|(1590.8, 577.6)
180.052|(1539.9, 573.3)
180.0688|(1524.6, 570.3)
180.0856|(1520.8, 567.4)
180.1023|(1500.7, 560.9)
180.1189|(1513.8, 556.2)
180.1523|(1516.6, 556.2)
180.1691|(1518.5, 558.3)
180.1857|(1522.8, 560.0)
180.2023|(1526.4, 561.5)
180.2192|(1537.0, 566.9)
180.2358|(1545.2, 576.0)
180.2524|(1538.7, 577.0)
180.2859|(1532.4, 577.7)
180.3191|(1537.2, 578.7)
180.3358|(1534.7, 576.8)
180.3527|(1534.2, 573.6)
180.3692|(1542.5, 567.7)
180.386|(1610.2, 567.8)
180.4029|(1613.4, 567.5)
180.4194|(1622.6, 570.8)
180.4362|(1656.9, 585.4)
180.4695|(1679.8, 598.1)
180.4864|(1688.3, 604.0)
180.5032|(1714.9, 623.2)
180.5197|(1712.5, 621.1)
180.5364|(1722.7, 626.4)
180.553|(1726.6, 627.5)
180.57|(1725.1, 623.7)
180.5864|(1724.6, 622.5)
180.6198|(1726.3, 624.2)
180.6363|(1741.9, 624.1)
180.6532|(1781.4, 650.6)
180.67|(1778.5, 652.3)
180.6865|(1777.0, 659.7)
180.7034|(1787.0, 676.3)
180.737|(1792.8, 684.2)
180.7699|(1799.1, 688.1)
180.7869|(1799.1, 669.4)
180.8034|(1772.6, 659.1)
180.8201|(1782.8, 650.4)
180.8368|(1783.2, 646.3)
180.8535|(1776.8, 648.2)
180.8704|(1765.4, 613.9)
180.887|(1764.0, 633.7)
180.9203|(1775.5, 619.5)
180.9371|(1771.9, 629.5)
180.9538|(1804.7, 692.2)
180.9707|(1802.3, 681.3)
180.987|(1808.8, 672.8)
181.0037|(1830.0, 671.3)
181.0204|(1833.1, 678.2)
181.0371|(1832.6, 682.5)
181.0704|(1842.1, 703.7)
181.0871|(1842.1, 691.3)
181.1038|(1847.6, 703.2)
181.1206|(1832.4, 678.5)
181.1374|(1815.4, 664.3)
181.1539|(1795.7, 648.7)
181.1707|(1795.3, 640.9)
181.1873|(1778.2, 636.6)
181.2208|(1747.1, 622.0)
181.2373|(1732.4, 617.0)
181.2541|(1714.5, 610.3)
181.271|(1709.5, 606.2)
181.2875|(1712.5, 604.9)
181.3208|(1720.2, 628.2)
181.3376|(1722.3, 623.7)
181.371|(1642.2, 637.3)
181.4044|(1551.2, 651.6)
181.4211|(1401.3, 668.9)
181.438|(1302.4, 682.0)
181.4544|(932.8, 730.9)
181.4713|(930.3, 733.9)
181.4879|(926.1, 742.2)
181.5215|(923.1, 747.0)
181.5379|(920.0, 750.0)
181.5545|(917.7, 746.2)
