181.5882|(912.5, 690.3)
181.6343|(912.3, 666.7)
181.6528|(910.5, 665.7)
181.6696|(911.8, 648.2)
181.6862|(907.7, 650.5)
181.703|(906.8, 649.5)
181.7194|(905.8, 648.9)
181.7363|(903.6, 646.7)
181.7529|(902.8, 646.3)
181.7862|(898.0, 646.0)
181.8031|(881.1, 660.2)
181.8197|(878.0, 660.3)
181.8365|(849.2, 670.7)
181.8699|(848.6, 666.9)
181.8867|(851.4, 666.8)
181.9031|(850.8, 667.7)
181.9365|(833.7, 708.9)
181.9531|(791.8, 803.9)
181.9698|(789.6, 824.8)
181.9865|(782.3, 854.3)
182.0031|(757.9, 950.2)
182.02|(728.9, 1061.7)
182.0366|(729.0, 1058.1)
182.0531|(729.4, 1057.3)
182.0866|(732.0, 1044.4)
182.1035|(735.1, 1040.5)
182.1201|(731.3, 1045.0)
182.1367|(709.9, 1062.2)
182.1535|(703.8, 1060.5)
182.187|(708.5, 1054.9)
182.2035|(708.9, 1054.3)
182.2368|(711.5, 1051.9)
182.2537|(710.0, 1059.4)
182.2702|(709.8, 1060.9)
182.2873|(704.0, 1078.5)
182.3204|(694.2, 1078.2)
182.3371|(711.1, 1079.3)
182.3537|(720.1, 1079.8)
182.3871|(723.8, 1080.1)
182.4041|(728.0, 1091.0)
182.4205|(728.2, 1089.5)
182.4371|(730.5, 1081.9)
182.4539|(732.5, 1075.2)
182.4707|(740.8, 1041.8)
182.4873|(740.4, 1035.3)
182.504|(742.7, 1024.3)
182.5374|(751.9, 1022.1)
182.5541|(755.1, 1015.4)
182.5708|(786.7, 1003.6)
182.5874|(807.0, 998.2)
182.6042|(833.4, 1025.0)
182.6207|(834.7, 1035.0)
182.6375|(835.7, 1038.5)
182.6545|(837.6, 1050.1)
182.6878|(846.1, 1060.5)
182.7045|(838.4, 1056.2)
182.721|(823.9, 1105.4)
182.7377|(820.9, 1121.0)
182.7713|(881.3, 1129.2)
182.7878|(885.6, 1125.5)
182.8045|(895.9, 1117.0)
182.8379|(891.9, 1127.3)
182.8546|(905.1, 1134.3)
182.8715|(897.1, 1140.5)
182.8882|(894.4, 1155.1)
182.9047|(911.0, 1141.8)
182.9214|(893.2, 1154.5)
182.9382|(887.3, 1157.8)
182.9548|(878.2, 1168.6)
182.9883|(856.5, 1176.4)
183.0049|(840.4, 1189.4)
183.0216|(849.1, 1180.8)
183.0383|(855.6, 1174.1)
183.055|(851.8, 1175.5)
183.0716|(851.9, 1174.3)
183.0882|(840.8, 1167.3)
183.1051|(813.4, 1164.4)
183.1385|(803.2, 1165.7)
183.1551|(803.9, 1162.7)
183.172|(794.7, 1162.1)
183.1888|(787.6, 1176.2)
183.2052|(783.1, 1189.8)
183.2219|(785.8, 1187.2)
183.2386|(786.7, 1181.3)
183.2552|(786.3, 1174.0)
183.2888|(787.5, 1163.4)
183.3054|(790.8, 1142.6)
183.3221|(781.3, 1183.9)
183.3556|(780.5, 1190.0)
183.3721|(791.3, 1191.7)
183.4055|(810.5, 1164.0)
183.4557|(824.6, 1161.4)
183.4724|(832.5, 1170.2)
183.489|(843.1, 1184.9)
183.506|(841.3, 1197.9)
183.5892|(811.9, 1192.6)
183.6058|(811.7, 1180.5)
183.6225|(811.8, 1135.2)
183.6394|(813.7, 1114.8)
183.6559|(814.2, 1113.8)
183.6728|(814.5, 1105.4)
183.6893|(815.1, 1102.0)
183.706|(816.7, 1090.9)
183.7395|(824.3, 1093.9)
183.7561|(820.5, 1083.5)
183.7728|(879.8, 1106.5)
183.7895|(888.4, 1110.7)
183.8063|(895.1, 1106.1)
183.8228|(899.4, 1105.4)
183.8395|(901.5, 1104.8)
183.8562|(898.4, 1106.6)
183.8896|(894.5, 1109.5)
183.9066|(877.5, 1116.1)
183.9232|(848.0, 1121.8)
183.9398|(756.3, 1096.0)
183.9566|(750.5, 1094.7)
183.9731|(745.1, 1091.5)
183.9897|(732.9, 1089.5)
184.0066|(690.5, 1081.5)
184.0399|(690.6, 1083.9)
184.0567|(692.7, 1081.0)
184.0733|(691.7, 1080.8)
184.0901|(685.7, 1087.7)
184.1068|(684.5, 1092.4)
184.1232|(686.6, 1092.5)
184.1403|(686.9, 1091.7)
184.1569|(683.6, 1097.2)
184.1903|(684.0, 1065.8)
184.2069|(687.6, 1005.9)
184.2235|(684.7, 975.5)
184.2402|(683.4, 970.6)
184.2569|(682.4, 967.2)
184.2736|(681.9, 965.2)
184.2902|(671.3, 969.9)
184.3072|(671.7, 968.9)
184.3405|(673.6, 964.6)
184.3572|(684.4, 968.7)
184.3905|(704.7, 982.5)
184.4073|(702.9, 983.0)
184.4239|(702.6, 986.0)
184.4406|(701.0, 997.2)
184.4573|(707.3, 1001.5)
184.4908|(702.8, 1021.4)
184.5073|(703.7, 1019.3)
184.5241|(703.3, 1022.2)
184.5408|(700.9, 1002.9)
184.5574|(676.5, 915.1)
184.5741|(683.5, 886.8)
184.5909|(684.4, 883.6)
184.6077|(683.0, 877.4)
184.6409|(679.9, 867.3)
184.6743|(651.7, 910.0)
184.7077|(659.7, 894.6)
184.7245|(658.0, 895.2)
184.7409|(675.4, 852.7)
184.758|(674.7, 852.1)
184.7913|(675.5, 851.5)
184.8078|(675.0, 851.1)
184.8246|(663.7, 860.9)
184.8416|(650.8, 873.3)
184.8581|(652.8, 875.1)
184.8745|(635.1, 889.0)
184.8914|(640.2, 888.5)
184.908|(642.5, 888.4)
184.9416|(660.9, 881.1)
184.9749|(709.4, 872.1)
184.9918|(713.3, 871.1)
185.0249|(721.7, 866.9)
185.0415|(720.7, 865.8)
185.0917|(727.1, 851.6)
185.1083|(734.2, 842.4)
185.1251|(734.2, 844.7)
185.1417|(731.9, 856.7)
185.1586|(733.8, 853.8)
185.1752|(735.8, 852.8)
185.1917|(738.9, 846.7)
185.2087|(749.9, 842.6)
185.2422|(764.5, 842.3)
185.2585|(792.3, 849.8)
185.2754|(816.4, 859.9)
185.2921|(821.9, 864.3)
185.3086|(838.1, 859.2)
185.3254|(841.7, 856.4)
185.3419|(849.4, 851.1)
185.3589|(775.9, 918.3)
185.3923|(785.2, 906.3)
185.4258|(730.9, 944.4)
185.4422|(732.5, 943.6)
185.459|(729.8, 945.6)
185.4756|(715.7, 960.6)
185.4924|(735.5, 957.1)
185.5091|(701.7, 986.4)
185.5424|(712.4, 978.7)
185.5592|(695.9, 987.6)
185.5755|(667.5, 1027.5)
185.5926|(654.3, 1033.0)
185.6091|(655.9, 1031.6)
185.626|(645.8, 1039.0)
185.6429|(641.5, 1041.7)
185.6593|(642.2, 1041.2)
185.6928|(632.3, 1012.5)
185.7094|(661.6, 1013.2)
185.7261|(649.9, 1011.4)
185.7426|(652.0, 1009.0)
185.7593|(653.4, 1007.2)
185.7761|(636.2, 1009.9)
185.793|(643.8, 1010.0)
185.8095|(629.1, 1010.4)
185.843|(655.3, 1008.1)
185.8763|(637.0, 1021.9)
185.8929|(664.2, 994.6)
185.9095|(660.4, 992.8)
185.9263|(648.8, 999.9)
185.9432|(657.3, 987.7)
185.9599|(635.3, 940.9)
185.9934|(649.0, 952.6)
186.0099|(630.7, 941.8)
186.0268|(638.6, 948.5)
186.0433|(632.7, 940.9)
186.0598|(666.6, 933.3)
186.0767|(670.8, 928.1)
186.0934|(654.8, 926.0)
186.1101|(678.8, 918.5)
186.1435|(668.2, 920.7)
186.1602|(675.0, 976.2)
186.1768|(672.8, 989.2)
186.1935|(676.6, 988.7)
186.2102|(674.2, 992.5)
186.2268|(654.1, 1017.6)
186.2435|(646.2, 1027.5)
186.2604|(658.5, 1023.1)
186.2937|(663.2, 1002.5)
186.3104|(671.6, 953.7)
186.3271|(672.4, 894.1)
186.3439|(673.4, 855.3)
186.3773|(672.8, 826.0)
186.3939|(671.1, 815.1)
186.4272|(670.3, 819.3)
186.4608|(676.6, 820.7)
186.4772|(678.0, 820.5)
186.4939|(682.6, 823.1)
186.5107|(678.5, 828.3)
186.5276|(703.0, 839.9)
186.544|(712.8, 845.2)
186.561|(721.0, 852.7)
186.5941|(721.7, 859.1)
186.611|(735.9, 865.5)
186.6443|(755.4, 860.9)
186.6609|(753.8, 860.5)
186.6943|(754.3, 859.1)
186.7113|(767.1, 845.4)
186.7446|(752.9, 861.6)
186.7779|(800.3, 856.1)
186.7946|(812.4, 853.1)
186.8279|(844.9, 859.5)
186.8447|(847.3, 862.2)
186.8782|(847.6, 867.0)
186.8948|(843.8, 870.4)
186.9115|(827.6, 879.4)
186.928|(797.1, 921.9)
186.9447|(786.8, 949.1)
186.9615|(774.9, 976.6)
186.9783|(766.6, 994.5)
186.9949|(753.6, 1022.1)
187.0114|(739.9, 1047.9)
187.0449|(732.6, 1061.1)
187.0617|(734.2, 1059.5)
187.0784|(732.3, 1041.5)
187.0949|(721.4, 1036.6)
187.1119|(728.3, 1039.9)
187.1284|(719.0, 1043.2)
187.1452|(708.8, 1047.9)
187.1618|(700.9, 1044.2)
187.1952|(684.9, 1038.6)
187.2117|(683.4, 1037.8)
187.2285|(681.3, 1041.4)
187.2453|(683.1, 1039.5)
187.2621|(686.7, 1040.2)
187.2788|(702.7, 1057.9)
187.2954|(707.4, 1061.8)
187.312|(714.6, 1064.6)
187.329|(738.8, 1054.3)
187.3454|(738.2, 1067.2)
187.362|(737.1, 1064.7)
187.3792|(743.7, 1059.1)
187.3954|(745.8, 1069.9)
187.4123|(739.4, 1084.3)
187.429|(752.7, 1067.1)
187.4456|(750.4, 1081.7)
187.4623|(748.9, 1090.4)
187.4956|(735.4, 1098.4)
187.5125|(724.7, 1097.6)
187.529|(722.0, 1097.5)
187.5458|(695.0, 1097.1)
187.5624|(676.2, 1103.7)
187.5792|(665.2, 1106.2)
187.5959|(654.5, 1106.0)
187.6125|(646.7, 1107.2)
187.6459|(661.4, 1074.2)
187.6625|(664.7, 1066.3)
187.6792|(682.3, 830.6)
187.6959|(686.0, 793.3)
187.7127|(689.3, 772.1)
187.7294|(692.2, 766.7)
187.7461|(694.7, 760.2)
187.7628|(697.5, 732.6)
187.7795|(697.3, 730.0)
187.7961|(698.7, 726.5)
187.8127|(699.4, 728.1)
187.8296|(700.2, 727.4)
187.863|(702.2, 728.5)
187.8796|(702.8, 729.9)
187.8965|(691.4, 733.4)
187.9131|(686.0, 733.7)
187.9465|(660.2, 731.7)
187.9631|(658.7, 731.5)
187.9797|(642.2, 738.2)
187.9965|(647.5, 734.0)
188.0133|(649.7, 733.3)
188.0299|(655.7, 729.1)
188.0466|(658.3, 727.5)
188.0634|(660.7, 720.8)
188.0969|(657.6, 712.6)
188.1132|(656.7, 703.6)
188.13|(657.4, 695.8)
188.147|(657.7, 693.1)
188.1639|(658.0, 684.2)
188.1802|(657.8, 681.2)
188.1969|(657.9, 680.2)
188.2135|(658.6, 675.8)
188.2302|(657.1, 677.6)
188.2472|(657.7, 677.3)
188.2635|(668.5, 671.2)
188.2804|(694.2, 677.3)
188.297|(780.2, 690.6)
188.3138|(833.6, 700.2)
188.3303|(847.9, 702.3)
188.3472|(864.6, 719.3)
188.3638|(873.8, 725.0)
188.3804|(881.6, 721.2)
188.3976|(883.9, 717.9)
188.4137|(885.0, 717.6)
188.4303|(886.7, 718.3)
188.4472|(884.4, 718.9)
188.464|(886.0, 718.4)
188.4808|(887.2, 719.7)
188.4974|(890.9, 720.9)
188.5477|(955.0, 721.9)
188.5642|(969.5, 721.4)
188.5808|(969.6, 720.1)
188.5976|(968.3, 718.5)
188.6143|(967.6, 716.9)
188.6311|(967.7, 717.0)
188.6477|(968.2, 716.8)
188.6642|(975.9, 713.3)
188.6809|(992.6, 716.2)
188.6979|(999.2, 717.5)
188.7144|(1012.2, 721.6)
188.7314|(1016.2, 722.3)
188.7478|(1032.7, 723.4)
188.7644|(1041.6, 721.1)
188.7811|(1039.9, 724.7)
188.7978|(1048.1, 715.0)
188.8146|(1052.8, 712.3)
188.8311|(1094.2, 708.7)
188.8481|(1083.1, 709.5)
188.8646|(1089.1, 712.1)
188.8814|(1102.8, 719.8)
188.8981|(1098.2, 732.9)
188.9147|(1101.2, 731.6)
188.9314|(1090.1, 728.5)
188.948|(1043.4, 712.5)
188.9817|(787.1, 608.2)
188.9986|(851.8, 635.2)
189.0148|(794.6, 615.4)
189.0317|(844.1, 639.0)
189.0484|(740.7, 606.7)
189.0817|(737.5, 608.6)
189.1317|(743.4, 615.0)
189.1484|(740.6, 608.8)
189.1651|(748.7, 602.9)
189.1818|(751.8, 601.8)
189.1985|(745.4, 608.4)
189.2152|(757.2, 608.0)
189.232|(752.7, 611.2)
189.2487|(742.3, 615.8)
189.2654|(737.8, 617.9)
189.282|(699.2, 601.4)
189.2986|(696.3, 601.0)
189.3154|(693.9, 600.3)
189.3321|(685.3, 598.6)
189.3487|(677.7, 589.5)
189.3656|(676.2, 588.5)
189.3822|(672.7, 587.4)
189.3988|(664.8, 584.1)
189.4323|(667.0, 591.4)
189.449|(665.4, 587.7)
189.4657|(704.6, 592.2)
189.4824|(710.4, 593.5)
189.4992|(716.2, 595.6)
189.5159|(732.3, 589.6)
189.5325|(731.7, 587.6)
189.5659|(728.7, 589.5)
189.5825|(728.3, 589.1)
189.599|(727.2, 586.7)
189.6159|(729.1, 587.5)
189.6325|(734.2, 588.2)
189.6496|(737.0, 585.0)
189.666|(737.4, 579.5)
189.6828|(715.7, 552.6)
189.6994|(706.4, 539.4)
189.716|(696.0, 519.0)
189.7328|(682.0, 500.0)
189.7494|(686.3, 499.2)
189.7662|(681.3, 500.4)
189.7828|(686.2, 503.6)
189.7998|(683.7, 506.1)
189.8161|(682.7, 509.8)
189.8328|(682.9, 506.0)
189.8496|(683.8, 504.4)
189.8829|(682.2, 504.1)
189.8999|(681.6, 501.7)
189.9165|(696.2, 448.0)
189.9331|(697.7, 440.9)
189.9497|(697.1, 431.2)
189.9668|(696.6, 420.7)
189.9832|(693.3, 422.6)
190.0168|(691.1, 419.6)
190.0333|(690.7, 420.3)
190.0499|(687.9, 426.1)
190.0667|(686.6, 426.0)
190.0834|(686.6, 425.4)
190.1|(688.0, 423.4)
190.1168|(692.3, 422.9)
190.1501|(695.9, 420.6)
190.1836|(705.2, 420.4)
190.2001|(710.8, 419.8)
190.2171|(715.6, 420.8)
190.2336|(750.6, 415.2)
190.2504|(762.6, 411.9)
190.2671|(767.8, 410.9)
190.2838|(762.8, 422.2)
190.3003|(757.8, 429.0)
190.3337|(756.3, 433.6)
190.3504|(755.5, 432.7)
190.367|(752.2, 420.2)
190.3839|(746.4, 402.8)
190.4005|(741.8, 392.7)
190.4173|(731.8, 382.5)
190.434|(729.2, 378.8)
190.4506|(711.2, 356.0)
190.484|(710.4, 354.0)
190.5006|(706.4, 353.3)
190.5173|(705.5, 352.0)
190.5341|(703.8, 352.9)
190.5509|(703.3, 353.1)
190.5675|(707.7, 349.7)
190.6009|(709.9, 345.5)
190.6343|(711.1, 343.5)
190.6508|(711.4, 333.6)
190.6678|(712.0, 294.3)
190.6845|(712.0, 288.6)
190.7012|(712.9, 285.6)
190.7179|(717.1, 285.9)
190.7344|(723.8, 281.5)
190.7512|(722.8, 278.4)
190.7844|(726.5, 275.5)
190.8011|(727.4, 277.0)
190.8179|(730.1, 278.3)
190.8347|(734.8, 282.3)
190.8515|(718.9, 281.3)
190.868|(717.2, 281.6)
190.8847|(706.9, 276.6)
191.0182|(763.9, 209.0)
191.0517|(696.0, 290.1)
191.085|(724.0, 294.3)
191.1016|(737.1, 292.9)
191.1185|(731.0, 301.6)
191.1352|(737.6, 295.6)
191.152|(731.6, 301.8)
191.1851|(727.3, 310.7)
191.2019|(718.2, 327.9)
191.2354|(728.8, 313.9)
191.2519|(736.6, 305.8)
191.2688|(745.8, 292.7)
191.2852|(745.1, 294.9)
191.3019|(747.8, 290.1)
191.3188|(750.7, 289.1)
191.3354|(746.1, 290.8)
191.352|(746.6, 290.3)
191.3856|(748.9, 289.1)
191.402|(754.8, 286.9)
191.4189|(758.7, 287.7)
191.4355|(759.1, 285.6)
191.4524|(761.4, 282.6)
191.469|(787.1, 278.5)
191.4856|(825.7, 274.6)
191.6025|(850.6, 277.3)
191.636|(856.6, 212.4)
191.6525|(876.7, 232.6)
191.686|(867.2, 225.1)
191.7028|(876.4, 255.5)
191.7193|(896.9, 281.1)
191.7362|(887.6, 280.5)
191.7528|(885.1, 274.5)
191.7695|(882.5, 277.7)
191.7863|(856.2, 287.3)
191.8027|(858.4, 285.3)
191.8362|(873.3, 284.5)
191.8528|(886.6, 289.9)
191.8697|(902.6, 281.4)
191.8863|(914.0, 277.8)
191.903|(918.3, 276.2)
191.9198|(925.0, 267.5)
191.9365|(925.6, 267.2)
191.9531|(926.2, 267.9)
191.9865|(928.7, 269.3)
192.0034|(928.7, 269.2)
192.0201|(928.9, 268.6)
192.0367|(928.1, 267.0)
192.0533|(815.1, 255.1)
192.0869|(746.4, 265.5)
192.1033|(712.7, 272.3)
192.1369|(717.0, 260.0)
192.1535|(717.9, 248.4)
192.1701|(702.7, 249.1)
192.1869|(705.6, 249.1)
192.2202|(709.9, 251.8)
192.237|(713.6, 260.5)
192.2535|(704.2, 265.5)
192.287|(702.3, 265.0)
192.3038|(693.3, 267.2)
192.3206|(688.3, 267.7)
192.3372|(685.0, 265.1)
192.3537|(683.9, 262.2)
192.3706|(681.6, 252.6)
192.3872|(675.5, 239.8)
192.4038|(675.2, 239.1)
192.4371|(671.5, 229.3)
192.4541|(670.5, 227.9)
192.4705|(670.7, 230.1)
192.4874|(671.7, 236.2)
192.5042|(673.6, 235.9)
192.5374|(679.5, 234.5)
192.5541|(687.8, 232.2)
192.5875|(696.3, 230.5)
192.6042|(702.6, 229.4)
192.6377|(740.7, 208.5)
192.6711|(743.6, 206.6)
192.6875|(743.4, 207.1)
192.7044|(742.7, 210.2)
192.7377|(750.2, 214.8)
192.7546|(756.2, 221.3)
192.7712|(786.6, 227.9)
192.8045|(805.2, 230.7)
192.8213|(809.2, 221.7)
192.8379|(810.6, 219.1)
192.8547|(818.0, 220.1)
192.888|(811.8, 217.3)
192.9046|(811.3, 217.7)
192.9214|(809.6, 218.8)
192.938|(811.2, 217.5)
192.9547|(813.3, 217.3)
192.9713|(817.9, 216.9)
192.9882|(821.9, 216.8)
193.0048|(829.7, 215.1)
193.0382|(847.4, 208.6)
193.0549|(847.3, 211.1)
193.0884|(847.0, 212.3)
193.1218|(850.0, 215.1)
193.1383|(848.4, 216.9)
193.1551|(853.5, 215.7)
193.1888|(871.6, 207.4)
193.2051|(796.9, 211.2)
193.2219|(777.5, 212.3)
193.2553|(680.8, 220.8)
193.272|(680.0, 223.6)
193.2885|(680.9, 225.5)
193.3055|(682.6, 226.8)
193.3387|(680.9, 227.6)
193.3556|(680.4, 228.8)
193.3721|(676.2, 229.2)
193.3889|(679.5, 223.6)
193.4056|(680.8, 219.7)
193.4224|(675.1, 219.0)
193.4391|(673.3, 219.5)
193.4556|(668.8, 220.6)
193.489|(665.5, 221.8)
193.5056|(665.7, 219.6)
193.5224|(665.4, 218.6)
193.5392|(666.8, 204.5)
193.5558|(676.5, 187.2)
193.5723|(678.4, 184.3)
193.5892|(680.2, 184.1)
193.6058|(680.6, 182.6)
193.6393|(682.6, 178.8)
193.656|(672.5, 177.6)
193.6728|(676.9, 177.0)
193.7061|(687.3, 188.6)
193.7227|(686.9, 189.1)
193.7394|(681.9, 186.5)
193.756|(680.7, 186.1)
193.7896|(680.3, 185.0)
193.8062|(691.7, 183.5)
193.8394|(725.9, 181.5)
193.8564|(752.0, 174.0)
193.8729|(751.7, 177.9)
193.8896|(751.0, 178.3)
193.9062|(751.7, 176.4)
193.9399|(754.8, 174.6)
193.9566|(754.3, 172.5)
193.9731|(799.5, 165.2)
193.9898|(803.6, 164.8)
194.0064|(838.0, 166.0)
194.0231|(839.0, 167.1)
194.0399|(839.4, 167.4)
194.0566|(835.5, 163.1)
194.09|(835.0, 163.4)
194.1068|(836.7, 163.9)
194.1234|(842.4, 172.5)
194.1401|(846.9, 180.0)
194.1569|(849.1, 183.1)
194.1734|(854.4, 191.2)
194.1901|(858.9, 198.8)
194.2068|(859.6, 199.7)
194.2403|(859.1, 199.7)
194.257|(851.0, 195.5)
194.2903|(849.5, 194.7)
194.3071|(848.4, 196.0)
194.3237|(840.6, 197.4)
194.3403|(816.0, 201.9)
194.3571|(798.9, 209.2)
194.3905|(799.7, 210.0)
194.4071|(792.4, 211.1)
194.424|(783.0, 209.3)
194.4406|(784.9, 206.0)
194.4572|(784.5, 207.9)
194.4739|(784.0, 208.6)
194.4907|(783.8, 209.0)
194.5073|(782.0, 206.9)
194.5408|(781.4, 207.0)
194.5574|(781.4, 208.5)
194.5742|(768.6, 205.7)
194.591|(725.7, 193.6)
194.6075|(722.8, 194.9)
194.6243|(722.8, 195.4)
194.6408|(720.0, 210.1)
194.6576|(720.3, 207.9)
194.6909|(720.6, 201.7)
194.7077|(717.0, 213.6)
194.7411|(726.1, 208.6)
194.7578|(721.6, 210.6)
194.7743|(719.4, 211.0)
194.7913|(719.4, 209.9)
194.8081|(722.7, 207.9)
194.8413|(729.7, 207.2)
194.8746|(748.5, 204.0)
194.8914|(816.6, 196.5)
194.9079|(827.2, 195.7)
194.9249|(833.7, 191.4)
194.9416|(835.3, 194.6)
194.9582|(838.8, 192.1)
194.9916|(839.4, 196.5)
195.0081|(838.9, 198.7)
195.0248|(843.1, 201.0)
195.0415|(840.6, 195.1)
195.0582|(840.8, 195.4)
195.0751|(836.9, 195.0)
195.0918|(835.0, 195.9)
195.1085|(859.2, 197.0)
195.1419|(857.1, 197.2)
195.1585|(873.6, 198.2)
195.1751|(876.5, 198.4)
195.1919|(886.0, 205.5)
195.2087|(889.3, 208.3)
195.2252|(889.4, 210.2)
195.2422|(886.4, 216.1)
195.2588|(887.4, 213.7)
195.2922|(887.5, 214.2)
195.3256|(886.8, 212.7)
195.3421|(886.7, 212.3)
195.3588|(887.2, 209.2)
195.3754|(887.2, 207.9)
195.3924|(886.0, 203.9)
195.4088|(884.3, 197.3)
195.4421|(877.0, 196.6)
195.4591|(857.9, 193.1)
195.4756|(820.7, 203.9)
195.4924|(812.5, 205.7)
195.509|(808.5, 208.5)
195.5258|(806.9, 210.9)
195.5424|(802.7, 204.4)
195.5593|(802.7, 205.4)
195.5927|(802.8, 208.4)
195.6093|(806.4, 204.8)
195.6259|(806.9, 203.4)
195.6425|(808.3, 202.2)
195.6594|(811.6, 196.3)
195.6758|(804.4, 182.1)
195.6927|(804.2, 178.4)
195.7093|(803.2, 168.9)
195.7429|(801.4, 164.1)
195.7762|(797.8, 165.2)
195.793|(799.5, 164.9)
195.8095|(801.2, 167.9)
195.8263|(801.1, 168.0)
195.843|(802.1, 167.6)
195.8596|(802.2, 167.2)
195.8929|(825.8, 170.1)
195.9098|(862.1, 169.6)
195.9268|(860.8, 173.4)
195.9429|(864.6, 163.3)
195.9597|(867.1, 166.1)
195.9764|(872.7, 166.0)
195.9932|(876.4, 164.2)
196.0098|(872.8, 175.3)
196.0433|(880.3, 174.4)
196.0602|(890.9, 168.2)
196.0766|(893.1, 172.3)
196.0935|(922.4, 174.2)
196.11|(934.2, 171.6)
196.1267|(948.2, 171.1)
196.1434|(949.5, 171.0)
196.16|(953.5, 172.9)
196.1936|(954.4, 171.9)
196.21|(931.6, 169.4)
196.2269|(844.9, 173.1)
196.2436|(850.7, 171.0)
196.2601|(769.7, 181.3)
196.277|(759.2, 181.2)
196.2938|(739.5, 182.4)
196.3105|(706.8, 188.0)
196.3271|(707.3, 187.1)
196.3606|(707.6, 180.8)
196.3772|(708.8, 177.6)
196.3938|(715.0, 175.1)
196.4103|(720.3, 180.6)
196.4274|(719.7, 183.3)
196.4438|(720.9, 182.8)
196.461|(726.6, 178.0)
196.494|(728.4, 179.6)
196.5107|(731.7, 177.1)
196.5273|(746.2, 172.6)
196.5442|(745.8, 170.0)
196.5608|(754.9, 167.4)
196.5776|(756.9, 166.7)
196.5945|(762.8, 172.9)
196.6108|(763.7, 171.2)
196.6443|(764.2, 170.7)
196.6608|(776.3, 175.1)
196.6777|(787.8, 175.4)
196.6943|(797.2, 171.2)
196.7111|(805.5, 165.9)
196.7279|(807.1, 159.3)
196.7445|(803.4, 162.4)
196.7611|(809.4, 143.9)
196.7946|(809.5, 140.6)
196.8113|(811.3, 133.5)
196.8279|(788.4, 149.1)
196.8445|(775.1, 162.0)
196.8613|(763.8, 173.8)
196.8779|(755.1, 185.8)
196.8948|(753.7, 187.7)
196.9114|(754.9, 192.3)
196.9447|(751.0, 206.7)
196.9615|(753.8, 200.7)
196.978|(751.9, 198.7)
196.9949|(746.0, 191.8)
197.0116|(738.8, 190.8)
197.0285|(709.4, 192.8)
197.0452|(703.2, 194.8)
197.0616|(698.8, 194.5)
197.095|(681.8, 194.3)
197.1116|(684.0, 189.7)
197.1284|(684.0, 188.5)
197.145|(680.4, 188.1)
197.1616|(678.5, 188.7)
197.1786|(678.4, 188.5)
197.1951|(687.5, 192.2)
197.2118|(700.9, 195.2)
197.2287|(746.9, 192.8)
197.2619|(867.2, 197.5)
197.2788|(881.6, 198.3)
197.2953|(887.1, 198.5)
197.3123|(886.1, 204.1)
197.3287|(886.9, 202.2)
197.3453|(891.9, 200.3)
197.3622|(893.4, 200.2)
197.3955|(900.3, 198.8)
197.4122|(900.9, 197.8)
197.4288|(904.0, 192.7)
197.4454|(904.1, 192.3)
197.4623|(904.4, 190.4)
197.479|(898.3, 183.4)
197.4959|(896.2, 183.4)
197.5123|(897.6, 184.7)
197.5458|(898.3, 189.7)
197.5624|(992.8, 175.1)
197.5791|(994.6, 174.9)
197.5957|(996.2, 168.5)
197.6127|(1004.1, 166.1)
197.6292|(996.0, 176.3)
197.6459|(996.0, 174.8)
197.6626|(1003.6, 157.2)
197.6793|(1003.6, 158.3)
197.696|(1004.4, 163.6)
197.7128|(997.5, 179.0)
197.7294|(998.3, 178.1)
197.7462|(1005.1, 171.0)
197.7628|(1000.8, 178.9)
197.7795|(997.4, 184.4)
197.9966|(769.7, 235.7)
198.0132|(746.8, 241.3)
198.0301|(749.2, 235.6)
198.0466|(753.7, 237.0)
198.0633|(746.5, 244.4)
198.08|(749.6, 238.8)
198.0967|(749.8, 240.4)
198.1134|(746.3, 248.8)
198.1302|(754.8, 244.7)
198.1467|(759.7, 240.0)
198.1633|(756.4, 243.6)
198.1801|(757.0, 243.6)
198.1969|(763.6, 242.2)
198.2135|(764.7, 246.6)
198.2304|(764.6, 255.8)
198.2471|(755.4, 276.5)
198.2637|(746.8, 300.0)
198.2973|(733.8, 389.6)
198.3138|(715.1, 516.6)
198.3304|(703.2, 604.1)
198.347|(702.4, 601.5)
198.3637|(703.4, 599.4)
198.3805|(703.2, 600.4)
198.397|(702.1, 603.9)
198.4476|(698.5, 609.1)
198.4639|(699.4, 610.9)
198.4807|(701.3, 606.3)
198.4975|(703.1, 604.1)
198.5143|(702.2, 600.3)
198.5308|(697.3, 601.6)
198.5641|(675.9, 616.5)
198.5808|(674.3, 617.5)
198.5975|(666.5, 622.8)
198.6141|(662.0, 626.7)
198.6309|(663.5, 624.4)
198.6477|(662.1, 622.3)
198.6643|(662.6, 622.4)
198.681|(664.9, 622.6)
198.7144|(668.9, 623.3)
198.7311|(704.1, 641.0)
198.7479|(725.3, 645.1)
198.7646|(784.4, 654.3)
198.7812|(852.2, 668.2)
198.7979|(853.0, 676.7)
198.8148|(854.3, 683.4)
198.8313|(855.1, 678.8)
198.8481|(856.0, 669.8)
198.898|(857.2, 670.3)
198.9147|(857.3, 671.2)
198.9314|(855.1, 677.0)
198.9482|(855.5, 675.3)
198.9648|(834.6, 645.2)
198.9817|(770.0, 544.2)
199.0149|(759.4, 530.7)
199.0316|(749.8, 519.8)
199.0484|(745.1, 520.9)
199.0649|(743.5, 526.8)
199.0816|(743.9, 529.6)
199.0983|(741.7, 535.5)
199.115|(741.9, 534.5)
199.132|(741.8, 537.5)
199.1484|(741.8, 537.4)
199.1651|(740.1, 535.5)
199.1819|(739.0, 534.8)
199.1985|(735.8, 533.3)
199.2152|(735.7, 533.7)
199.232|(727.2, 536.7)
199.2485|(721.4, 533.6)
199.2653|(717.1, 530.3)
199.2821|(700.8, 527.2)
199.2988|(700.4, 526.0)
199.3321|(700.9, 519.7)
199.3489|(701.6, 518.8)
199.3653|(691.6, 516.2)
199.3821|(689.5, 515.1)
199.3991|(697.7, 515.9)
199.4156|(696.1, 515.5)
199.4323|(696.0, 516.9)
199.4658|(690.2, 513.3)
199.4824|(694.7, 512.9)
199.499|(691.2, 506.1)
199.5156|(691.3, 491.6)
199.5328|(692.1, 473.9)
199.5491|(691.7, 457.6)
199.6661|(637.0, 454.8)
199.6829|(681.7, 662.9)
199.6996|(746.1, 602.8)
199.7161|(761.9, 583.9)
199.7326|(738.8, 595.7)
199.7494|(729.6, 610.7)
199.7828|(737.4, 626.0)
199.7999|(736.4, 629.5)
199.8161|(741.9, 631.2)
199.8328|(750.0, 636.3)
199.8496|(746.7, 639.0)
199.8662|(748.7, 642.4)
199.883|(748.2, 652.4)
199.8997|(774.9, 668.3)
199.9332|(774.5, 672.3)
199.9497|(786.0, 675.1)
199.9665|(813.5, 687.3)
199.9833|(825.7, 691.7)
200|(834.9, 690.7)
200.0167|(837.2, 691.2)
200.0333|(838.3, 692.0)
200.05|(842.8, 690.1)
200.0832|(845.4, 687.1)
200.1001|(845.3, 685.2)
200.1167|(849.3, 692.6)
200.1335|(848.0, 692.3)
200.1501|(847.5, 693.2)
200.1667|(844.8, 692.0)
200.1837|(844.1, 691.1)
200.2002|(839.0, 688.8)
200.2335|(824.7, 688.2)
200.2504|(828.3, 687.0)
200.2669|(790.5, 692.9)
200.2838|(744.7, 689.0)
200.3003|(690.9, 692.6)
200.3171|(686.0, 692.1)
200.3339|(685.7, 692.1)
200.3502|(684.8, 685.1)
200.3836|(686.3, 681.6)
200.4004|(685.8, 681.9)
200.4174|(683.8, 683.7)
200.4338|(687.3, 686.9)
200.4507|(690.4, 688.9)
200.4674|(691.8, 683.3)
200.5007|(696.5, 674.6)
200.534|(695.0, 673.3)
200.5507|(687.2, 673.6)
200.5676|(689.7, 673.3)
200.7179|(639.0, 447.5)
200.7345|(651.4, 536.8)
200.751|(661.7, 551.7)
200.7678|(670.3, 543.1)
200.7843|(675.2, 561.4)
200.8011|(674.7, 561.0)
200.8346|(667.3, 555.8)
200.8513|(666.9, 577.6)
200.8682|(666.0, 605.3)
200.8845|(666.3, 603.7)
200.9012|(659.7, 611.3)
200.918|(661.6, 613.4)
200.9514|(663.8, 616.2)
200.9847|(703.8, 620.3)
201.0018|(714.3, 622.2)
201.0184|(715.6, 623.7)
201.0351|(730.2, 629.2)
201.0516|(747.3, 632.0)
201.085|(760.5, 634.9)
201.1018|(763.2, 634.3)
201.1351|(759.9, 627.6)
201.1518|(759.8, 625.5)
201.1684|(760.8, 622.6)
201.1852|(760.5, 620.5)
201.202|(760.5, 621.2)
201.3855|(641.1, 406.5)
201.4024|(634.8, 416.3)
201.4356|(629.5, 428.3)
201.4524|(623.0, 431.1)
201.469|(587.1, 450.9)
201.4858|(548.1, 472.6)
201.5023|(356.6, 582.4)
201.5359|(239.5, 669.0)
201.5524|(217.3, 682.5)
201.6527|(17.5, 849.2)
201.6694|(29.8, 848.4)
201.6861|(0.4, 844.5)
201.7025|(6.2, 880.4)
201.7362|(6.2, 879.7)
201.7529|(14.8, 888.4)
201.7694|(8.5, 887.5)
202.0534|(1415.2, 702.8)
202.07|(1433.0, 743.2)
202.0868|(1428.1, 756.6)
202.1201|(1418.2, 807.3)
202.1366|(1416.0, 821.7)
202.1534|(1416.0, 828.5)
202.187|(1420.7, 825.3)
202.2035|(1421.0, 826.5)
202.2202|(1458.2, 804.5)
202.2369|(1591.9, 668.6)
202.2535|(1587.3, 674.9)
202.2703|(1602.9, 659.0)
202.2869|(1628.7, 652.9)
202.3036|(1617.8, 649.7)
202.3372|(1621.1, 653.8)
202.3538|(1628.4, 653.3)
202.3705|(1612.0, 646.7)
202.3871|(1596.8, 644.4)
202.404|(1599.6, 657.0)
202.4205|(1573.5, 642.9)
202.4373|(1566.2, 640.1)
202.4873|(1567.2, 638.7)
202.5208|(1381.5, 595.4)
202.5374|(994.3, 504.0)
202.554|(906.3, 483.8)
202.571|(912.8, 485.8)
202.5875|(915.0, 488.3)
202.6041|(913.3, 494.0)
202.6379|(916.3, 495.0)
202.6543|(915.7, 495.4)
202.6709|(763.5, 243.8)
202.7044|(720.7, 169.9)
202.7213|(706.6, 144.5)
202.7377|(708.9, 143.6)
202.7543|(710.5, 143.9)
202.7878|(711.5, 141.1)
202.8046|(711.1, 142.3)
202.8212|(713.2, 178.6)
202.838|(714.0, 188.0)
202.8546|(712.1, 200.2)
202.8713|(711.7, 204.2)
202.8879|(712.4, 204.1)
202.9048|(713.9, 204.1)
202.9382|(714.7, 203.4)
202.9548|(714.6, 203.8)
202.9882|(716.0, 205.3)
203.0214|(720.9, 204.7)
203.0384|(720.3, 205.1)
203.0885|(724.2, 200.0)
203.105|(728.3, 201.2)
203.1217|(730.9, 201.4)
203.1551|(814.0, 219.2)
203.1718|(813.9, 216.0)
203.1884|(820.2, 219.8)
203.205|(819.3, 218.6)
203.2386|(818.6, 213.2)
203.2554|(816.1, 213.2)
203.272|(813.3, 214.2)
203.2885|(812.6, 211.9)
203.3054|(815.0, 210.8)
203.3219|(817.9, 209.3)
203.3387|(818.8, 208.9)
203.3557|(818.0, 209.2)
203.389|(818.6, 205.9)
203.4054|(814.9, 200.9)
203.4222|(814.3, 201.1)
203.4389|(790.4, 208.7)
203.4555|(778.9, 212.1)
203.4722|(769.4, 213.6)
203.489|(760.9, 215.5)
203.5057|(752.4, 216.7)
203.5393|(751.5, 216.3)
203.556|(752.1, 216.6)
203.5723|(744.7, 227.0)
203.606|(743.6, 228.3)
203.6225|(746.8, 223.9)
203.6392|(749.8, 220.2)
203.6559|(749.6, 220.7)
203.6893|(765.4, 212.8)
203.7061|(766.6, 210.9)
203.7228|(766.9, 209.9)
203.7395|(797.1, 219.0)
203.7562|(825.9, 223.8)
203.7727|(842.1, 230.7)
203.7895|(833.4, 223.4)
203.806|(833.6, 221.1)
203.9897|(889.7, 228.1)
204.0066|(850.3, 235.2)
204.0234|(853.2, 259.3)
204.0398|(851.9, 275.7)
204.0566|(850.7, 282.7)
204.0733|(849.8, 284.6)
204.0899|(847.3, 290.3)
204.1067|(848.4, 284.9)
204.1401|(848.1, 283.6)
204.1571|(849.3, 280.3)
204.1903|(841.5, 269.3)
204.2069|(729.5, 205.9)
204.2235|(706.3, 196.7)
204.2401|(701.1, 197.5)
204.2569|(698.0, 195.6)
204.3072|(684.2, 188.4)
204.3238|(684.3, 187.5)
204.3407|(681.6, 197.2)
204.3572|(666.8, 181.7)
204.3738|(672.6, 180.8)
204.3906|(679.1, 183.2)
204.4073|(673.0, 180.1)
204.4407|(689.3, 179.6)
204.4573|(695.9, 179.0)
204.474|(700.8, 171.6)
204.4906|(701.8, 170.0)
204.7078|(713.1, 171.2)
204.7413|(661.7, 179.7)
204.7744|(718.3, 239.0)
204.7913|(726.5, 243.2)
204.8076|(734.9, 243.4)
204.8246|(737.4, 237.9)
204.8414|(738.0, 234.8)
204.858|(765.2, 251.2)
204.8913|(766.3, 250.4)
204.908|(763.9, 247.2)
204.9247|(763.8, 246.8)
204.9414|(773.7, 238.8)
204.9581|(776.4, 233.3)
204.9749|(776.3, 231.4)
204.9914|(803.4, 232.3)
205.0083|(796.8, 230.0)
205.0418|(782.3, 223.5)
205.0584|(823.4, 219.8)
205.0749|(823.6, 216.3)
205.0917|(825.9, 215.8)
205.1084|(826.9, 215.6)
205.1249|(818.4, 217.4)
205.1417|(814.7, 216.3)
205.1584|(819.5, 216.9)
205.1919|(831.3, 203.1)
205.2253|(837.3, 198.3)
205.392|(852.9, 141.9)
205.4256|(838.3, 168.6)
205.4424|(810.8, 188.3)
205.4589|(806.3, 187.3)
205.4924|(806.5, 182.3)
205.5091|(804.3, 189.6)
205.5255|(803.7, 185.3)
205.5425|(845.8, 184.0)
205.5591|(852.2, 186.7)
205.5757|(891.0, 187.6)
205.5924|(887.6, 184.0)
205.6093|(887.3, 182.1)
205.6426|(913.0, 183.2)
205.6592|(922.4, 186.8)
205.6761|(927.9, 186.6)
205.6925|(923.8, 164.3)
205.843|(938.3, 132.0)
205.8764|(931.2, 184.2)
205.8929|(901.3, 228.4)
206.0266|(877.6, 84.4)
206.06|(923.8, 115.9)
206.0934|(964.7, 190.4)
206.1099|(960.5, 194.4)
206.1266|(953.3, 193.4)
206.1435|(968.4, 247.7)
206.1602|(971.2, 251.3)
206.1768|(972.6, 251.1)
206.1936|(971.5, 247.8)
206.2102|(971.1, 248.7)
206.2268|(973.6, 246.6)
206.2603|(973.5, 247.2)
206.2769|(969.0, 249.7)
206.2938|(960.5, 255.9)
206.3103|(908.9, 245.5)
206.327|(906.1, 245.0)
206.5106|(854.9, 195.8)
206.5441|(841.0, 249.5)
206.5607|(834.9, 254.1)
206.5775|(831.3, 263.5)
206.594|(829.0, 272.5)
206.6108|(825.3, 286.7)
206.6274|(825.4, 286.5)
206.6442|(825.7, 286.3)
206.6611|(827.0, 287.7)
206.6944|(825.1, 287.6)
206.7111|(826.1, 285.2)
206.7277|(825.2, 284.2)
206.9117|(864.2, 274.0)
206.9281|(853.9, 281.8)
206.945|(854.7, 291.0)
206.9613|(853.1, 302.7)
206.9948|(850.5, 303.0)
207.0117|(852.7, 313.4)
207.0281|(856.2, 313.0)
207.0449|(861.3, 322.3)
207.0617|(864.9, 328.2)
207.0784|(859.3, 319.1)
207.0951|(857.8, 315.5)
207.1118|(857.6, 313.8)
207.1284|(857.8, 312.3)
207.1452|(859.0, 307.1)
207.3288|(794.3, 154.5)
207.3622|(804.9, 255.8)
207.3789|(767.9, 268.6)
207.3955|(783.0, 271.7)
207.4454|(788.9, 290.9)
207.4622|(785.1, 291.2)
207.4789|(783.4, 290.0)
207.4957|(773.3, 294.6)
207.5124|(771.5, 294.2)
207.5291|(785.7, 277.1)
207.5458|(784.0, 279.1)
207.5624|(784.6, 280.6)
207.5793|(788.1, 273.5)
207.5957|(792.2, 266.3)
207.6125|(792.3, 263.8)
207.6292|(807.7, 250.2)
207.6458|(883.9, 209.0)
207.6626|(898.2, 204.4)
207.6793|(909.6, 201.7)
207.8296|(883.7, 170.9)
207.8464|(1022.3, 202.8)
207.8966|(1045.7, 219.2)
207.913|(1043.0, 253.8)
207.9298|(1049.9, 236.9)
207.9464|(1043.5, 243.3)
208.0802|(956.5, 111.7)
208.1134|(890.4, 195.7)
208.1301|(891.2, 230.4)
208.1468|(906.9, 263.0)
208.1634|(908.1, 269.8)
208.1801|(921.4, 312.7)
208.1969|(915.3, 308.9)
208.2136|(915.6, 314.2)
208.2301|(916.7, 322.5)
208.247|(904.0, 319.9)
208.2637|(890.1, 312.3)
208.2804|(880.2, 308.1)
208.297|(880.8, 301.9)
208.3304|(888.2, 286.8)
208.3472|(887.5, 287.2)
208.3637|(880.5, 278.6)
208.3804|(880.4, 278.7)
208.3973|(879.5, 280.4)
208.4138|(878.6, 280.6)
208.4307|(880.7, 275.2)
208.4473|(880.2, 275.4)
208.464|(879.2, 275.6)
208.4808|(880.6, 264.8)
208.6475|(756.3, 219.2)
208.6644|(711.9, 166.2)
208.681|(723.7, 189.9)
208.7142|(739.7, 212.7)
208.7312|(719.6, 200.4)
208.7478|(719.8, 210.9)
208.7811|(716.4, 202.1)
208.7978|(693.9, 181.3)
208.9312|(634.3, 37.2)
208.9648|(696.3, 125.9)
208.9816|(731.9, 190.8)
208.9982|(721.6, 178.3)
209.015|(710.3, 193.7)
209.0317|(706.8, 193.2)
209.0484|(710.1, 215.5)
209.0651|(707.3, 215.0)
209.0816|(687.8, 209.0)
209.0983|(688.0, 207.6)
209.115|(691.2, 209.8)
209.1318|(692.0, 214.9)
209.165|(705.5, 228.6)
209.1819|(705.8, 233.2)
209.1984|(249.9, 674.3)
209.232|(219.6, 698.3)
209.2487|(198.1, 717.3)
209.2653|(85.2, 823.4)
209.2821|(78.7, 816.2)
209.2986|(72.0, 774.6)
209.3154|(83.4, 773.8)
209.3319|(81.2, 764.1)
209.3487|(125.6, 761.0)
209.3823|(53.0, 775.8)
209.3989|(72.3, 778.8)
209.4157|(85.9, 783.6)
209.4322|(41.9, 785.8)
209.449|(65.7, 839.3)
209.4657|(45.3, 849.7)
209.5158|(36.6, 889.9)
209.5324|(47.1, 888.6)
209.5493|(38.4, 882.3)
209.6325|(99.2, 1001.0)
209.6491|(334.3, 1169.8)
210.2503|(797.1, 309.3)
210.2836|(807.5, 264.4)
210.3003|(824.4, 265.6)
210.317|(821.5, 270.4)
210.3337|(824.9, 276.1)
210.3505|(824.6, 287.7)
210.367|(827.0, 290.3)
210.4005|(832.1, 280.9)
210.4339|(832.4, 288.6)
210.4507|(833.8, 287.9)
210.4674|(834.4, 286.4)
210.4841|(835.0, 284.6)
210.5007|(831.6, 285.7)
210.5175|(831.0, 286.8)
210.534|(830.7, 287.3)
210.5509|(833.7, 298.6)
210.5841|(846.9, 307.1)
210.601|(845.6, 309.2)
210.6177|(848.3, 311.9)
210.6342|(843.4, 316.4)
210.6509|(843.3, 318.5)
210.6676|(841.4, 317.9)
210.6843|(838.0, 313.4)
210.7012|(838.7, 316.3)
210.7345|(842.1, 317.1)
210.7511|(842.2, 316.2)
210.7678|(842.8, 316.2)
210.7846|(842.9, 315.8)
210.8012|(843.4, 314.5)
210.818|(838.7, 306.4)
210.8344|(840.6, 305.9)
211.0016|(763.3, 186.5)
211.0348|(723.4, 212.6)
211.0518|(752.7, 238.4)
211.0681|(795.0, 261.3)
211.0851|(794.7, 269.7)
211.1017|(787.9, 274.3)
211.1183|(817.2, 292.1)
211.135|(804.7, 292.0)
211.1517|(803.8, 293.0)
211.1853|(781.3, 295.1)
211.2188|(794.7, 289.2)
211.2353|(830.8, 287.1)
211.4022|(885.7, 231.7)
211.4188|(721.9, 214.0)
211.4357|(710.6, 226.0)
211.4521|(705.8, 238.8)
211.4856|(749.4, 247.3)
211.5025|(763.4, 277.0)
211.519|(756.3, 269.0)
211.5358|(772.8, 304.2)
211.5691|(796.2, 317.5)
211.5861|(850.3, 318.4)
211.6026|(847.8, 317.2)
211.6359|(856.7, 313.7)
211.6526|(879.7, 304.3)
211.6693|(880.2, 301.6)
211.6861|(882.8, 297.2)
211.7029|(881.9, 296.9)
211.7193|(881.2, 295.2)
211.7363|(879.8, 292.1)
211.7526|(878.1, 292.9)
211.9366|(715.3, 218.0)
211.9532|(776.7, 288.3)
211.9698|(775.6, 288.3)
211.9865|(784.3, 311.9)
212.02|(789.9, 328.7)
212.0368|(790.9, 331.2)
212.0533|(791.6, 327.5)
212.0869|(787.7, 324.2)
212.2536|(741.2, 216.4)
212.2703|(830.8, 339.7)
212.2871|(816.1, 319.1)
212.3038|(800.6, 302.3)
212.3203|(800.0, 303.4)
212.337|(802.0, 307.4)
212.3542|(802.1, 310.3)
212.3872|(799.6, 315.4)
212.4037|(801.6, 315.8)
212.4206|(804.0, 310.7)
212.4372|(807.1, 295.6)
212.4539|(808.8, 297.6)
212.4707|(808.7, 297.4)
212.4873|(809.6, 297.8)
212.5039|(813.0, 295.9)
212.5374|(816.7, 298.7)
212.554|(817.1, 297.8)
212.5708|(812.1, 294.9)
212.6043|(810.4, 292.6)
212.621|(809.5, 287.9)
212.6375|(809.4, 286.3)
212.6542|(806.9, 283.7)
212.6878|(808.2, 284.8)
212.7043|(812.8, 285.3)
212.721|(813.8, 285.1)
212.7378|(814.2, 281.1)
212.7545|(806.8, 275.5)
212.771|(807.4, 276.7)
212.7879|(809.2, 277.5)
212.8046|(805.2, 267.1)
212.8378|(801.0, 253.0)
212.8545|(800.8, 249.3)
212.8713|(802.6, 250.7)
212.8881|(836.1, 254.8)
212.9046|(847.8, 261.6)
212.9215|(851.8, 261.8)
212.938|(850.9, 259.9)
212.9547|(851.9, 257.8)
212.9881|(851.9, 255.8)
213.0048|(871.5, 263.2)
213.0218|(812.9, 248.2)
213.0551|(835.3, 256.8)
213.0717|(808.0, 248.6)
213.0882|(786.7, 241.2)
213.105|(787.4, 240.2)
213.1385|(790.7, 231.7)
213.1553|(789.5, 228.7)
213.1885|(791.5, 223.2)
213.2053|(786.6, 216.7)
213.2218|(787.0, 215.6)
213.2384|(786.5, 232.6)
213.2553|(786.9, 232.3)
213.289|(783.4, 246.0)
213.3053|(783.2, 246.5)
213.3219|(775.5, 250.8)
213.3388|(768.7, 248.6)
213.3554|(769.0, 248.7)
213.3721|(772.1, 249.2)
213.3889|(775.9, 247.8)
213.4054|(780.3, 246.0)
213.4392|(782.3, 243.8)
213.4557|(784.4, 242.7)
213.4724|(822.2, 252.9)
213.5059|(816.1, 226.4)
213.5224|(835.2, 234.3)
213.539|(826.7, 220.3)
213.5556|(828.4, 220.6)
213.5891|(852.1, 229.3)
213.606|(856.1, 236.4)
213.6393|(855.5, 242.0)
213.6562|(855.1, 241.2)
213.8396|(764.0, 366.9)
213.8562|(770.7, 377.5)
213.8898|(790.1, 340.9)
213.9065|(801.4, 316.0)
213.9231|(811.4, 304.7)
213.9397|(861.0, 261.9)
213.9565|(900.6, 252.0)
213.9731|(916.2, 245.3)
213.9897|(874.1, 240.7)
214.0065|(871.0, 241.3)
214.0399|(831.6, 238.2)
214.0565|(831.1, 238.0)
214.1067|(843.1, 238.0)
214.1232|(840.0, 238.5)
214.2903|(823.6, 146.3)
214.3069|(754.6, 190.2)
214.3405|(751.8, 276.2)
214.3571|(746.8, 295.0)
214.3739|(735.4, 313.6)
214.3904|(728.9, 324.5)
214.4071|(728.1, 323.9)
214.424|(719.9, 320.9)
214.4405|(725.5, 332.2)
214.4575|(728.3, 332.3)
214.4906|(732.6, 311.1)
214.5074|(759.1, 245.1)
214.5241|(761.7, 242.1)
214.5409|(771.3, 239.8)
214.5573|(772.4, 238.4)
214.5741|(774.6, 241.4)
214.591|(773.8, 245.0)
214.6074|(773.9, 244.5)
214.6411|(772.4, 268.8)
214.6744|(774.4, 270.2)
214.691|(773.6, 267.7)
214.7076|(773.4, 262.9)
214.7243|(768.6, 258.2)
214.7411|(796.1, 243.3)
214.7578|(791.6, 235.7)
214.791|(805.0, 239.5)
214.8078|(819.0, 233.0)
214.8246|(823.8, 230.8)
214.8413|(842.0, 235.8)
214.8748|(847.3, 234.8)
214.8914|(861.7, 241.8)
214.9416|(854.0, 241.8)
214.9581|(858.8, 241.0)
214.9747|(856.7, 241.0)
214.9916|(856.5, 241.3)
215.0081|(858.8, 240.4)
215.025|(858.0, 239.7)
215.0415|(859.7, 238.4)
215.0583|(870.4, 229.7)
215.0916|(872.9, 228.3)
215.1085|(873.0, 228.8)
215.1251|(862.1, 223.6)
215.1417|(872.7, 228.2)
215.1585|(878.3, 238.8)
215.1751|(883.0, 242.3)
215.192|(886.3, 244.4)
215.2086|(888.2, 245.3)
215.2418|(894.1, 244.8)
215.2587|(899.1, 243.3)
215.2755|(899.8, 242.8)
215.2921|(901.3, 243.6)
215.3086|(901.1, 243.2)
215.3254|(898.9, 237.7)
215.3421|(896.9, 261.2)
215.3589|(897.1, 259.8)
215.3921|(897.9, 259.7)
215.4088|(900.6, 269.8)
215.4256|(898.7, 280.4)
215.4422|(894.5, 288.9)
215.459|(894.2, 289.9)
215.4756|(895.1, 287.0)
215.4923|(895.1, 284.7)
215.509|(894.5, 286.0)
215.5423|(898.9, 278.2)
215.5757|(898.5, 280.1)
215.5926|(898.4, 282.3)
215.6092|(896.9, 284.0)
215.626|(897.2, 273.6)
215.6427|(897.3, 277.6)
215.6594|(875.0, 245.4)
215.6927|(869.7, 240.9)
215.7094|(852.3, 219.0)
215.7261|(851.2, 216.3)
215.7594|(850.8, 220.0)
215.776|(850.4, 218.5)
215.7928|(852.9, 223.1)
215.8097|(851.7, 221.3)
215.8428|(850.9, 205.0)
215.8596|(850.3, 205.0)
215.8763|(849.4, 211.5)
215.8929|(841.4, 207.7)
215.9097|(814.1, 200.3)
215.9263|(992.5, 302.7)
215.9432|(1005.6, 309.7)
215.9597|(1254.7, 451.0)
215.9933|(1421.6, 552.9)
216.0097|(1535.5, 624.8)
216.0264|(1526.4, 622.4)
216.0434|(1523.0, 618.0)
216.0599|(1520.7, 616.8)
216.0768|(1521.1, 615.7)
216.0935|(1524.2, 615.3)
216.1104|(1527.0, 618.9)
216.1434|(1523.4, 617.1)
216.1601|(1528.7, 623.1)
216.1767|(1513.7, 615.4)
216.1933|(1508.4, 612.9)
216.2102|(1519.8, 616.4)
216.227|(1521.7, 613.4)
216.2437|(1513.4, 613.7)
216.2604|(1521.2, 613.4)
216.2937|(1526.6, 613.2)
216.3104|(1523.9, 608.9)
216.3271|(1519.0, 596.6)
216.3437|(1514.9, 597.1)
216.3606|(1500.4, 584.4)
216.3774|(1498.6, 593.7)
216.3939|(1498.2, 587.4)
216.4105|(1468.9, 592.7)
216.444|(1344.3, 603.4)
216.4605|(1163.9, 622.2)
216.4773|(1157.7, 623.3)
216.494|(1116.1, 629.1)
216.5108|(1110.3, 633.0)
216.5275|(1108.4, 633.3)
216.5439|(1106.7, 633.5)
216.5609|(1102.0, 634.3)
216.5778|(1101.7, 634.3)
216.5942|(1064.2, 625.2)
216.6111|(1036.8, 619.6)
216.6277|(1031.0, 621.8)
216.6442|(1024.5, 623.7)
216.6614|(1018.4, 628.1)
216.6778|(1006.0, 635.8)
216.6948|(998.0, 643.6)
216.7112|(998.5, 643.4)
216.7445|(1000.6, 646.3)
216.7614|(1001.5, 650.5)
216.7778|(1001.8, 654.9)
216.7947|(1003.0, 659.1)
216.8114|(1002.9, 661.8)
216.828|(998.0, 671.4)
216.8447|(934.5, 684.5)
216.8615|(911.8, 690.3)
216.8948|(903.7, 692.7)
216.9115|(888.4, 713.0)
216.9282|(888.9, 710.9)
216.9449|(890.1, 712.4)
216.9618|(892.8, 709.8)
216.9782|(893.9, 707.1)
216.9949|(893.9, 706.8)
217.0116|(894.1, 705.7)
217.0285|(891.4, 702.3)
217.045|(890.9, 702.3)
217.0617|(957.7, 699.5)
217.0785|(1426.3, 654.5)
217.0951|(1509.7, 645.2)
217.1118|(1529.0, 638.6)
217.1284|(1543.5, 640.1)
217.1452|(1567.9, 644.1)
217.1619|(1571.3, 627.1)
217.1953|(1602.2, 656.8)
217.2119|(1600.5, 652.2)
217.2286|(1625.2, 714.2)
217.2454|(1642.4, 728.8)
217.2619|(1655.5, 750.7)
217.2788|(1658.9, 755.5)
217.2956|(1700.0, 779.9)
217.3455|(1680.0, 742.0)
217.3622|(1714.8, 753.5)
217.3788|(1718.6, 743.3)
217.3956|(1748.8, 733.5)
217.4122|(1753.9, 733.3)
217.429|(1752.0, 735.1)
217.4457|(1755.1, 732.6)
217.4626|(1779.5, 714.9)
217.4791|(1784.7, 719.4)
217.4958|(1793.7, 728.4)
217.5124|(1793.9, 728.5)
217.5291|(1805.0, 734.4)
217.5458|(1810.3, 735.2)
217.5626|(1808.7, 731.5)
217.5793|(1763.9, 698.8)
217.596|(1760.1, 691.9)
217.6127|(1759.6, 688.3)
217.6462|(1711.1, 634.5)
217.6628|(1663.4, 609.3)
217.6793|(1642.3, 590.3)
217.6961|(1634.3, 566.0)
217.7128|(1631.9, 563.1)
217.7295|(1625.6, 556.5)
217.7463|(1622.8, 544.3)
217.7964|(1619.2, 555.7)
217.813|(1617.3, 541.9)
217.8297|(1616.7, 539.0)
217.8464|(1618.4, 546.4)
217.8632|(1620.9, 553.2)
217.8797|(1627.6, 544.8)
217.9131|(1636.4, 548.1)
217.9299|(1644.3, 569.9)
217.9464|(1639.4, 560.9)
217.9633|(1637.3, 555.7)
217.9798|(1634.9, 556.9)
217.9967|(1632.0, 561.8)
218.0134|(1621.6, 549.0)
218.0298|(1615.8, 543.0)
218.0466|(1614.7, 543.5)
218.0634|(1614.3, 542.8)
218.0801|(1612.8, 559.2)
218.0969|(1588.2, 546.7)
218.1135|(1536.8, 546.1)
218.1301|(1341.4, 610.9)
218.1472|(1280.5, 644.9)
218.1634|(1183.5, 671.1)
218.1803|(1081.4, 700.5)
218.1968|(914.0, 751.2)
218.2301|(825.8, 788.8)
218.2472|(823.2, 792.0)
218.2637|(821.3, 793.1)
218.2806|(824.8, 790.1)
218.2971|(824.6, 790.7)
