25.55195|(1018.3, 657.0)
25.57205|(1025.4, 655.5)
25.59205|(1016.6, 686.6)
25.60862|(1014.4, 695.3)
25.62519|(1007.1, 706.3)
25.64175|(1001.5, 752.1)
25.65832|(993.9, 708.2)
25.67489|(994.5, 709.3)
25.69145|(993.5, 696.0)
25.72459|(993.0, 686.1)
25.74127|(1001.1, 679.2)
25.75781|(1002.5, 674.6)
25.77429|(1004.4, 672.7)
25.79085|(1008.9, 660.3)
25.80764|(1011.0, 666.4)
25.82398|(1005.9, 679.9)
25.84055|(1006.3, 689.2)
25.87369|(1003.0, 704.3)
25.89026|(996.0, 699.5)
25.90691|(997.0, 690.2)
25.92339|(996.2, 684.3)
25.93995|(1000.5, 672.8)
25.95652|(1000.7, 712.4)
25.97309|(1006.0, 685.7)
25.98972|(1011.9, 686.8)
26.02279|(1119.0, 725.6)
26.03935|(1101.6, 721.9)
26.0564|(1233.4, 755.9)
26.07249|(1270.7, 764.8)
26.08905|(1331.4, 808.9)
26.10562|(1322.6, 800.3)
26.12219|(1323.5, 798.4)
26.13894|(1319.9, 802.1)
26.15532|(1311.2, 808.4)
26.18854|(1287.3, 846.4)
26.20502|(1279.9, 840.2)
26.22191|(1289.7, 797.6)
26.23816|(1304.0, 795.5)
26.25473|(1320.7, 799.2)
26.27129|(1321.7, 798.8)
26.28786|(1324.4, 794.0)
26.30443|(1328.1, 791.3)
26.33756|(1343.5, 791.7)
26.35447|(1353.0, 759.2)
26.371|(1360.4, 763.8)
26.40383|(1372.5, 765.5)
26.42056|(1374.8, 757.3)
26.43707|(1373.0, 757.0)
26.45355|(1372.6, 756.1)
26.48666|(1367.3, 762.6)
26.50323|(1361.0, 775.2)
26.51979|(1356.2, 771.3)
26.53649|(1359.3, 756.6)
26.55293|(1373.4, 743.0)
26.56964|(1379.3, 745.2)
26.58606|(1375.1, 751.9)
26.60264|(1370.1, 767.1)
26.63592|(1371.1, 783.7)
26.65232|(1370.1, 785.7)
26.66889|(1368.1, 786.1)
26.68574|(1370.4, 791.6)
26.70249|(1381.7, 771.6)
26.71861|(1387.5, 757.7)
26.73516|(1389.1, 753.7)
26.75172|(1389.5, 749.3)
26.78486|(1388.4, 740.7)
26.80142|(1389.9, 723.4)
26.81799|(1391.0, 730.9)
26.83456|(1389.0, 769.2)
26.85113|(1390.3, 757.7)
26.86769|(1392.5, 770.4)
26.88427|(1391.4, 764.7)
26.90082|(1395.0, 793.9)
26.93413|(1396.0, 783.0)
26.95086|(1399.3, 787.3)
26.96708|(1397.3, 791.7)
26.98365|(1396.9, 794.0)
27.00068|(1395.3, 800.8)
27.01678|(1400.5, 819.6)
27.03335|(1402.5, 826.9)
27.05073|(1402.6, 833.1)
27.06649|(1402.5, 837.6)
27.08305|(1402.6, 837.9)
27.10004|(1403.7, 829.7)
27.11658|(1398.8, 820.7)
27.13275|(1393.8, 808.4)
27.14932|(1393.5, 807.9)
27.16589|(1387.6, 815.2)
27.18245|(1386.0, 818.0)
27.19902|(1386.7, 815.9)
