4.828344|(1096.7, 141.5)
4.848344|(1098.7, 138.1)
4.864849|(1082.6, 137.9)
4.881419|(1083.2, 137.9)
4.897987|(1080.3, 138.8)
4.914892|(1086.1, 136.4)
4.931126|(1087.8, 135.6)
4.96447|(1091.5, 145.3)
4.980822|(1094.1, 145.9)
4.9974|(1096.9, 139.3)
5.013952|(1097.9, 133.5)
5.030518|(1096.2, 127.4)
5.047088|(1099.2, 127.8)
5.063657|(1101.2, 128.6)
5.080213|(1104.0, 126.0)
5.113369|(1103.7, 122.9)
5.129913|(1107.0, 118.9)
5.146489|(1101.1, 126.4)
5.163046|(1087.7, 135.5)
5.179613|(1078.8, 151.0)
5.196184|(1078.6, 150.8)
5.212747|(1080.2, 151.8)
5.229313|(1084.3, 154.5)
5.262446|(1086.7, 153.2)
5.279013|(1086.6, 157.0)
5.29558|(1087.3, 158.5)
5.312433|(1085.5, 157.4)
5.328712|(1083.5, 155.5)
5.34528|(1085.2, 158.3)
5.362034|(1086.8, 157.5)
5.378412|(1090.9, 147.4)
5.411546|(1090.5, 143.5)
5.428114|(1078.7, 274.8)
5.444755|(1046.2, 443.0)
5.461408|(1042.2, 458.4)
5.477814|(999.2, 655.0)
5.49438|(1003.4, 639.7)
5.510946|(1005.1, 633.3)
5.527514|(1004.8, 634.1)
5.560646|(1014.3, 680.1)
5.577214|(1016.4, 667.2)
5.59384|(1020.0, 670.6)
5.626914|(1011.4, 672.8)
5.643479|(1007.5, 667.0)
5.660048|(1007.5, 661.5)
5.676615|(1009.7, 659.3)
5.709748|(1016.3, 662.1)
5.726465|(1020.9, 664.3)
5.742882|(1021.4, 664.7)
5.759447|(1024.6, 667.5)
5.77602|(1028.0, 668.4)
5.792859|(1026.4, 673.8)
5.809146|(1030.5, 682.5)
5.825715|(1030.6, 715.8)
5.859034|(1028.0, 710.9)
5.875415|(1031.1, 705.7)
5.891986|(1043.2, 663.8)
5.908551|(1027.0, 642.8)
5.925116|(1025.1, 635.5)
5.941681|(1031.8, 632.8)
5.958248|(1049.7, 658.2)
5.974816|(1049.3, 661.0)
5.991778|(1054.4, 686.9)
6.007951|(1059.5, 680.9)
6.024524|(1068.4, 662.4)
6.041086|(1068.6, 660.1)
6.057649|(1069.3, 667.8)
6.074215|(1069.3, 660.9)
6.090782|(1059.2, 666.8)
6.10765|(1054.8, 670.7)
6.123927|(1051.5, 658.2)
6.140498|(1043.8, 663.4)
6.17405|(1043.4, 664.3)
6.190209|(1044.6, 576.2)
6.206851|(1040.4, 578.4)
6.223395|(1042.3, 613.9)
6.239884|(1043.8, 616.1)
6.256453|(1051.5, 608.1)
6.273016|(1052.2, 609.7)
6.289748|(1053.5, 641.0)
6.323229|(1050.1, 611.0)
6.339283|(1055.4, 654.3)
6.355851|(1053.3, 656.9)
6.372418|(1049.6, 655.4)
6.388983|(1035.1, 634.7)
6.405549|(1035.6, 637.1)
6.422117|(1035.0, 677.0)
6.438682|(1034.4, 668.6)
6.455248|(1029.4, 596.6)
6.471814|(1025.7, 603.3)
6.488503|(1026.8, 608.8)
6.504948|(1027.9, 608.9)
6.52152|(1024.6, 613.9)
6.53876|(1016.7, 630.1)
6.554763|(1013.3, 635.9)
6.571442|(1008.0, 642.6)
6.587786|(1011.3, 639.3)
6.60478|(1016.0, 632.6)
6.620916|(1022.4, 623.0)
6.637482|(1018.0, 608.0)
6.654049|(1028.5, 598.7)
6.670615|(1022.5, 590.9)
6.687186|(1032.9, 577.3)
6.703748|(1027.4, 578.0)
6.72032|(1014.8, 570.4)
6.736979|(1007.3, 567.9)
6.770025|(1008.5, 572.9)
6.786584|(1034.2, 569.5)
6.803154|(1033.3, 560.6)
6.81972|(1032.4, 540.4)
6.836286|(1032.3, 534.2)
6.852848|(1030.5, 535.4)
6.869423|(1028.0, 539.7)
6.885987|(1026.7, 537.9)
6.91919|(1024.6, 538.1)
6.935818|(1022.0, 531.4)
6.952342|(1019.4, 528.2)
6.968902|(1014.0, 524.2)
6.985381|(1019.8, 524.9)
7.001948|(1022.2, 523.8)
7.018553|(1021.8, 523.0)
7.035121|(1027.1, 516.5)
7.069088|(1029.9, 507.3)
7.084785|(1027.9, 463.7)
7.101353|(1034.4, 447.7)
7.118394|(1047.9, 437.0)
7.134899|(1038.8, 436.8)
7.151049|(1032.5, 425.6)
7.167943|(1019.1, 423.0)
7.184189|(1005.6, 420.4)
7.217324|(1041.3, 383.2)
7.233881|(1050.0, 385.2)
7.250447|(1047.8, 392.2)
7.26702|(1044.4, 402.5)
7.283857|(1034.6, 415.0)
7.30035|(1033.2, 421.9)
7.31688|(1032.8, 424.4)
7.33328|(1026.1, 428.5)
7.366414|(1025.4, 429.8)
7.382986|(1025.2, 429.1)
7.399547|(1038.4, 417.7)
7.416113|(1039.8, 422.0)
7.43268|(1046.6, 446.1)
7.449248|(1042.8, 425.4)
7.465813|(1049.7, 401.2)
7.482781|(1045.5, 412.8)
7.515513|(1044.6, 403.3)
7.532079|(1035.5, 410.8)
7.548646|(1029.7, 417.5)
7.565215|(1041.4, 403.7)
7.58178|(1034.2, 384.1)
7.598498|(1033.7, 376.6)
7.615137|(1024.1, 344.2)
7.63148|(1021.7, 328.5)
7.664852|(1014.6, 316.9)
7.681179|(1010.2, 292.8)
7.697746|(1025.6, 282.6)
7.714314|(1029.1, 279.4)
7.730879|(1037.6, 287.4)
7.747447|(1038.9, 285.9)
7.764014|(1041.1, 290.1)
7.781354|(1030.1, 255.3)
7.813715|(1029.7, 251.9)
7.831073|(1037.1, 243.6)
7.846847|(1036.0, 243.2)
7.86342|(1021.4, 254.9)
7.87998|(1019.8, 252.9)
7.896548|(1017.9, 256.6)
7.913125|(1018.1, 258.0)
7.929874|(1022.9, 258.2)
7.962816|(1023.5, 263.9)
7.979442|(1020.6, 262.7)
7.996028|(1018.2, 267.6)
8.012515|(1018.5, 266.9)
8.029872|(1019.9, 266.3)
8.045647|(1019.9, 266.2)
8.06266|(1021.8, 267.8)
8.078782|(1022.9, 272.1)
8.111924|(1044.0, 276.5)
8.128479|(1043.3, 316.4)
8.145259|(1036.8, 279.4)
8.161741|(1032.6, 281.1)
8.17818|(1027.6, 282.8)
8.19535|(1020.5, 279.6)
8.211577|(1017.9, 281.1)
8.22788|(1016.1, 280.9)
8.261014|(1007.0, 278.7)
8.277579|(989.2, 271.6)
8.294147|(971.8, 194.5)
8.310713|(972.2, 168.1)
8.327291|(977.7, 149.3)
8.344063|(984.9, 131.8)
8.360415|(987.8, 124.2)
8.376981|(985.4, 118.4)
8.410113|(994.3, 113.6)
8.426718|(991.8, 107.4)
8.443246|(985.9, 115.4)
8.459814|(994.4, 102.2)
8.476724|(1005.5, 101.6)
8.492948|(1004.4, 102.2)
8.509513|(1004.9, 102.2)
8.526469|(1005.9, 103.3)
8.559215|(1003.4, 105.8)
8.575783|(1001.6, 102.7)
8.592751|(1007.7, 104.5)
8.608914|(1009.2, 97.8)
8.64205|(1012.0, 92.4)
8.658612|(1011.5, 93.8)
8.675184|(1011.6, 93.1)
8.708315|(1015.1, 81.1)
8.72567|(1014.5, 82.1)
8.741447|(1013.8, 83.2)
8.758014|(1014.0, 84.7)
8.774749|(1011.4, 88.1)
8.791291|(1004.5, 98.1)
8.807714|(1006.0, 96.2)
8.824396|(1007.5, 88.0)
8.857415|(1006.5, 94.1)
8.873981|(1012.1, 108.3)
8.891066|(1013.7, 108.3)
8.907251|(1017.8, 96.3)
8.923684|(1016.5, 105.7)
8.940254|(1017.4, 107.8)
8.95682|(1019.3, 100.2)
8.973384|(1022.0, 94.1)
9.023232|(1028.6, 92.9)
9.039737|(1026.0, 93.5)
9.056227|(1020.7, 96.1)
9.07279|(1023.1, 94.1)
9.089356|(1019.7, 97.2)
9.105918|(1023.4, 94.4)
9.122492|(1012.6, 135.4)
9.139053|(1014.3, 97.4)
9.173219|(1011.4, 137.3)
9.188755|(1010.8, 138.2)
9.20621|(1014.1, 97.9)
9.221891|(1026.5, 99.0)
9.23861|(1025.0, 97.9)
9.255128|(1015.6, 84.8)
9.271591|(1006.8, 75.7)
9.288158|(998.7, 57.3)
9.32129|(1017.6, 4.9)
9.652613|(1002.0, 7.2)
9.66918|(998.8, 9.8)
9.685747|(996.7, 10.1)
9.702313|(1006.4, 2.3)
9.71888|(1002.2, 5.7)
9.735451|(999.8, 8.2)
9.768581|(1019.5, 4.7)
9.818279|(1002.1, 5.2)
9.835093|(1002.9, 2.5)
9.885066|(1004.3, 1.6)
9.917684|(1009.3, 0.1)
21.18859|(1012.6, 258.9)
21.20515|(1018.7, 425.9)
21.22173|(1029.7, 549.9)
21.23835|(1034.1, 717.5)
21.25517|(1029.8, 721.9)
21.27142|(1023.8, 753.1)
21.30455|(1018.5, 729.1)
21.32112|(1016.1, 730.1)
21.33769|(1015.2, 722.2)
21.35425|(1018.3, 711.3)
21.37082|(1024.3, 708.9)
21.38739|(1023.7, 710.7)
21.40396|(1024.1, 720.7)
21.42052|(1021.3, 725.7)
21.43709|(1021.4, 764.2)
21.45365|(1024.0, 732.1)
21.47022|(1024.6, 728.4)
21.48679|(1025.9, 725.7)
21.50401|(1024.4, 723.7)
21.51992|(1019.9, 715.6)
21.53649|(1017.6, 706.5)
21.55306|(1019.5, 692.1)
21.56962|(1025.7, 684.6)
21.61932|(1041.6, 680.6)
21.63589|(1033.8, 689.1)
21.65246|(1041.4, 691.8)
21.66902|(1034.7, 701.7)
21.68583|(1028.7, 726.6)
21.70216|(1035.1, 725.6)
21.71872|(1035.7, 718.8)
21.73529|(1040.3, 725.0)
21.7519|(1055.0, 712.0)
21.76842|(1057.3, 715.3)
21.78499|(1069.2, 734.8)
21.80185|(1066.3, 749.7)
21.81841|(1070.7, 747.4)
21.83484|(1063.4, 736.8)
21.85136|(1056.4, 725.0)
21.86782|(1048.7, 705.6)
21.88439|(1050.2, 706.9)
21.90108|(1049.3, 697.9)
21.91777|(1049.5, 708.8)
21.93431|(1046.0, 736.7)
21.95065|(1043.1, 742.6)
21.96722|(1044.3, 740.0)
21.98379|(1046.4, 731.1)
22.00035|(1038.9, 707.8)
22.01692|(1038.3, 709.2)
22.03349|(1038.2, 711.9)
22.06686|(1040.3, 698.8)
22.08319|(1041.1, 687.4)
22.09975|(1042.5, 681.6)
22.11632|(1042.3, 682.3)
22.13289|(1043.0, 683.6)
22.14945|(1045.8, 684.6)
22.16611|(1046.6, 684.3)
22.18259|(1048.0, 684.6)
22.21572|(1052.8, 711.0)
22.23229|(1052.7, 668.8)
22.24886|(1053.3, 669.8)
22.26542|(1050.1, 670.6)
22.28199|(1042.6, 670.6)
22.29855|(1042.7, 671.0)
22.31512|(1037.6, 672.3)
22.33169|(1029.9, 684.3)
22.36509|(1024.3, 691.3)
22.382|(1023.9, 705.4)
22.39795|(1025.2, 703.4)
22.41452|(1028.7, 708.9)
22.43109|(1030.6, 709.1)
22.44766|(1032.1, 706.1)
22.46439|(1033.2, 700.7)
22.48079|(1034.7, 695.5)
22.51393|(1027.6, 676.0)
22.53049|(1028.3, 674.9)
22.54709|(1031.7, 711.3)
22.56363|(1038.6, 669.4)
22.58019|(1040.0, 677.7)
22.59675|(1032.7, 685.3)
22.61332|(1032.8, 684.4)
22.62989|(1034.3, 688.4)
22.66302|(1035.2, 693.6)
22.67959|(1032.9, 689.9)
22.69616|(1026.7, 710.7)
22.71272|(1025.2, 718.7)
22.72933|(1018.9, 717.3)
22.74616|(1017.9, 717.0)
22.76243|(1009.0, 701.7)
22.77916|(1009.3, 702.6)
22.81213|(1005.9, 698.4)
22.82899|(1010.0, 694.6)
22.84525|(1013.4, 695.7)
22.86183|(1023.2, 740.6)
22.87882|(1023.0, 703.7)
22.89496|(1023.8, 699.2)
22.91153|(1022.4, 693.6)
22.92809|(1022.9, 695.3)
22.96123|(1014.2, 698.1)
22.97811|(1017.2, 692.2)
22.99435|(1018.8, 683.5)
23.01176|(1016.5, 696.4)
23.02757|(1019.4, 708.3)
23.04428|(1019.4, 705.8)
23.06064|(1023.3, 706.7)
23.07719|(1023.0, 713.7)
23.11039|(1024.0, 720.2)
23.12698|(1026.7, 719.6)
23.14346|(1022.6, 714.0)
23.16036|(1022.3, 711.2)
23.17659|(1016.7, 697.0)
23.19315|(1015.6, 693.7)
23.20972|(1017.3, 697.6)
23.22629|(1016.5, 696.5)
23.25945|(1017.6, 696.3)
23.27599|(1009.3, 703.4)
23.29255|(1006.2, 702.2)
23.30912|(1018.4, 689.0)
23.3259|(1011.9, 695.6)
23.34225|(1008.4, 696.3)
23.35954|(1008.0, 697.9)
23.37539|(1005.2, 702.4)
23.40852|(1000.7, 704.3)
23.4257|(1001.5, 696.4)
23.44165|(1004.1, 697.3)
23.45822|(1011.7, 695.3)
23.47479|(1012.7, 735.0)
23.49135|(1010.5, 694.4)
23.50822|(1014.8, 680.2)
23.52449|(1016.1, 654.5)
23.55762|(1016.3, 646.5)
23.57419|(1015.4, 648.0)
23.59075|(1013.7, 651.9)
23.60732|(1012.7, 656.7)
23.62389|(1018.6, 668.6)
23.64072|(1021.5, 670.5)
23.65752|(1008.1, 712.6)
23.67359|(1008.4, 712.7)
23.70674|(1007.0, 722.3)
23.72357|(1012.3, 730.3)
23.73985|(1013.5, 722.3)
23.75643|(1015.5, 720.0)
23.77299|(1009.2, 692.8)
23.78955|(1006.2, 733.1)
23.80612|(1004.9, 696.4)
23.82273|(1000.6, 687.6)
23.85582|(997.3, 688.3)
23.87239|(996.4, 678.1)
23.88896|(997.0, 674.7)
23.90552|(997.6, 678.8)
23.92209|(1004.7, 694.9)
23.93865|(1008.1, 703.8)
23.95522|(1010.5, 701.7)
23.98835|(1012.8, 703.9)
24.00492|(1010.7, 706.1)
24.02149|(1005.8, 705.5)
24.03805|(995.8, 713.8)
24.05462|(995.1, 710.4)
24.07119|(999.3, 704.7)
24.0882|(1001.8, 704.0)
24.10432|(1005.3, 705.3)
24.12089|(1006.9, 707.9)
24.13745|(1009.1, 751.6)
24.15402|(1017.0, 717.3)
24.17059|(1006.9, 722.4)
24.1875|(1008.8, 697.8)
24.20372|(1016.3, 682.7)
24.22029|(1017.7, 685.8)
24.23685|(1012.3, 683.8)
24.25342|(1007.9, 677.0)
24.26999|(1010.6, 687.0)
24.31972|(1012.0, 697.8)
24.33625|(1027.1, 688.5)
24.35287|(1026.2, 688.5)
24.36939|(1022.2, 684.7)
24.38598|(1022.9, 681.3)
24.40252|(1020.9, 668.9)
24.41909|(1019.6, 671.4)
24.43608|(1018.2, 667.3)
24.45222|(1015.6, 685.8)
24.46882|(1011.6, 701.3)
24.48536|(1004.0, 702.9)
24.50192|(995.5, 706.1)
24.51849|(995.4, 701.9)
24.53506|(1000.7, 705.7)
24.55162|(997.7, 706.7)
24.5682|(999.8, 709.4)
24.58476|(1008.8, 706.1)
24.61789|(1010.1, 710.0)
24.63449|(1014.9, 695.9)
24.65102|(1014.2, 700.5)
24.66759|(1017.6, 706.8)
24.68415|(1019.3, 712.6)
24.70073|(1017.0, 721.8)
24.71769|(1017.2, 725.3)
24.73385|(1015.3, 705.3)
24.76699|(1010.9, 700.8)
24.78423|(1009.7, 705.8)
24.80013|(1008.7, 714.2)
24.81669|(1008.4, 713.6)
24.83333|(1004.1, 724.6)
24.84982|(999.6, 724.9)
24.8664|(1002.6, 714.1)
24.88354|(1008.5, 700.5)
24.91609|(1008.7, 705.9)
24.93266|(1009.3, 736.3)
24.94922|(988.3, 721.5)
24.96624|(995.2, 728.0)
24.98236|(993.7, 722.2)
24.99893|(993.8, 720.0)
25.0155|(996.8, 719.8)
25.03205|(995.9, 730.9)
25.06519|(995.6, 712.4)
25.08175|(1006.2, 706.5)
25.09832|(1009.8, 703.3)
25.11489|(1000.2, 717.8)
25.13146|(1004.6, 691.4)
25.14803|(1005.5, 672.9)
25.16465|(1004.5, 677.2)
25.18135|(1008.6, 675.7)
25.21429|(1009.0, 681.0)
25.23126|(1008.8, 720.7)
25.24743|(1009.6, 679.2)
25.26399|(1011.9, 661.0)
25.28056|(1012.4, 655.4)
25.29721|(1013.6, 689.9)
25.32001|(1013.5, 651.9)
25.33663|(1015.3, 645.0)
25.35315|(1016.5, 635.8)
25.36972|(1016.4, 634.5)
25.38628|(999.4, 686.7)
25.40285|(995.5, 694.6)
25.41941|(999.1, 710.3)
25.43598|(1001.2, 706.4)
25.45255|(1016.2, 682.2)
25.46919|(1014.0, 684.9)
25.48569|(1005.5, 687.0)
25.51882|(1009.1, 685.4)
