1.661557|(990.1, 270.5)
1.67804|(965.2, 260.9)
1.694912|(990.1, 254.2)
1.711516|(1138.3, 228.6)
1.727931|(1190.4, 229.9)
1.744307|(1218.5, 231.2)
1.760873|(1242.4, 229.9)
1.959678|(1382.6, 236.1)
1.97624|(1374.1, 219.8)
1.99281|(1370.4, 222.2)
2.00942|(1374.0, 217.8)
2.025965|(1380.3, 212.4)
2.04251|(1380.2, 213.2)
2.059439|(1379.1, 214.4)
2.092209|(1378.7, 213.5)
2.109276|(1376.7, 214.2)
2.12534|(1375.8, 214.5)
2.141911|(1330.5, 184.7)
2.158484|(1058.4, 27.2)
2.340712|(987.8, 46.1)
2.357417|(1018.3, 35.3)
