15.26725|(1142.0, 711.7)
15.28381|(1149.1, 866.9)
15.30037|(1151.4, 951.7)
15.31712|(1156.9, 655.1)
15.33351|(1180.9, 978.5)
15.36664|(1177.3, 965.4)
15.38321|(1172.6, 981.5)
15.4166|(1201.0, 978.2)
15.43291|(1196.8, 972.6)
15.44947|(1256.7, 1013.8)
15.46635|(1328.9, 1055.8)
15.48261|(1394.4, 1094.7)
15.49917|(1441.6, 1123.2)
15.51574|(1440.2, 1123.1)
15.54887|(1434.3, 807.9)
15.58214|(1417.4, 1106.1)
15.59916|(1415.6, 1103.7)
15.61514|(1412.0, 1100.7)
15.63183|(1410.2, 1083.2)
15.66484|(1409.4, 797.8)
15.68141|(1401.9, 1121.8)
15.7311|(1399.9, 1124.3)
15.74767|(1384.5, 1122.3)
15.76424|(1384.9, 1130.2)
15.78113|(1379.9, 1125.2)
15.79737|(1384.6, 1136.6)
15.81394|(1388.9, 1119.1)
15.83051|(1393.3, 1117.4)
15.86365|(1393.8, 1119.3)
15.8802|(1399.9, 846.0)
15.89677|(1402.9, 1164.6)
15.91337|(1401.3, 826.5)
15.9299|(1397.8, 842.5)
15.94648|(1390.5, 1123.2)
15.96304|(1395.5, 1131.1)
15.97996|(1408.3, 1140.7)
16.01274|(1413.5, 1152.0)
16.02951|(1414.4, 1150.2)
16.04587|(1406.1, 1155.7)
16.06244|(1400.1, 1158.4)
16.07901|(1410.1, 1164.9)
16.09566|(1405.3, 1148.4)
16.11222|(1385.0, 1139.2)
16.12947|(1384.9, 1130.5)
