11.52107|(1166.2, 703.4)
11.55421|(1167.9, 690.7)
11.57081|(1184.5, 504.6)
11.58734|(1215.8, 1123.8)
11.6039|(1215.6, 1126.7)
11.62047|(1203.0, 1163.0)
11.63733|(1218.1, 1163.6)
11.6536|(1213.6, 1164.8)
11.67036|(1248.3, 1167.9)
11.7033|(1256.7, 1171.3)
11.71986|(1262.9, 865.1)
11.73643|(1268.7, 1174.1)
11.753|(1279.3, 857.7)
11.76956|(1287.9, 1117.0)
11.78613|(1292.7, 1125.1)
11.80295|(1351.8, 1171.9)
11.81926|(1336.0, 1154.4)
11.869|(1351.4, 1166.0)
12.05121|(1448.5, 836.0)
12.08468|(1452.7, 845.2)
12.10091|(1460.1, 1182.8)
12.1177|(1450.9, 1138.1)
12.13469|(1462.3, 1140.1)
12.18374|(1449.1, 1143.5)
12.2003|(1456.9, 1149.1)
12.21687|(1473.3, 1176.7)
12.23343|(1477.0, 1187.0)
12.25|(1467.0, 1170.4)
12.26695|(1463.1, 1165.6)
12.29982|(1465.2, 1179.7)
12.31627|(1459.6, 1170.3)
12.33286|(1462.5, 1172.7)
12.3494|(1453.9, 1165.4)
12.36597|(1453.4, 1173.3)
12.38257|(1452.1, 863.1)
12.3991|(1453.2, 860.0)
12.41567|(1454.0, 1190.0)
12.4488|(1452.8, 1184.6)
12.46564|(1452.4, 1190.9)
12.51506|(1439.3, 1193.0)
12.532|(1442.0, 885.2)
12.5482|(1447.8, 1197.4)
12.56545|(1447.4, 1192.4)
12.5979|(1454.8, 1176.8)
12.61447|(1458.0, 1160.4)
12.63162|(1449.8, 1168.2)
12.6476|(1450.2, 1164.6)
12.66416|(1446.7, 1172.1)
12.68101|(1432.2, 1171.0)
12.69743|(1419.7, 1160.6)
12.71387|(1426.4, 1166.5)
12.747|(1432.2, 1150.1)
12.7636|(1439.3, 1143.3)
12.78013|(1440.9, 1142.8)
12.79683|(1449.6, 1127.6)
12.81327|(1449.8, 1129.0)
12.82983|(1449.2, 823.6)
12.8464|(1446.6, 820.2)
12.86298|(1430.8, 1138.9)
12.8961|(1458.6, 1171.4)
12.91267|(1457.8, 1171.9)
12.92923|(1453.9, 1183.4)
12.9458|(1454.5, 1178.6)
12.96237|(1452.6, 1177.5)
