1.725985|(1436.9, 204.0)
1.725985|(1422.8, 197.0)
1.775689|(1431.2, 191.5)
1.808821|(1437.9, 188.8)
1.825391|(1455.4, 194.7)
1.842131|(1449.3, 216.0)
1.858579|(1452.5, 209.2)
1.875088|(1451.0, 209.0)
1.892182|(1438.7, 204.8)
1.908589|(1456.6, 194.6)
1.924793|(1448.9, 187.5)
1.957928|(1452.4, 196.3)
1.97449|(1456.1, 204.8)
1.991057|(1454.6, 212.3)
2.007909|(1448.5, 215.3)
2.025014|(1445.8, 226.4)
2.040829|(1446.3, 235.4)
2.073957|(1398.9, 364.1)
2.107022|(1337.5, 531.3)
2.123598|(1319.9, 582.3)
2.140159|(1288.1, 668.2)
2.156724|(1265.4, 728.5)
2.17329|(1266.5, 730.2)
2.189861|(1247.7, 759.8)
2.206686|(1242.1, 768.5)
2.222991|(1244.6, 764.0)
2.239561|(1238.3, 466.7)
2.2727|(1227.0, 774.3)
2.289261|(1227.5, 782.7)
2.305935|(1232.1, 794.9)
2.322393|(1226.1, 796.1)
2.338962|(1222.0, 800.2)
2.355532|(1222.7, 798.3)
2.372095|(1224.1, 481.4)
2.388839|(1219.7, 800.3)
2.405229|(1191.1, 817.2)
2.422262|(1189.6, 827.0)
2.438363|(1190.3, 824.0)
2.45493|(1213.2, 749.5)
2.471501|(1213.4, 763.5)
2.488063|(1214.9, 789.2)
2.504944|(1217.6, 809.4)
2.521451|(1218.5, 866.6)
2.537768|(1206.8, 870.8)
2.570896|(1208.5, 571.1)
2.587497|(1223.8, 821.8)
2.604503|(1220.7, 803.4)
2.620596|(1223.2, 787.9)
2.637162|(1224.4, 751.6)
2.653731|(1243.8, 699.0)
2.6703|(1244.2, 687.7)
2.686863|(1247.8, 659.9)
2.719995|(1271.0, 351.6)
2.736564|(1255.7, 665.1)
2.770238|(1223.7, 781.6)
2.786269|(1215.0, 811.5)
2.802842|(1220.7, 793.9)
2.819448|(1222.0, 792.7)
2.835965|(1220.3, 798.0)
2.869303|(1218.0, 778.2)
2.885802|(1213.5, 729.4)
2.903419|(1204.0, 686.6)
2.918827|(1202.4, 667.7)
2.935365|(1199.8, 631.8)
2.951931|(1198.7, 630.0)
2.968498|(1197.9, 617.5)
2.985056|(1198.6, 599.8)
3.018196|(1196.0, 257.6)
3.034754|(1199.8, 566.1)
3.051322|(1200.7, 566.0)
3.067888|(1199.5, 569.9)
3.101031|(1201.3, 573.2)
3.101031|(1203.5, 569.1)
3.134155|(1212.8, 593.2)
3.167435|(1220.2, 590.9)
3.183856|(1222.6, 602.6)
3.200444|(1226.1, 592.2)
3.216988|(1206.9, 496.3)
3.233555|(1207.1, 467.3)
3.250121|(1191.6, 429.7)
3.266697|(1194.5, 441.3)
3.283255|(1198.0, 403.8)
3.316388|(1201.1, 391.6)
3.332968|(1202.1, 377.3)
3.349521|(1207.5, 371.3)
3.366088|(1209.2, 63.8)
3.382655|(1205.6, 376.5)
3.399222|(1211.6, 386.5)
3.415802|(1216.3, 389.1)
3.432354|(1217.4, 390.3)
3.465496|(1206.3, 420.1)
3.4824|(1213.0, 412.5)
3.498753|(1204.0, 428.1)
3.532305|(1221.0, 404.0)
3.548791|(1222.0, 393.9)
3.564889|(1211.1, 379.3)
3.581458|(1212.7, 372.9)
3.614593|(1208.9, 364.8)
3.63116|(1207.7, 368.9)
3.647727|(1212.4, 337.4)
3.664294|(1198.9, 364.0)
3.680861|(1205.1, 356.1)
3.697625|(1208.5, 369.2)
3.713993|(1200.6, 369.1)
3.730561|(1201.2, 375.6)
3.763688|(1200.1, 376.1)
3.78026|(1197.2, 373.9)
3.796857|(1194.5, 328.2)
3.813395|(1201.6, 11.4)
3.830295|(1210.7, 287.8)
3.84653|(1210.3, 289.7)
3.863099|(1207.7, 294.6)
3.880146|(1204.9, 312.1)
3.912789|(1213.6, 302.9)
3.929355|(1210.8, 306.6)
3.945921|(1211.0, 308.2)
3.962608|(1212.1, 289.2)
3.979057|(1203.6, 203.9)
3.995629|(1200.2, 191.6)
4.012189|(1202.3, 187.7)
4.029177|(1215.0, 173.8)
4.061892|(1222.2, 151.9)
4.0786|(1216.1, 143.7)
4.095026|(1215.5, 143.7)
4.144729|(1219.3, 154.8)
4.161528|(1223.0, 159.3)
4.21107|(1229.0, 159.5)
4.227558|(1237.5, 153.7)
4.244179|(1235.1, 148.9)
4.260692|(1219.4, 126.3)
4.277258|(1213.3, 128.2)
4.293826|(1165.4, 131.4)
4.310394|(1166.4, 131.3)
4.326959|(1175.8, 122.0)
4.360093|(1172.1, 119.4)
4.376665|(1181.1, 125.3)
4.393229|(1196.7, 129.0)
4.409791|(1192.0, 136.1)
4.426429|(1188.5, 132.1)
4.509196|(1188.9, 96.7)
4.525764|(1192.2, 99.1)
4.54233|(1190.1, 95.7)
4.558894|(1193.1, 90.0)
4.575462|(1199.6, 104.5)
4.592029|(1190.4, 74.2)
4.608599|(1195.5, 77.4)
4.6252|(1194.7, 53.3)
4.658692|(1168.6, 12.8)
4.674864|(1160.0, 6.1)
6.397793|(1158.8, 503.6)
6.414415|(1167.7, 491.6)
6.46406|(1161.9, 738.1)
6.480624|(1089.1, 756.7)
6.497194|(1129.1, 752.6)
6.513861|(1128.6, 504.0)
6.53033|(1142.0, 824.5)
6.546893|(1152.0, 833.5)
6.563461|(1179.3, 838.3)
6.58003|(1205.8, 848.1)
6.613167|(1200.5, 861.7)
6.62973|(1207.7, 860.1)
6.646301|(1206.1, 853.8)
6.662861|(1203.9, 865.1)
6.67943|(1211.2, 883.8)
6.695992|(1215.0, 895.1)
6.712668|(1216.6, 897.3)
6.729126|(1221.3, 886.8)
6.762261|(1225.1, 880.1)
6.778826|(1216.9, 859.9)
6.7954|(1223.1, 852.9)
6.811959|(1221.2, 847.4)
6.828754|(1219.9, 525.3)
6.845096|(1218.0, 823.7)
6.861771|(1212.5, 835.8)
6.878283|(1209.3, 825.9)
6.911363|(1208.0, 837.7)
6.927927|(1210.3, 845.4)
6.944497|(1224.6, 855.7)
6.96106|(1233.0, 854.7)
6.977623|(1225.1, 552.0)
6.994307|(1212.4, 888.8)
7.010756|(1209.7, 896.2)
7.027329|(1196.7, 934.9)
7.060455|(1200.5, 896.2)
7.077307|(1222.4, 806.3)
7.093682|(1227.5, 750.9)
7.110295|(1232.9, 747.3)
7.126732|(1245.6, 744.5)
7.143299|(1245.4, 430.2)
7.160451|(1238.8, 702.8)
7.176465|(1245.3, 696.4)
7.209557|(1235.4, 723.3)
7.226503|(1233.7, 719.4)
7.242696|(1228.8, 699.5)
7.259262|(1243.0, 653.0)
7.275828|(1216.9, 739.0)
7.292402|(1217.3, 739.5)
7.308954|(1210.3, 754.8)
7.325522|(1220.6, 734.7)
7.358654|(1223.6, 776.7)
7.375221|(1223.2, 769.6)
7.391788|(1217.0, 741.6)
7.408362|(1216.8, 727.5)
7.424922|(1204.9, 734.1)
7.441488|(1194.4, 748.4)
7.458056|(1187.9, 789.0)
7.474713|(1204.8, 726.2)
7.507754|(1205.4, 725.7)
7.524435|(1216.4, 750.3)
7.540967|(1222.5, 742.6)
7.557454|(1220.8, 724.0)
7.574105|(1209.9, 700.2)
7.590587|(1209.7, 706.1)
7.607426|(1229.0, 743.5)
7.62442|(1236.9, 763.1)
7.657136|(1234.5, 767.2)
7.673431|(1234.2, 768.8)
7.689987|(1238.3, 768.3)
7.706554|(1212.9, 624.3)
7.723122|(1228.6, 561.2)
7.739693|(1224.5, 554.8)
7.756254|(1236.8, 527.6)
7.772822|(1225.9, 525.1)
7.805955|(1216.0, 504.7)
7.822605|(1215.4, 509.7)
7.839087|(1217.9, 517.2)
7.855654|(1213.6, 526.0)
7.872221|(1207.9, 537.5)
7.888788|(1204.6, 561.9)
7.905677|(1205.5, 556.7)
7.921922|(1218.6, 231.1)
7.938936|(1216.9, 221.2)
7.971626|(1213.6, 520.4)
7.988203|(1208.0, 526.5)
8.004761|(1215.7, 537.5)
8.021326|(1226.2, 546.1)
8.037896|(1228.5, 550.0)
8.054611|(1223.6, 527.1)
8.071031|(1222.1, 221.6)
8.087595|(1223.0, 522.4)
8.120721|(1208.5, 492.3)
8.137293|(1207.1, 499.1)
8.153972|(1207.1, 505.4)
8.170428|(1209.2, 506.6)
8.187265|(1208.3, 504.9)
8.203555|(1205.1, 477.3)
8.220279|(1206.3, 476.5)
8.236948|(1226.4, 174.1)
8.29484|(1197.2, 473.0)
8.311754|(1196.5, 478.5)
8.327985|(1196.3, 479.3)
8.344555|(1203.4, 475.1)
8.361176|(1205.7, 475.1)
8.377709|(1211.2, 481.0)
8.41081|(1210.1, 455.9)
8.427379|(1201.0, 443.5)
8.444185|(1201.1, 465.2)
8.460511|(1195.7, 469.3)
8.47721|(1189.9, 465.4)
8.493646|(1182.7, 460.1)
8.510241|(1174.1, 435.7)
8.526776|(1173.3, 428.0)
8.576506|(1174.7, 387.6)
8.593043|(1182.5, 382.7)
8.609799|(1195.1, 378.3)
8.62634|(1210.2, 72.6)
8.642818|(1198.5, 419.5)
8.65931|(1203.6, 391.9)
8.65931|(1201.8, 396.5)
8.69249|(1193.9, 404.0)
8.70902|(1187.0, 405.2)
8.725577|(1192.1, 398.4)
8.742144|(1190.2, 372.4)
8.758716|(1199.2, 373.4)
8.775277|(1193.1, 371.9)
8.791843|(1200.2, 354.3)
8.808411|(1199.2, 359.4)
8.824978|(1196.7, 357.4)
8.84161|(1199.9, 361.1)
8.874679|(1209.3, 359.0)
8.891252|(1211.4, 349.8)
8.908015|(1212.1, 348.4)
8.92438|(1208.9, 347.4)
8.940944|(1203.0, 335.5)
8.957568|(1202.6, 328.2)
8.974086|(1208.2, 308.4)
9.024101|(1217.1, 306.5)
9.040414|(1219.1, 318.5)
9.056918|(1220.3, 322.1)
9.073484|(1218.8, 326.9)
9.090141|(1214.7, 340.4)
9.106677|(1214.7, 323.7)
9.123187|(1213.0, 299.0)
9.139752|(1192.6, 224.3)
9.156691|(1189.3, 202.5)
9.20601|(1189.4, 195.0)
9.222578|(1187.9, 190.3)
9.239248|(1196.4, 199.6)
9.255765|(1196.8, 202.8)
9.272278|(1201.0, 192.2)
9.28885|(1201.3, 197.8)
9.322309|(1200.6, 209.5)
9.338822|(1201.4, 209.4)
9.355835|(1199.0, 210.3)
9.37185|(1200.2, 209.5)
9.38825|(1197.7, 208.1)
9.404865|(1201.6, 203.6)
9.421383|(1207.2, 202.6)
9.437949|(1212.3, 196.5)
9.47143|(1222.0, 198.1)
9.504215|(1213.4, 212.9)
9.520992|(1207.9, 215.1)
9.53735|(1207.6, 223.1)
9.553916|(1205.8, 226.1)
9.57048|(1206.1, 227.5)
9.587049|(1203.5, 229.3)
9.653314|(1201.8, 218.4)
9.686449|(1195.1, 202.2)
9.703113|(1202.6, 196.2)
9.719596|(1203.1, 198.7)
9.736161|(1197.0, 193.4)
9.769281|(1190.5, 131.6)
9.785853|(1190.0, 68.4)
9.802418|(1178.4, 37.5)
9.819164|(1184.4, 23.3)
9.835671|(1178.1, 28.3)
9.852116|(1178.4, 25.0)
9.868784|(1177.4, 33.2)
9.885251|(1175.4, 33.1)
9.918766|(1175.8, 36.0)
9.93579|(1174.8, 36.6)
9.951815|(1175.5, 21.0)
