43.98391|(935.9, 515.4)
44.00391|(933.7, 516.4)
44.03575|(935.1, 515.0)
44.06694|(944.3, 514.1)
44.08508|(942.4, 509.7)
44.11804|(942.0, 509.9)
44.14898|(938.0, 510.3)
44.16314|(937.6, 511.5)
44.17868|(934.0, 515.1)
44.19559|(932.9, 516.8)
44.21164|(931.0, 517.1)
44.22668|(930.8, 517.2)
44.24399|(931.6, 518.0)
44.25956|(933.1, 519.6)
44.27597|(934.7, 521.5)
44.30633|(869.8, 647.5)
44.32383|(778.5, 834.4)
44.35434|(767.2, 851.7)
44.37062|(734.0, 937.5)
44.38645|(729.0, 949.8)
44.40379|(729.9, 950.1)
44.41846|(728.9, 952.5)
44.45231|(731.4, 951.9)
44.46898|(731.2, 948.5)
44.48562|(731.4, 939.7)
44.50222|(732.8, 942.0)
44.51924|(735.0, 955.3)
44.53603|(736.1, 971.3)
44.55257|(740.3, 1015.4)
44.56907|(742.4, 1032.5)
44.60229|(751.1, 1089.8)
44.61974|(748.9, 1088.4)
44.63659|(751.2, 1083.9)
44.65245|(753.5, 1085.6)
44.66934|(754.5, 1088.3)
44.68584|(754.1, 1087.9)
44.70242|(753.1, 1087.7)
44.71904|(752.1, 1087.0)
44.7524|(751.2, 1088.5)
44.769|(751.3, 1090.9)
44.78592|(751.2, 1089.7)
44.80257|(751.1, 1087.5)
44.81918|(749.5, 1080.0)
44.83588|(749.4, 1079.5)
44.85251|(748.8, 1080.6)
44.86931|(749.1, 1081.1)
44.90265|(747.7, 1080.1)
44.91964|(743.9, 1078.8)
44.93636|(746.5, 1082.9)
44.95295|(762.5, 1074.9)
44.97004|(776.5, 1070.0)
44.98616|(784.2, 1067.1)
45.00264|(792.3, 1063.0)
45.0194|(796.8, 1061.4)
45.05354|(802.4, 1065.0)
45.07071|(801.8, 1065.3)
45.08711|(804.2, 1064.4)
45.10421|(806.1, 1063.0)
45.12135|(804.6, 1064.0)
45.13722|(808.1, 1066.8)
45.1541|(808.7, 1067.9)
45.17025|(815.7, 1069.1)
45.20428|(837.6, 1064.8)
45.22063|(853.1, 1058.3)
45.23767|(860.8, 1060.9)
45.25406|(860.6, 1058.5)
45.27095|(869.4, 1059.8)
45.28769|(873.6, 1062.7)
45.30433|(874.4, 1060.9)
45.32049|(875.7, 1060.0)
45.35411|(879.2, 1061.1)
45.37164|(879.3, 1060.9)
45.38809|(880.3, 1058.1)
45.40477|(877.8, 1052.0)
45.42122|(878.9, 1050.4)
45.43805|(878.5, 1048.6)
45.45472|(877.9, 1048.0)
45.47073|(877.1, 1047.3)
45.5046|(876.8, 1048.5)
45.5215|(876.3, 1051.8)
45.53782|(878.1, 1055.9)
45.55496|(880.0, 1058.3)
45.57139|(883.7, 1059.9)
45.5883|(885.7, 1063.7)
45.60453|(885.9, 1063.8)
45.6216|(886.5, 1064.0)
45.65511|(887.8, 1065.7)
45.67154|(889.0, 1064.5)
45.68826|(888.6, 1062.9)
45.70503|(889.6, 1062.5)
45.72168|(889.5, 1053.4)
45.7389|(889.8, 1054.1)
45.75454|(890.6, 1058.8)
45.77143|(890.3, 1059.4)
45.80463|(889.7, 1062.3)
45.82164|(893.3, 1060.0)
45.83827|(891.7, 1061.8)
45.85588|(890.5, 1061.7)
45.87197|(892.4, 1061.9)
45.88863|(897.2, 1066.9)
45.90696|(896.1, 1066.6)
45.92185|(893.8, 1065.1)
45.95676|(890.0, 1065.8)
45.97238|(870.4, 1068.3)
45.98973|(833.8, 1067.5)
46.00591|(827.8, 1067.1)
46.02324|(809.0, 1071.6)
46.0382|(794.9, 1071.9)
46.05463|(794.4, 1072.9)
46.07145|(795.0, 1080.1)
46.10482|(792.3, 1077.6)
46.12184|(790.5, 1076.0)
46.13863|(790.7, 1075.7)
46.15622|(791.1, 1071.0)
46.17282|(792.2, 1070.0)
46.18795|(795.5, 1073.2)
46.20446|(795.6, 1072.9)
46.22147|(800.2, 1074.8)
46.25489|(801.7, 1074.3)
46.27197|(802.5, 1074.5)
46.28868|(805.1, 1075.2)
46.30605|(801.8, 1070.0)
46.32211|(804.5, 1079.0)
46.33948|(803.6, 1081.8)
46.35771|(795.8, 1085.5)
46.37275|(795.9, 1085.0)
46.4056|(780.0, 1087.5)
46.42211|(756.8, 1081.6)
46.43876|(749.9, 1080.8)
46.45527|(741.2, 1078.5)
46.47169|(734.6, 1074.0)
46.57324|(729.4, 1069.4)
46.58993|(729.3, 1069.5)
46.60676|(897.7, 1029.7)
46.6221|(897.1, 1041.3)
46.63916|(895.5, 1059.6)
46.65604|(892.5, 1107.1)
46.67305|(891.4, 1112.0)
46.70662|(888.4, 1100.0)
46.72285|(890.2, 1092.8)
46.7403|(892.6, 1103.9)
46.75715|(894.1, 1102.0)
46.77227|(892.6, 1107.1)
46.78893|(893.9, 1104.2)
46.80594|(893.1, 1107.5)
46.82251|(893.0, 1114.7)
46.85655|(891.4, 1106.2)
46.87273|(893.9, 1107.7)
46.88972|(784.7, 1047.2)
46.90562|(746.8, 1028.3)
46.92247|(745.4, 1022.1)
46.93894|(738.3, 1016.3)
46.95618|(737.7, 1008.2)
46.9728|(721.8, 991.3)
47.00637|(722.6, 981.1)
47.02324|(723.3, 981.5)
47.0403|(723.6, 982.3)
47.05702|(727.0, 974.4)
47.07416|(728.0, 976.7)
47.10685|(728.5, 977.7)
47.12373|(727.2, 978.6)
47.15731|(725.7, 981.2)
47.17371|(718.8, 988.6)
47.20743|(699.1, 1005.4)
47.24031|(698.0, 1005.9)
47.25733|(699.6, 1004.4)
47.27404|(698.7, 1005.0)
47.30754|(696.4, 1011.7)
47.32444|(695.6, 1014.2)
47.34093|(695.2, 1014.3)
47.35757|(692.6, 1015.0)
47.37469|(689.1, 1005.6)
47.3907|(689.9, 988.6)
47.40722|(692.1, 976.4)
47.42395|(693.3, 970.3)
47.45744|(698.6, 952.7)
47.47456|(700.6, 955.6)
47.49112|(702.2, 954.2)
47.50848|(701.6, 954.9)
47.52436|(701.8, 954.9)
47.54084|(703.3, 954.4)
47.55775|(705.4, 955.7)
47.57473|(717.2, 960.5)
47.60832|(731.1, 965.1)
47.62503|(741.9, 966.0)
47.64235|(766.1, 955.5)
47.65855|(764.6, 959.4)
47.67459|(763.0, 959.2)
47.69109|(764.2, 958.9)
47.70819|(768.3, 955.4)
47.72443|(766.3, 956.5)
47.75817|(766.2, 956.8)
47.77517|(767.5, 955.0)
47.79162|(762.9, 959.0)
47.80874|(764.1, 959.3)
47.82468|(765.4, 960.0)
47.84135|(767.8, 961.0)
47.8582|(769.9, 967.4)
47.87514|(770.8, 968.3)
47.90865|(773.3, 971.6)
47.92537|(773.9, 971.6)
47.94178|(772.5, 973.7)
47.95828|(771.0, 974.2)
47.97471|(769.4, 974.8)
48.00838|(773.0, 985.0)
48.02565|(773.3, 990.6)
48.05841|(775.5, 1004.1)
48.07528|(775.2, 1003.4)
48.09214|(768.9, 1018.7)
48.10851|(768.6, 1020.0)
48.12469|(743.5, 1075.6)
48.14191|(736.5, 1102.5)
48.15841|(727.6, 1098.3)
48.20874|(727.5, 1106.5)
48.2255|(750.0, 1110.7)
48.24279|(745.2, 1108.0)
48.275|(746.2, 1106.4)
48.29182|(744.7, 1102.8)
48.30961|(766.0, 1115.8)
48.35888|(781.1, 1114.6)
48.37613|(780.6, 1113.6)
48.39182|(789.6, 1090.4)
48.42562|(789.6, 1070.1)
48.44254|(787.9, 1075.3)
48.45898|(795.8, 1078.9)
48.47615|(796.3, 1078.4)
48.50923|(804.6, 1075.6)
48.54242|(803.8, 1072.8)
48.55892|(802.3, 1065.6)
48.59263|(803.3, 1064.7)
48.60947|(802.8, 1064.6)
48.6594|(809.0, 1071.1)
48.67697|(1011.9, 1013.4)
48.69285|(1274.5, 913.4)
48.7094|(1382.5, 867.3)
48.72612|(1455.9, 824.5)
48.74281|(1520.0, 788.3)
48.75941|(1550.5, 768.6)
48.80986|(1610.0, 701.2)
48.82656|(1585.6, 672.6)
48.84292|(1583.3, 668.7)
48.85934|(1585.8, 670.4)
48.87639|(1597.3, 669.3)
48.89293|(1609.7, 658.9)
48.90965|(1635.7, 640.4)
48.92657|(1667.8, 622.0)
48.96006|(1676.9, 618.7)
48.97732|(1741.7, 607.5)
48.99326|(1743.5, 609.4)
49.01064|(1738.5, 603.4)
49.0269|(1737.6, 602.2)
49.04361|(1737.6, 602.1)
49.06124|(1736.0, 600.7)
49.07671|(1732.8, 598.1)
49.12739|(1733.0, 596.8)
49.14462|(1218.7, 781.1)
49.1602|(937.1, 880.4)
49.17717|(754.4, 950.3)
49.19414|(755.7, 950.8)
49.21098|(756.8, 949.3)
49.22755|(755.8, 946.0)
49.26071|(757.7, 943.5)
49.27784|(758.5, 943.7)
49.29484|(757.5, 939.9)
49.31084|(749.1, 942.7)
49.32792|(748.1, 943.9)
49.34408|(747.8, 943.5)
49.36129|(750.2, 943.0)
49.37777|(755.2, 950.2)
49.41096|(755.6, 949.4)
49.42799|(755.5, 950.2)
49.44471|(748.7, 947.8)
49.46165|(751.1, 952.5)
49.47776|(752.9, 951.4)
49.49447|(753.3, 951.6)
49.51178|(753.0, 952.3)
49.52792|(753.1, 953.4)
49.56141|(753.3, 954.5)
49.57822|(752.7, 956.5)
49.59523|(756.7, 961.7)
49.61111|(754.2, 962.0)
49.62795|(753.9, 962.1)
49.64507|(753.5, 961.7)
49.66179|(754.2, 962.7)
49.67808|(755.4, 964.7)
49.7115|(754.9, 965.6)
49.72857|(753.6, 975.0)
49.74491|(752.9, 975.8)
49.76154|(751.1, 971.1)
49.77906|(749.7, 971.9)
49.87905|(732.6, 887.6)
49.89545|(749.5, 892.0)
49.91215|(729.9, 922.6)
49.92862|(741.8, 940.2)
49.9453|(747.8, 943.8)
49.96233|(753.9, 945.2)
49.97882|(759.2, 949.2)
50.01228|(763.2, 960.8)
50.02943|(764.6, 962.7)
50.04668|(763.4, 966.6)
50.06184|(763.9, 967.5)
50.07886|(763.5, 967.0)
50.09579|(765.2, 978.0)
50.11238|(764.3, 978.2)
50.12878|(762.1, 980.0)
50.1623|(754.1, 970.4)
50.17928|(731.9, 872.2)
50.19579|(725.0, 860.2)
50.21318|(724.4, 858.8)
50.22934|(722.8, 859.0)
50.24611|(720.7, 858.6)
50.26315|(716.3, 865.2)
50.27954|(714.8, 872.6)
50.31277|(721.5, 863.8)
50.32964|(714.3, 870.0)
50.34605|(724.2, 864.2)
50.36277|(727.2, 862.1)
50.37965|(721.5, 868.5)
50.39674|(724.2, 873.6)
50.41268|(733.3, 880.4)
50.42947|(741.5, 882.3)
50.46305|(748.8, 882.7)
50.48035|(756.3, 873.7)
50.49737|(765.6, 872.0)
50.51285|(766.2, 871.2)
50.52965|(771.4, 863.7)
50.54629|(771.1, 862.1)
50.56295|(771.0, 861.9)
50.57986|(770.4, 860.5)
50.61308|(770.4, 860.6)
50.63033|(772.2, 868.7)
50.64636|(772.3, 873.4)
50.66286|(772.3, 872.4)
50.67989|(775.0, 869.7)
50.69674|(777.8, 866.8)
50.7137|(778.8, 865.2)
50.72992|(779.8, 861.7)
50.76332|(779.8, 859.1)
50.78015|(779.6, 858.0)
50.79662|(779.5, 857.5)
50.81369|(781.7, 856.9)
50.83014|(781.7, 858.3)
50.84711|(780.2, 862.9)
50.86334|(779.3, 872.0)
50.88036|(782.8, 873.3)
50.91404|(791.4, 875.1)
50.93126|(791.9, 873.9)
50.94675|(796.5, 866.8)
50.96453|(800.8, 862.0)
50.9804|(800.2, 853.0)
50.99753|(798.9, 846.9)
51.01393|(794.0, 844.3)
51.03085|(761.1, 813.5)
51.06413|(733.6, 783.7)
51.08135|(726.9, 774.9)
51.09721|(714.5, 756.4)
51.11392|(714.4, 761.8)
51.13068|(711.6, 764.1)
51.1473|(713.1, 767.3)
51.16413|(713.2, 769.8)
51.18058|(713.8, 773.2)
51.21462|(708.5, 770.1)
51.23027|(706.5, 769.2)
51.24752|(706.2, 764.6)
51.26459|(709.8, 764.5)
51.28065|(710.6, 762.0)
51.29752|(711.0, 761.1)
51.3142|(709.8, 760.6)
51.33101|(709.4, 759.0)
51.36472|(705.7, 766.6)
51.38143|(704.5, 767.2)
51.39851|(705.5, 765.5)
51.41431|(707.9, 765.2)
51.43158|(706.2, 766.7)
51.44735|(710.9, 768.6)
51.46485|(712.5, 767.3)
51.48106|(712.9, 765.0)
51.51542|(716.1, 757.8)
51.53079|(716.0, 758.4)
51.54788|(716.2, 761.5)
51.56462|(715.9, 769.1)
51.58184|(713.9, 775.6)
51.5979|(706.4, 816.4)
51.61485|(708.2, 860.2)
51.63129|(708.2, 864.1)
51.66476|(707.1, 868.1)
51.69775|(708.0, 869.5)
51.71521|(708.4, 868.3)
51.74844|(712.2, 868.3)
51.76499|(716.0, 862.1)
51.79854|(716.8, 861.0)
51.83254|(713.5, 854.9)
51.84851|(706.8, 846.9)
51.8651|(751.1, 861.7)
51.88198|(754.9, 863.2)
51.89867|(756.0, 863.4)
51.91563|(763.8, 863.1)
51.93201|(775.5, 866.2)
51.967|(779.3, 866.1)
51.98217|(774.1, 874.3)
51.99891|(770.6, 873.3)
52.01575|(772.4, 872.7)
52.03262|(774.2, 871.8)
52.04943|(774.6, 871.5)
52.06572|(775.0, 870.2)
52.08282|(776.3, 868.0)
52.11614|(776.8, 866.7)
52.133|(777.6, 865.3)
52.14979|(777.9, 864.1)
52.16614|(780.1, 858.7)
52.18332|(788.6, 852.9)
52.19951|(794.4, 852.4)
52.2163|(798.1, 852.1)
52.23335|(815.6, 851.2)
52.2668|(815.1, 847.8)
52.2845|(817.7, 851.7)
52.30046|(817.5, 853.5)
52.31657|(817.5, 853.5)
52.33293|(814.1, 849.5)
52.34982|(815.4, 846.2)
52.36647|(817.5, 841.4)
52.38353|(815.8, 844.3)
52.41729|(813.7, 836.6)
52.43412|(817.3, 835.5)
52.44999|(809.7, 850.4)
52.46647|(797.0, 859.2)
52.48318|(756.2, 889.7)
52.50037|(752.0, 893.0)
52.51647|(742.7, 900.4)
52.53447|(742.2, 900.5)
52.56719|(717.8, 917.4)
52.58374|(716.5, 919.1)
52.60007|(717.0, 919.5)
52.61712|(716.9, 921.1)
52.63332|(719.2, 923.1)
52.65048|(719.3, 925.5)
52.66671|(719.2, 925.5)
52.68432|(719.1, 926.4)
52.71785|(716.9, 923.4)
52.7347|(714.4, 923.3)
52.75048|(714.7, 923.3)
52.76726|(713.1, 931.8)
52.78392|(710.5, 943.5)
52.80057|(707.0, 963.9)
52.81769|(707.0, 963.7)
52.83417|(707.5, 964.9)
52.86787|(712.5, 962.6)
52.88478|(710.2, 971.4)
52.90279|(715.3, 970.2)
52.93507|(712.1, 966.0)
52.95103|(711.5, 964.1)
52.96813|(711.6, 958.8)
52.98505|(710.8, 947.4)
53.01865|(726.9, 796.3)
53.03551|(724.8, 785.7)
53.05158|(725.5, 767.2)
53.0679|(727.1, 763.9)
53.08428|(728.2, 724.3)
53.1014|(726.7, 700.1)
53.11792|(722.6, 685.3)
53.13457|(720.2, 673.1)
53.15189|(720.2, 673.0)
53.1689|(720.6, 676.1)
53.18452|(719.9, 675.6)
53.20148|(719.6, 675.1)
53.21803|(717.0, 662.1)
53.23488|(716.4, 655.5)
53.25145|(717.2, 645.0)
53.26806|(720.9, 636.8)
53.28509|(722.6, 629.4)
53.31891|(719.5, 624.2)
53.33484|(721.6, 624.2)
53.35162|(721.7, 625.0)
53.36835|(721.1, 627.3)
53.3849|(739.8, 625.9)
53.40167|(867.9, 613.2)
53.41833|(873.4, 612.8)
53.43518|(875.3, 609.0)
53.46934|(879.0, 604.9)
53.48529|(880.9, 611.3)
53.50225|(883.6, 610.9)
53.51853|(883.9, 613.4)
53.53486|(885.1, 611.6)
53.55239|(885.4, 612.9)
53.56833|(885.3, 613.9)
53.58616|(888.9, 614.9)
53.60181|(891.2, 615.7)
53.61892|(894.2, 616.8)
53.63541|(894.2, 617.3)
53.65225|(893.7, 617.5)
53.66857|(893.6, 617.7)
53.68545|(888.8, 620.0)
53.70224|(883.3, 621.6)
53.71864|(882.4, 622.3)
53.73553|(882.6, 622.2)
53.75229|(881.0, 621.2)
53.76985|(879.5, 619.5)
53.78564|(872.7, 620.2)
53.81898|(814.2, 626.4)
53.83564|(804.4, 627.6)
53.86921|(800.5, 627.5)
53.88645|(815.1, 624.1)
53.90271|(796.1, 626.5)
53.92052|(790.7, 625.7)
53.95269|(790.0, 625.7)
53.96916|(794.1, 627.3)
53.98588|(809.6, 631.9)
54.0028|(818.2, 633.1)
54.0192|(831.0, 630.1)
54.03585|(840.8, 629.2)
54.05326|(837.8, 630.4)
54.20245|(902.7, 607.5)
54.21921|(897.9, 620.4)
54.23595|(893.6, 629.3)
54.25237|(895.5, 629.0)
54.26898|(898.1, 633.6)
54.28617|(899.6, 636.9)
54.30295|(897.9, 631.6)
54.31981|(901.4, 632.5)
54.3523|(904.4, 629.8)
54.36937|(903.1, 628.4)
54.38624|(921.3, 624.4)
54.40301|(951.7, 622.0)
54.41943|(959.8, 623.0)
54.43618|(968.0, 621.6)
54.45335|(966.7, 623.8)
54.47028|(965.5, 624.9)
54.50306|(964.9, 622.8)
54.51975|(966.0, 620.5)
54.53674|(969.3, 619.5)
54.55295|(970.0, 620.8)
54.5699|(973.5, 619.3)
54.58688|(979.3, 619.9)
54.60332|(986.1, 619.2)
54.62061|(1004.4, 617.4)
54.65273|(1053.2, 609.1)
54.67021|(1061.2, 610.9)
54.68641|(1062.0, 611.6)
54.70344|(1058.3, 614.3)
54.72076|(1058.3, 613.6)
54.73677|(1057.4, 613.1)
54.75354|(1058.3, 612.9)
54.77054|(1063.5, 610.2)
54.80353|(1064.6, 609.3)
54.82006|(1064.6, 607.8)
54.83696|(1065.0, 604.6)
54.85378|(1063.7, 615.0)
54.87033|(1063.6, 612.9)
54.88707|(1062.9, 616.5)
54.90357|(1066.5, 615.5)
54.9202|(1068.2, 616.6)
54.95349|(1073.0, 615.6)
54.97041|(1076.8, 615.8)
54.98751|(1083.7, 617.8)
55.00347|(1089.0, 618.8)
55.02062|(1106.5, 620.7)
55.03775|(1107.8, 621.0)
55.0547|(1108.5, 619.6)
55.07171|(1110.6, 619.3)
55.08852|(1112.7, 618.0)
55.10518|(1112.3, 617.2)
55.12206|(1111.3, 616.3)
55.13815|(1107.4, 618.1)
55.15443|(1101.3, 621.6)
55.17129|(1102.4, 623.6)
55.18777|(1102.5, 623.2)
55.20492|(1102.4, 622.8)
55.22174|(1105.2, 621.7)
55.23837|(1107.2, 621.1)
55.25578|(1130.3, 620.5)
55.27192|(1187.8, 623.2)
55.2882|(1199.0, 624.4)
55.30485|(1196.8, 631.6)
55.32137|(1199.3, 632.2)
55.33897|(1198.6, 638.5)
55.35526|(1199.5, 635.4)
55.3722|(1201.7, 638.0)
55.38922|(1200.0, 645.8)
55.40561|(1200.7, 638.1)
55.42177|(1200.2, 639.3)
55.43829|(1200.5, 639.1)
55.45509|(1202.1, 640.7)
55.47221|(1203.0, 643.4)
55.48862|(1203.8, 643.6)
55.50583|(1203.3, 642.1)
55.52248|(1203.1, 642.2)
55.53893|(1203.2, 642.6)
55.55613|(1201.8, 647.9)
55.57208|(1200.8, 651.1)
55.58958|(1200.5, 650.9)
55.6054|(1202.4, 641.3)
55.62226|(1199.9, 639.2)
55.63919|(1199.1, 633.4)
55.65602|(1197.3, 632.9)
55.67276|(1198.1, 634.0)
55.70559|(1194.4, 633.7)
55.72359|(1195.3, 634.9)
55.73898|(1191.0, 642.1)
55.75581|(1147.6, 643.2)
55.77251|(1141.4, 643.6)
55.78944|(1135.9, 643.6)
55.80591|(1137.6, 642.8)
55.82289|(1133.4, 641.9)
55.84008|(1121.0, 639.7)
55.856|(1117.2, 641.6)
55.87322|(1114.7, 640.6)
55.88896|(1112.3, 640.2)
55.90618|(1112.1, 639.3)
55.92317|(1112.4, 638.3)
55.93958|(1114.7, 637.4)
55.95642|(1116.0, 636.7)
55.97382|(1116.8, 636.6)
55.98969|(1119.0, 635.8)
56.00629|(1118.2, 641.9)
56.02279|(1117.9, 645.2)
56.03887|(1118.4, 644.0)
56.05635|(1120.4, 643.4)
56.07223|(1121.7, 641.9)
56.08967|(1122.7, 640.6)
56.10533|(1123.4, 639.8)
56.12219|(1123.2, 640.5)
56.15577|(1126.7, 652.4)
56.1727|(1126.8, 651.0)
56.18892|(1129.3, 642.5)
56.2065|(1129.9, 642.2)
56.22261|(1130.3, 642.1)
56.23961|(1129.0, 640.0)
56.2555|(1125.2, 636.8)
56.27238|(1126.9, 638.1)
56.30653|(1129.4, 632.4)
56.32256|(1130.3, 632.9)
56.33968|(1139.8, 633.4)
56.35617|(1148.8, 632.8)
56.3728|(1165.8, 627.1)
56.38978|(1168.9, 624.7)
56.40583|(1169.0, 624.3)
56.42272|(1167.8, 622.8)
56.45642|(1161.7, 615.5)
56.47303|(1163.0, 617.8)
56.48989|(1140.9, 614.6)
56.50636|(731.3, 529.7)
56.52283|(727.6, 519.9)
56.55605|(718.5, 514.7)
56.57295|(722.3, 501.3)
56.60617|(723.9, 498.2)
56.62319|(726.3, 497.1)
56.65649|(727.7, 490.7)
56.65649|(731.6, 490.0)
56.69052|(732.9, 488.7)
56.70679|(734.0, 489.6)
56.72366|(726.5, 498.7)
56.7569|(721.8, 505.9)
56.77353|(719.0, 506.3)
56.79025|(711.9, 506.3)
56.80681|(707.7, 507.5)
56.82393|(691.9, 513.5)
56.84042|(687.3, 516.0)
56.85682|(685.8, 518.1)
56.87336|(686.5, 517.8)
56.90705|(687.4, 521.8)
56.92348|(683.3, 526.8)
56.94037|(682.9, 527.2)
56.95709|(683.0, 526.6)
56.97413|(682.5, 520.7)
56.99025|(682.5, 521.1)
57.00675|(680.6, 525.5)
57.02375|(680.4, 523.1)
57.05761|(677.8, 528.2)
57.07434|(673.8, 541.0)
57.09147|(672.1, 551.1)
57.10818|(672.5, 553.4)
57.12456|(671.2, 557.1)
57.14142|(670.2, 560.6)
57.15895|(669.3, 560.5)
57.17397|(668.2, 561.8)
57.20783|(666.8, 560.3)
57.22429|(666.4, 561.2)
57.24128|(666.6, 561.0)
57.25813|(666.7, 559.5)
57.27467|(667.3, 561.3)
57.2922|(668.3, 557.7)
57.3084|(667.4, 557.3)
57.32495|(668.7, 546.8)
57.35824|(676.1, 514.2)
57.37483|(679.9, 503.8)
57.39196|(682.5, 498.1)
57.40824|(688.3, 487.0)
57.42511|(692.7, 475.6)
57.44229|(695.0, 467.0)
57.4589|(693.6, 465.7)
57.47577|(692.8, 462.7)
57.50842|(695.3, 462.1)
57.52514|(697.4, 460.9)
57.54203|(698.0, 459.9)
57.55873|(696.7, 459.5)
57.57594|(696.7, 459.2)
57.59277|(697.8, 460.2)
57.60975|(696.8, 465.1)
57.6252|(683.2, 501.7)
57.65895|(680.4, 509.6)
57.67503|(679.0, 517.2)
57.69206|(679.6, 527.6)
57.70879|(679.7, 526.3)
57.87611|(685.9, 464.4)
57.89287|(708.1, 474.6)
57.90962|(724.2, 482.1)
57.92578|(725.3, 482.5)
57.9593|(725.5, 482.0)
57.97558|(720.8, 486.2)
57.99281|(721.6, 483.8)
58.00915|(725.4, 491.9)
58.0441|(727.6, 490.7)
58.06005|(730.6, 488.1)
58.07581|(742.5, 483.9)
58.10911|(752.9, 480.7)
58.12629|(758.8, 479.1)
58.14311|(772.1, 475.7)
58.15939|(794.6, 470.0)
58.17654|(798.8, 471.0)
58.19408|(799.2, 470.3)
58.20948|(798.3, 471.5)
58.22606|(799.0, 477.3)
58.25953|(802.9, 479.6)
58.27616|(803.5, 479.8)
58.29269|(804.3, 479.2)
58.31038|(804.5, 478.7)
58.32664|(802.5, 478.2)
58.34389|(801.9, 478.2)
58.35976|(803.3, 473.5)
58.37642|(803.4, 473.4)
58.40998|(803.4, 475.4)
58.42673|(803.8, 472.7)
58.4431|(807.4, 472.0)
58.46091|(783.2, 475.5)
58.47774|(756.9, 478.4)
58.49456|(745.5, 478.4)
58.51033|(741.0, 478.3)
58.52676|(728.5, 480.0)
58.55981|(726.1, 480.0)
58.57732|(725.8, 479.7)
58.59356|(725.8, 483.3)
58.61067|(728.3, 488.2)
58.62739|(731.2, 487.0)
58.64456|(733.8, 485.7)
58.66009|(736.0, 483.4)
58.67693|(776.8, 476.3)
58.71023|(792.9, 472.7)
58.72705|(803.4, 471.0)
58.74416|(815.4, 469.7)
58.76097|(823.4, 467.9)
58.7782|(822.3, 466.3)
58.79379|(821.4, 463.8)
58.81038|(822.0, 463.2)
58.82707|(822.9, 462.2)
58.86114|(827.1, 464.2)
58.87736|(828.2, 465.0)
58.89384|(828.8, 467.2)
58.91119|(828.8, 471.4)
58.92789|(828.7, 475.3)
58.94449|(831.2, 467.4)
58.96071|(832.0, 463.5)
58.9772|(828.9, 461.7)
59.01063|(829.1, 457.9)
59.02827|(834.2, 460.7)
59.04392|(837.0, 461.0)
59.06066|(837.7, 461.1)
59.07701|(876.2, 462.0)
59.09402|(886.6, 461.5)
59.11104|(908.8, 463.0)
59.12725|(920.2, 463.5)
59.16057|(922.0, 466.1)
59.17751|(919.0, 467.0)
59.19498|(919.6, 470.1)
59.2109|(918.9, 471.4)
59.22752|(918.5, 471.5)
59.24449|(918.5, 470.8)
59.2613|(918.9, 469.0)
59.27771|(919.5, 468.6)
59.31093|(919.6, 466.2)
59.32758|(920.5, 464.4)
59.34441|(979.0, 464.7)
59.36201|(1028.1, 465.8)
59.37741|(1051.5, 466.3)
59.3944|(1053.9, 466.2)
59.41104|(1054.3, 465.8)
59.42778|(1055.6, 464.9)
59.46109|(1060.0, 464.8)
59.47812|(1060.6, 465.0)
59.49474|(1058.9, 465.2)
59.5113|(1058.4, 461.2)
59.52791|(1058.6, 460.3)
59.5448|(1056.0, 458.8)
59.56155|(1053.9, 457.1)
59.57827|(1054.2, 458.1)
59.6114|(1052.3, 456.2)
59.62794|(1056.2, 462.9)
59.64497|(1058.6, 462.0)
59.681|(1062.1, 459.1)
59.71153|(1070.2, 452.6)
59.76173|(1080.1, 447.7)
59.77922|(1089.9, 441.4)
59.79504|(1088.7, 439.5)
59.812|(1090.4, 440.1)
59.82883|(1090.0, 439.7)
59.8455|(1090.4, 440.7)
59.86202|(1093.2, 441.2)
59.87857|(1093.3, 441.8)
59.91259|(1095.0, 443.2)
59.92875|(1094.8, 444.0)
59.94708|(1094.8, 445.3)
59.96197|(1094.1, 447.7)
59.97865|(1093.7, 448.4)
59.99594|(1093.3, 449.5)
60.01229|(1093.0, 449.9)
60.02963|(1090.0, 450.1)
60.06271|(1089.5, 450.5)
60.08023|(1090.4, 448.6)
60.09646|(1091.3, 445.5)
60.11371|(1090.6, 445.6)
60.13039|(1086.5, 444.1)
60.1467|(1088.1, 444.2)
60.1632|(926.1, 426.5)
60.17965|(845.3, 416.5)
60.22983|(777.1, 407.7)
60.26345|(771.2, 403.3)
60.29656|(768.9, 397.5)
60.31335|(762.6, 381.4)
60.32981|(750.3, 358.5)
60.36306|(748.2, 355.8)
60.38003|(745.1, 351.8)
60.39719|(744.5, 351.1)
60.41433|(742.6, 349.2)
60.43066|(745.5, 350.5)
60.4474|(746.6, 349.9)
60.4636|(745.6, 350.8)
60.48085|(743.8, 350.2)
60.51359|(743.3, 348.9)
60.53047|(740.1, 348.2)
60.54754|(832.0, 344.0)
60.56418|(880.6, 341.0)
60.5813|(897.1, 342.2)
60.59745|(898.6, 342.0)
60.61406|(898.8, 342.6)
60.63042|(900.4, 344.0)
60.66379|(900.6, 344.1)
60.68091|(899.6, 344.7)
60.6978|(897.6, 347.3)
60.71468|(898.2, 349.6)
60.73061|(908.9, 351.1)
60.7643|(904.9, 350.8)
60.81452|(938.7, 349.9)
60.84792|(961.7, 357.8)
60.89754|(980.3, 366.6)
60.91405|(978.3, 363.3)
60.96448|(977.3, 360.7)
60.98143|(978.5, 367.0)
60.99873|(977.3, 366.6)
61.03111|(939.5, 344.5)
61.04723|(776.1, 266.8)
61.06377|(781.8, 264.3)
61.08067|(763.7, 255.8)
61.11406|(743.1, 249.4)
61.14734|(739.9, 252.9)
61.16475|(741.9, 253.6)
61.19742|(746.1, 254.8)
61.21412|(744.7, 255.1)
61.24759|(745.4, 254.8)
61.26525|(743.6, 255.6)
61.28073|(735.1, 258.6)
61.29774|(733.3, 262.5)
61.31398|(750.1, 263.7)
61.33112|(766.6, 267.8)
61.34795|(776.0, 267.6)
61.36454|(788.7, 264.4)
61.38108|(794.2, 255.7)
61.41482|(807.4, 262.1)
61.43194|(809.2, 261.5)
61.44844|(808.4, 263.8)
61.46525|(810.4, 264.4)
61.48236|(810.4, 264.4)
61.49814|(809.1, 263.3)
61.51479|(809.4, 262.4)
61.5313|(810.5, 259.1)
61.56507|(894.4, 248.4)
61.5819|(910.7, 249.7)
61.59784|(917.9, 250.7)
61.61528|(917.7, 250.9)
61.63192|(916.1, 253.0)
61.64851|(918.3, 253.7)
61.66491|(919.6, 254.2)
61.68176|(924.6, 249.5)
61.69851|(922.4, 250.3)
61.71571|(922.8, 249.0)
61.74891|(923.2, 248.3)
61.76566|(923.8, 248.5)
61.78188|(915.0, 260.7)
61.79862|(807.9, 416.7)
61.8156|(798.6, 426.8)
61.83177|(785.2, 446.7)
61.86575|(783.2, 448.1)
61.8822|(781.4, 448.4)
61.91545|(781.4, 445.3)
61.93209|(779.3, 448.5)
61.94876|(777.6, 448.4)
61.96526|(778.1, 445.7)
61.98209|(778.4, 446.9)
62.01639|(781.4, 445.4)
62.03181|(781.5, 447.8)
62.04876|(780.6, 450.4)
62.06542|(781.5, 451.7)
62.08241|(786.4, 456.6)
62.0989|(797.2, 456.8)
62.11566|(835.6, 458.2)
62.13233|(859.3, 460.0)
62.14954|(887.0, 462.2)
62.16558|(894.9, 463.3)
62.18234|(891.7, 462.9)
62.19881|(891.5, 462.8)
62.21605|(890.6, 460.0)
62.2323|(890.9, 459.5)
62.24947|(893.5, 457.8)
62.26606|(893.6, 458.7)
62.28297|(893.6, 458.0)
62.31682|(892.8, 457.4)
62.33267|(891.0, 456.3)
62.34929|(890.9, 456.1)
62.36613|(894.2, 449.8)
62.38283|(896.3, 449.1)
62.40017|(896.5, 448.7)
62.41631|(897.0, 448.1)
62.43358|(969.2, 448.8)
62.46701|(1000.1, 449.9)
62.48324|(1007.6, 450.3)
62.49974|(1010.0, 455.0)
62.51686|(1009.2, 455.4)
62.53301|(1010.8, 454.9)
62.54961|(1012.4, 453.5)
62.56621|(1014.4, 453.1)
62.58351|(1016.7, 451.5)
62.60034|(1018.7, 452.4)
62.61665|(1019.1, 453.6)
62.63313|(1016.5, 455.7)
62.64991|(1014.5, 455.9)
62.6667|(1011.3, 455.9)
62.68334|(1010.6, 454.7)
62.70046|(1007.1, 452.2)
62.71643|(1001.0, 450.9)
62.73373|(830.2, 400.6)
62.75069|(790.5, 387.6)
62.76664|(779.4, 380.5)
62.78336|(773.9, 373.1)
62.8001|(759.7, 369.5)
62.81684|(763.3, 364.1)
62.83368|(765.4, 365.8)
62.85049|(766.2, 363.9)
62.86684|(768.3, 365.6)
62.88396|(769.4, 365.5)
63.0511|(830.2, 351.6)
63.06773|(820.6, 366.3)
63.08435|(822.4, 361.4)
63.10101|(823.3, 357.2)
63.11742|(823.6, 356.4)
63.13451|(825.9, 346.3)
63.1513|(825.3, 348.3)
63.16823|(824.9, 349.2)
63.18509|(822.6, 356.1)
63.21884|(827.9, 355.3)
63.23517|(851.5, 358.6)
63.25159|(875.8, 361.1)
63.26846|(896.9, 362.4)
63.28479|(908.7, 363.5)
63.30201|(921.8, 363.4)
63.31786|(932.2, 362.5)
63.33495|(939.1, 362.0)
63.36941|(939.2, 366.3)
63.40242|(939.2, 366.3)
63.41879|(941.5, 359.0)
63.45247|(941.2, 357.0)
63.46814|(936.9, 359.7)
63.50231|(937.0, 356.8)
63.51826|(936.2, 361.0)
63.53506|(952.8, 361.7)
63.55199|(950.7, 360.7)
63.56851|(1020.2, 362.3)
63.58516|(1042.2, 363.4)
63.60204|(1054.2, 363.8)
63.61839|(1084.6, 363.6)
63.63537|(1091.3, 363.9)
63.65253|(1106.7, 358.5)
63.66928|(1101.3, 361.0)
63.68626|(1102.8, 360.1)
63.70182|(1099.4, 360.2)
63.71867|(1100.7, 360.2)
63.73552|(1097.7, 361.4)
63.75204|(1096.3, 362.4)
63.76897|(1088.9, 368.2)
63.78598|(1086.6, 370.9)
63.81968|(1110.1, 368.8)
63.85226|(1116.3, 365.2)
63.86925|(1127.4, 361.3)
63.91928|(1140.1, 362.3)
63.95331|(1150.4, 366.1)
63.96929|(1148.0, 365.1)
64.00302|(1145.7, 362.9)
64.01929|(1133.7, 356.4)
64.05215|(1101.4, 355.6)
64.06873|(776.5, 363.2)
64.11898|(706.5, 367.9)
64.13577|(703.7, 372.3)
64.16898|(705.6, 370.5)
64.18572|(705.0, 371.3)
64.20314|(708.6, 348.5)
64.22013|(709.4, 340.1)
64.25251|(712.4, 316.1)
64.26875|(726.4, 287.1)
64.31924|(730.7, 275.4)
64.35312|(740.3, 260.6)
64.40319|(734.0, 254.1)
64.45316|(807.4, 252.2)
64.48653|(872.8, 259.7)
64.5036|(879.0, 255.8)
64.55287|(888.6, 254.6)
64.58634|(889.7, 254.7)
64.63643|(891.4, 255.8)
64.65389|(891.0, 254.9)
64.67048|(890.9, 254.8)
64.70348|(1049.5, 286.6)
64.72|(1068.4, 289.3)
64.77019|(1083.9, 291.6)
64.80406|(1083.4, 290.5)
64.85329|(1074.9, 299.7)
64.90344|(1107.7, 297.8)
64.95441|(1124.9, 301.3)
65.03726|(1132.0, 297.9)
65.08739|(1176.0, 294.3)
65.10407|(1167.6, 294.0)
65.12199|(1170.5, 294.6)
65.17081|(1149.1, 294.8)
65.22102|(1150.0, 293.1)
65.25453|(1187.9, 287.3)
65.30417|(1183.6, 290.0)
65.32153|(1181.1, 289.9)
65.3548|(1165.4, 287.6)
65.40495|(1134.8, 288.7)
65.42191|(1031.8, 303.4)
65.47148|(798.6, 360.7)
65.48829|(753.1, 366.2)
65.52168|(769.8, 358.7)
65.53802|(766.1, 358.5)
65.55517|(764.1, 357.8)
65.57235|(763.9, 357.6)
65.60472|(758.4, 356.3)
65.62199|(754.9, 350.5)
65.65543|(742.9, 342.1)
65.67181|(742.3, 345.2)
65.70567|(750.7, 355.0)
65.75542|(760.6, 365.5)
65.78883|(768.1, 365.1)
65.80511|(767.3, 363.5)
65.8387|(767.3, 361.7)
65.85617|(766.0, 362.4)
65.87205|(758.1, 360.3)
65.90556|(756.7, 360.5)
65.92247|(756.0, 362.8)
65.93906|(755.3, 367.9)
65.95569|(749.0, 383.9)
65.97254|(741.0, 412.8)
65.98914|(739.2, 420.6)
66.00626|(739.1, 423.9)
66.02306|(738.4, 431.1)
66.05582|(738.6, 428.3)
66.07308|(740.8, 428.0)
66.08929|(741.8, 425.9)
66.10607|(742.3, 426.0)
66.12288|(746.3, 421.0)
66.15642|(744.2, 421.7)
66.20644|(743.6, 421.8)
66.22317|(742.9, 423.1)
66.23978|(933.1, 332.9)
66.25684|(1001.5, 300.7)
66.27331|(1092.0, 257.5)
66.29016|(1093.1, 255.8)
66.30717|(1095.0, 253.5)
66.35724|(1094.1, 252.3)
66.38956|(1092.1, 252.8)
66.40656|(1089.9, 253.3)
66.44038|(1093.4, 248.4)
66.45753|(1106.7, 238.3)
66.47358|(1121.6, 231.8)
66.52336|(1148.0, 221.7)
66.57357|(1150.0, 224.5)
66.59063|(1140.6, 229.3)
66.6078|(1138.4, 232.7)
66.65742|(1138.1, 235.0)
66.69005|(1142.4, 237.4)
66.70692|(1150.7, 239.8)
66.74107|(1154.1, 239.9)
66.77363|(1154.1, 240.3)
66.82374|(1156.8, 246.4)
66.84088|(1157.9, 249.1)
66.85798|(1157.1, 248.5)
66.87469|(1154.0, 244.0)
66.89141|(1143.3, 241.1)
66.92405|(1149.0, 242.4)
66.97385|(1143.3, 234.2)
66.99068|(1129.4, 221.0)
67.02485|(1131.8, 220.7)
67.05814|(1139.2, 220.1)
67.07442|(1144.8, 218.6)
67.10822|(1147.7, 217.8)
67.12445|(1148.4, 217.4)
67.15781|(1146.7, 218.9)
67.17448|(1147.4, 219.0)
67.19183|(1149.1, 219.8)
67.20781|(1142.7, 219.4)
67.2243|(1136.2, 220.0)
67.25798|(1130.0, 220.9)
67.2743|(1129.3, 221.9)
67.29152|(1128.6, 221.4)
67.30915|(1108.3, 226.8)
67.3252|(1104.8, 232.3)
67.34225|(1104.2, 233.3)
67.35882|(1104.0, 233.9)
67.37497|(1100.0, 236.4)
67.408|(1089.7, 250.6)
67.42512|(1093.8, 248.3)
67.44171|(1098.8, 246.7)
67.45839|(1091.4, 244.9)
67.47529|(1096.2, 243.7)
67.49179|(1101.5, 241.9)
67.50913|(1112.9, 241.4)
67.52518|(1104.9, 251.1)
67.55852|(1117.2, 242.8)
67.57494|(1119.4, 246.4)
67.59246|(1120.3, 246.9)
67.60841|(1123.1, 245.8)
67.62548|(1128.4, 245.0)
67.64256|(1133.6, 244.5)
67.65905|(1139.0, 244.6)
67.7084|(1152.0, 245.1)
67.74216|(1151.7, 245.4)
67.75904|(843.7, 309.8)
67.77641|(738.9, 328.5)
67.79245|(737.4, 328.6)
67.82539|(734.7, 328.5)
67.87572|(730.9, 330.3)
67.89256|(729.6, 333.1)
67.90938|(727.6, 331.5)
67.92664|(732.4, 331.4)
67.94249|(732.1, 330.3)
67.95916|(732.3, 332.1)
67.97543|(791.9, 335.4)
68.00918|(821.0, 338.4)
68.02661|(848.9, 338.1)
68.04332|(854.2, 336.2)
68.05948|(860.3, 336.2)
68.07703|(860.8, 335.6)
68.094|(859.7, 335.8)
68.10982|(850.5, 339.1)
68.12618|(845.4, 339.2)
68.15939|(845.8, 341.9)
68.17628|(849.0, 339.2)
68.19316|(851.1, 339.4)
68.20968|(859.7, 338.3)
68.22676|(859.9, 336.4)
68.24387|(864.2, 333.6)
68.26086|(862.9, 332.2)
68.27699|(864.8, 329.4)
68.30968|(862.9, 328.7)
68.32678|(823.8, 319.9)
68.34366|(791.8, 312.2)
68.36054|(777.3, 309.0)
68.3771|(767.0, 306.5)
68.39412|(733.3, 298.9)
68.41026|(730.7, 301.2)
68.42708|(729.4, 301.3)
68.46004|(729.7, 302.9)
68.47687|(729.3, 304.2)
68.49375|(727.7, 306.1)
68.51105|(727.5, 305.4)
68.52743|(716.6, 322.1)
68.54424|(715.5, 323.5)
68.56119|(718.0, 320.8)
68.57726|(718.0, 321.3)
68.6104|(721.0, 321.3)
68.62749|(718.9, 321.6)
68.64426|(718.1, 322.4)
68.66106|(716.7, 325.8)
68.67774|(715.4, 326.0)
68.69477|(714.6, 326.2)
68.72813|(718.9, 323.6)
68.76071|(718.9, 322.2)
68.77736|(716.4, 320.9)
68.79433|(716.2, 321.3)
68.81107|(717.1, 322.7)
68.82846|(718.5, 328.3)
68.84625|(718.0, 327.2)
68.8617|(717.1, 330.5)
68.87769|(717.6, 333.3)
68.9106|(719.2, 331.2)
68.92804|(720.2, 331.8)
68.9446|(720.6, 331.6)
68.96153|(723.9, 332.6)
68.97839|(725.7, 333.7)
68.99528|(740.0, 332.6)
69.01129|(846.2, 330.7)
69.02811|(851.8, 331.0)
69.06157|(862.0, 331.7)
69.07874|(863.5, 332.6)
69.09456|(864.2, 335.0)
69.11231|(861.7, 337.0)
69.12817|(861.0, 339.7)
69.14584|(860.1, 340.5)
69.16215|(861.1, 339.2)
69.17845|(861.4, 339.2)
69.21128|(860.5, 340.5)
69.22792|(860.8, 340.1)
69.24559|(863.1, 339.7)
69.26244|(864.9, 340.4)
69.27887|(865.0, 340.2)
69.31221|(874.0, 336.4)
69.36186|(1107.3, 348.4)
69.39539|(1182.7, 349.1)
69.41316|(1182.6, 348.3)
69.42979|(1181.9, 347.3)
69.44556|(1185.1, 340.5)
69.46225|(1186.0, 335.9)
69.47899|(1186.9, 336.2)
69.51215|(1186.4, 337.2)
69.52885|(1186.9, 340.6)
69.54591|(1186.7, 340.3)
69.56251|(1186.9, 342.3)
69.57945|(1186.8, 341.6)
69.59572|(1186.7, 339.2)
69.62881|(1174.9, 339.7)
69.67891|(1154.6, 338.6)
69.71302|(1084.3, 331.7)
69.74603|(736.6, 320.0)
69.76297|(736.7, 322.4)
69.81226|(734.8, 324.4)
69.83007|(735.8, 323.7)
69.84644|(737.1, 320.0)
69.8638|(734.5, 319.7)
69.89664|(729.0, 326.7)
69.91273|(727.5, 327.2)
69.92916|(727.6, 328.0)
69.96288|(727.3, 329.3)
69.97971|(726.8, 329.7)
69.99649|(712.3, 317.0)
70.01331|(705.2, 308.3)
70.02994|(700.8, 295.9)
70.04686|(700.9, 302.3)
70.06317|(701.1, 301.8)
70.07944|(698.9, 300.5)
70.11382|(699.9, 301.4)
70.12946|(699.0, 301.1)
70.14703|(698.2, 301.5)
70.16351|(704.6, 269.2)
70.17984|(706.0, 264.1)
70.197|(706.3, 260.2)
70.21311|(706.5, 258.9)
70.22994|(707.5, 256.2)
70.26306|(708.9, 256.2)
70.28003|(709.0, 256.2)
70.43108|(766.4, 360.1)
70.44772|(761.0, 337.1)
70.46465|(756.7, 345.6)
70.48148|(757.4, 350.1)
70.49817|(763.6, 342.8)
70.5144|(763.2, 340.2)
70.53064|(762.2, 338.6)
70.56372|(762.8, 333.8)
70.58068|(763.2, 335.8)
70.59814|(764.6, 332.4)
70.61404|(757.8, 331.3)
70.63155|(754.7, 329.4)
70.64743|(754.7, 328.4)
70.66397|(756.4, 329.2)
70.68063|(755.5, 329.1)
70.71423|(756.4, 329.9)
70.73075|(756.9, 331.3)
70.74832|(749.1, 319.2)
70.76503|(730.9, 275.2)
70.78139|(729.5, 269.0)
70.79793|(729.4, 266.0)
70.81413|(724.5, 262.8)
70.83096|(723.0, 261.1)
70.8644|(724.4, 258.3)
70.88118|(724.4, 259.8)
70.89873|(721.2, 261.5)
70.91479|(724.0, 262.3)
70.93174|(723.6, 263.3)
70.94795|(723.5, 264.9)
70.9651|(724.0, 265.3)
70.98081|(725.5, 265.8)
71.01497|(806.8, 247.7)
71.03229|(842.2, 240.9)
71.04866|(849.0, 239.0)
71.06544|(852.0, 235.0)
71.08207|(854.4, 232.7)
71.09848|(855.7, 236.2)
71.11452|(855.8, 237.1)
71.13113|(855.1, 240.1)
71.16496|(854.3, 243.3)
71.18198|(854.6, 243.5)
71.19868|(853.6, 246.6)
71.21592|(922.5, 244.2)
71.23223|(944.2, 244.3)
71.24844|(958.5, 244.6)
71.26466|(961.8, 244.6)
71.28152|(972.2, 250.0)
71.31532|(979.7, 248.0)
71.33226|(986.7, 250.1)
71.34926|(988.6, 250.2)
71.3658|(988.3, 251.1)
71.38232|(987.4, 251.7)
71.39926|(985.8, 251.9)
71.41631|(984.0, 252.5)
71.43224|(982.9, 253.2)
71.46551|(981.2, 253.3)
71.48291|(980.8, 252.9)
71.49957|(1105.1, 244.2)
71.51583|(1115.5, 241.8)
71.53231|(1129.4, 240.9)
71.54915|(1133.0, 244.2)
71.56554|(1134.7, 245.0)
71.58209|(1134.7, 244.8)
71.61565|(1135.0, 245.1)
71.633|(1136.9, 246.5)
71.64976|(1140.1, 247.3)
71.68283|(1141.8, 247.9)
71.69898|(1147.4, 249.0)
71.71544|(1505.7, 478.7)
71.73339|(1623.5, 550.5)
71.76625|(1768.8, 636.3)
71.78326|(1765.7, 626.3)
71.79958|(1763.6, 619.9)
71.81668|(1765.4, 621.2)
71.83299|(1766.9, 621.5)
71.84933|(1765.0, 617.5)
71.86587|(1766.8, 616.2)
71.88316|(1766.6, 614.6)
71.91629|(1768.8, 614.2)
71.93321|(1761.8, 613.0)
71.95041|(1756.2, 611.9)
71.96713|(1755.1, 609.7)
71.98311|(1751.6, 605.3)
71.99949|(1748.9, 601.3)
72.01584|(1739.3, 596.3)
72.03309|(1686.5, 564.0)
72.06645|(1531.7, 490.7)
72.08355|(1361.1, 409.4)
72.09986|(1333.5, 393.8)
72.11628|(1180.5, 322.4)
72.13288|(1191.3, 327.6)
72.14953|(1053.7, 251.7)
72.16647|(1054.4, 249.5)
72.18355|(1058.0, 247.6)
72.21664|(1058.7, 245.7)
72.23379|(1060.2, 245.7)
72.24944|(1065.4, 242.2)
72.26676|(1071.2, 240.1)
72.2832|(1089.1, 230.3)
72.29974|(1095.5, 226.1)
72.31667|(1093.5, 227.0)
72.33338|(1099.3, 223.4)
72.36729|(1114.7, 215.7)
72.38321|(1117.9, 218.4)
72.40121|(1118.3, 219.4)
72.41696|(1118.9, 221.0)
72.43346|(1118.5, 221.2)
72.45002|(1119.5, 222.5)
72.46658|(1121.1, 223.7)
72.48441|(1122.4, 223.9)
72.50058|(1127.2, 223.4)
72.51814|(1125.7, 222.4)
72.5342|(1122.1, 215.9)
72.55024|(1123.0, 218.5)
72.56686|(1123.7, 222.2)
72.58333|(1127.0, 223.3)
72.60024|(1135.5, 224.1)
72.61703|(1134.3, 223.0)
72.63416|(1139.9, 224.3)
72.66743|(1144.8, 222.2)
72.68483|(1142.4, 226.1)
72.70061|(1143.9, 225.0)
72.7171|(1146.9, 225.0)
72.73366|(1145.7, 226.6)
72.75047|(1147.6, 227.9)
72.76807|(1147.4, 227.6)
72.78425|(1149.6, 226.9)
72.81775|(1151.6, 225.1)
72.83403|(1151.4, 225.0)
72.85073|(1150.3, 227.0)
72.86755|(1149.2, 227.6)
72.88403|(1147.5, 227.7)
72.90103|(1148.4, 226.6)
72.91777|(1150.7, 225.3)
72.93513|(1151.4, 224.9)
72.95121|(1152.2, 224.3)
72.96815|(1154.2, 223.5)
72.98468|(859.2, 602.9)
73.00124|(819.4, 662.9)
73.01791|(779.6, 715.4)
73.0346|(780.6, 717.9)
73.05125|(782.5, 716.9)
73.06815|(782.6, 717.1)
73.08553|(783.9, 718.3)
73.11883|(778.4, 715.1)
73.13583|(771.8, 720.6)
73.15237|(771.6, 720.1)
73.16836|(764.6, 738.7)
73.18498|(742.0, 799.4)
73.20197|(725.0, 838.6)
73.21863|(721.7, 846.9)
73.23522|(717.0, 859.0)
73.26871|(712.6, 873.4)
73.28553|(713.1, 875.3)
73.30146|(716.0, 875.4)
73.31818|(716.3, 873.1)
73.33486|(716.8, 872.1)
73.35149|(715.2, 867.5)
73.36828|(714.5, 864.7)
73.38541|(715.1, 862.4)
73.40241|(714.2, 860.8)
73.41961|(712.3, 861.3)
73.43588|(708.8, 862.3)
73.45185|(706.7, 860.1)
73.4687|(706.2, 859.6)
73.48573|(705.4, 859.9)
73.50172|(707.2, 867.8)
73.51876|(707.0, 926.4)
73.53561|(708.2, 963.7)
73.56999|(714.8, 1036.8)
73.58585|(719.2, 1032.2)
73.60227|(722.1, 1029.5)
73.61861|(719.2, 1030.5)
73.63599|(720.6, 1029.7)
73.65248|(719.8, 1029.4)
73.66911|(721.8, 1031.7)
73.68555|(722.5, 1033.0)
73.70329|(722.0, 1030.9)
73.72038|(721.9, 1026.3)
73.73618|(727.1, 1025.9)
73.7526|(725.7, 1026.2)
73.76914|(725.8, 1025.0)
73.78643|(722.8, 1030.4)
73.80268|(726.9, 1027.0)
73.81913|(724.3, 1030.7)
73.8362|(742.6, 1046.3)
73.85355|(773.5, 1064.9)
73.86961|(780.4, 1066.2)
73.88593|(810.8, 1078.4)
73.90305|(813.5, 1078.1)
73.91924|(813.5, 1084.9)
73.93626|(814.0, 1084.0)
73.9527|(815.2, 1083.4)
73.97034|(814.4, 1084.2)
73.98631|(815.2, 1084.9)
74.02017|(819.0, 1081.7)
74.03642|(824.1, 1083.1)
74.05311|(826.1, 1080.4)
74.06958|(835.7, 1088.4)
74.08669|(841.7, 1090.8)
74.10328|(866.9, 1090.2)
74.12031|(870.2, 1088.6)
74.13707|(873.2, 1088.4)
74.1704|(887.7, 1075.8)
74.18656|(886.6, 1072.6)
74.20341|(886.8, 1074.2)
74.21983|(884.4, 1080.5)
74.23699|(885.1, 1080.3)
74.25401|(884.2, 1078.8)
74.27016|(883.9, 1076.0)
74.28723|(884.0, 1070.9)
74.30386|(884.1, 1068.3)
74.31996|(886.4, 1065.1)
74.33692|(886.9, 1065.3)
74.35356|(889.1, 1065.7)
74.37055|(891.5, 1061.7)
74.38699|(891.5, 1060.3)
74.4043|(891.6, 1058.6)
74.42045|(891.3, 1057.8)
74.4371|(889.7, 1056.5)
74.45467|(890.8, 1054.2)
74.47098|(892.1, 1051.2)
74.48775|(891.8, 1051.8)
74.50372|(989.5, 941.0)
74.51993|(1126.9, 752.3)
74.53671|(1163.0, 663.1)
74.55336|(1171.1, 594.6)
74.57077|(1173.5, 534.8)
74.58746|(1174.0, 533.3)
74.60442|(1180.1, 380.9)
74.62142|(1180.0, 250.5)
74.63715|(1182.3, 234.0)
74.65362|(1185.7, 231.8)
74.67065|(1186.2, 226.9)
74.6871|(1188.4, 223.5)
74.70493|(1189.5, 227.9)
74.72087|(1189.1, 227.7)
74.73775|(1189.7, 228.0)
74.75507|(1188.8, 234.1)
74.77129|(1185.9, 239.1)
74.78767|(1183.2, 237.5)
74.804|(1184.0, 237.3)
74.82069|(1183.1, 236.4)
74.83791|(1183.0, 235.2)
74.85432|(1181.6, 229.9)
74.87093|(1182.2, 230.6)
74.88763|(1181.8, 228.0)
74.90515|(1179.6, 225.5)
74.92175|(1178.4, 225.0)
74.93756|(1183.3, 223.6)
74.95415|(1184.7, 222.0)
74.97082|(1184.1, 221.8)
74.98797|(1172.2, 237.2)
75.00446|(903.3, 608.3)
75.02232|(772.9, 841.6)
75.03824|(767.7, 849.2)
75.05447|(755.7, 867.1)
75.07123|(753.8, 868.9)
75.08803|(756.6, 857.6)
75.10442|(758.3, 855.4)
75.12138|(762.1, 860.0)
75.15491|(758.3, 862.1)
75.17231|(756.2, 873.7)
75.20492|(764.3, 915.2)
75.22143|(771.5, 942.2)
75.23783|(771.4, 945.8)
75.25452|(770.7, 945.7)
75.27133|(769.1, 964.9)
75.28806|(770.1, 968.8)
75.30541|(773.9, 985.4)
75.32236|(774.0, 982.8)
75.33888|(773.6, 983.7)
75.35521|(775.0, 986.7)
75.37224|(775.1, 985.0)
75.38826|(775.0, 982.7)
75.40507|(774.4, 980.0)
75.42212|(774.3, 980.0)
75.43843|(773.6, 980.5)
75.45564|(772.7, 982.6)
75.47234|(766.5, 983.2)
75.50504|(757.8, 982.9)
75.52174|(760.1, 982.4)
75.53857|(748.7, 975.3)
75.55482|(740.4, 971.4)
75.57214|(732.6, 967.6)
75.58838|(728.1, 965.7)
75.60556|(725.7, 962.9)
75.62215|(725.9, 960.4)
75.6552|(726.0, 957.9)
75.67225|(726.4, 956.9)
75.68829|(726.7, 958.0)
75.70528|(731.3, 961.0)
75.72222|(730.4, 963.4)
75.73929|(729.7, 964.0)
75.75635|(736.0, 958.7)
75.77347|(748.5, 956.4)
75.80553|(749.6, 954.3)
75.82222|(762.9, 953.2)
75.83942|(777.9, 952.3)
75.85587|(780.4, 951.9)
75.87248|(781.2, 952.8)
75.88883|(781.9, 958.8)
75.90607|(778.4, 959.4)
75.92371|(783.5, 960.0)
75.95553|(783.4, 955.4)
75.9726|(783.2, 956.4)
75.98948|(786.4, 959.4)
76.00585|(786.4, 959.6)
76.0226|(787.3, 954.3)
76.03972|(787.1, 954.5)
76.05686|(786.2, 955.0)
76.07349|(784.3, 959.5)
76.10714|(785.7, 955.2)
76.12256|(785.5, 954.2)
76.13963|(785.3, 953.6)
76.15638|(786.2, 953.6)
76.1732|(783.5, 956.4)
76.19025|(783.8, 956.3)
76.20723|(782.7, 960.8)
76.3234|(776.7, 966.0)
76.34034|(789.7, 956.4)
76.35722|(788.8, 954.6)
76.37442|(792.2, 952.0)
76.40786|(794.0, 951.5)
76.42413|(784.5, 950.1)
76.43989|(780.4, 952.1)
76.45661|(775.0, 953.9)
76.4733|(775.8, 954.4)
76.49032|(775.2, 954.8)
76.5073|(769.5, 955.8)
76.52364|(741.7, 966.0)
76.55719|(724.5, 973.3)
76.57336|(710.5, 981.7)
76.59037|(709.3, 977.5)
76.60689|(709.7, 975.1)
76.62424|(711.7, 979.4)
76.64103|(712.2, 976.6)
76.65809|(713.4, 972.3)
76.69101|(713.3, 972.9)
76.70738|(713.2, 970.4)
76.72431|(712.4, 971.2)
76.74057|(714.2, 972.1)
76.75748|(717.0, 972.6)
76.77472|(719.9, 970.1)
76.79084|(719.6, 968.5)
76.80872|(719.6, 968.2)
76.82476|(718.5, 968.6)
76.8581|(717.0, 968.5)
76.87411|(716.0, 928.4)
76.89088|(704.4, 884.3)
76.90804|(703.8, 884.1)
76.92391|(703.5, 883.3)
76.94133|(703.9, 884.2)
76.95859|(708.6, 881.1)
76.9748|(707.2, 880.6)
77.00768|(711.1, 873.3)
77.02438|(710.5, 873.3)
77.04124|(711.1, 875.1)
77.05769|(711.3, 874.4)
77.07434|(712.0, 873.7)
77.09197|(712.6, 877.9)
77.10801|(771.6, 886.1)
77.12437|(779.8, 883.8)
77.15845|(781.9, 884.5)
77.1746|(784.2, 884.4)
77.19141|(783.3, 883.1)
77.2085|(781.0, 879.3)
77.22497|(781.4, 882.0)
77.22497|(783.1, 888.4)
77.2582|(783.1, 889.9)
77.27473|(782.9, 895.2)
77.30818|(787.0, 896.5)
77.32438|(785.5, 897.4)
77.37547|(799.6, 930.8)
77.40855|(803.8, 943.9)
77.45853|(802.9, 944.7)
77.50872|(790.2, 991.3)
77.52543|(790.2, 991.3)
77.54295|(789.9, 1023.7)
77.64186|(788.0, 1026.5)
77.67598|(773.2, 1029.8)
77.70869|(777.2, 1028.8)
77.72491|(775.5, 1029.7)
77.75867|(778.5, 1031.5)
77.7756|(778.9, 1031.2)
77.80891|(781.8, 1029.0)
77.84218|(782.7, 1027.2)
77.85915|(781.3, 1026.9)
77.90924|(784.4, 1021.0)
77.9594|(784.3, 1020.5)
77.99216|(773.7, 1008.7)
78.07611|(781.3, 1012.9)
78.09258|(782.8, 1015.9)
78.12685|(776.8, 1011.1)
78.14314|(770.5, 1009.7)
78.1597|(770.5, 1011.6)
78.1763|(769.4, 1010.3)
78.20956|(768.1, 1008.8)
78.22638|(766.1, 1009.9)
78.24332|(764.7, 1011.9)
78.26007|(760.8, 1011.7)
78.29366|(759.5, 1015.2)
78.31076|(759.1, 1013.1)
78.35994|(763.5, 1017.0)
78.39391|(776.1, 1014.8)
78.41026|(784.3, 1009.8)
78.42785|(781.8, 1006.8)
78.44392|(779.9, 999.0)
78.46093|(778.2, 997.4)
78.47664|(773.4, 989.0)
78.5106|(772.3, 982.6)
78.52757|(779.9, 894.1)
78.54366|(780.9, 872.1)
78.5605|(782.5, 849.6)
78.57733|(787.8, 693.5)
78.59376|(786.4, 692.3)
78.61053|(784.6, 703.3)
78.62716|(786.0, 700.7)
78.66074|(779.5, 703.2)
78.67714|(779.1, 703.5)
78.69393|(780.2, 700.7)
78.71077|(785.6, 692.6)
78.72803|(782.4, 696.4)
78.74493|(785.0, 693.9)
78.76109|(814.3, 677.0)
78.77774|(832.9, 666.3)
78.81098|(842.6, 660.4)
78.82742|(855.1, 653.0)
78.84435|(881.2, 636.5)
78.86147|(921.0, 612.1)
78.87784|(920.6, 610.5)
78.89536|(914.7, 591.0)
78.91131|(900.7, 507.1)
78.92753|(898.6, 493.3)
78.96077|(892.4, 463.8)
78.97788|(890.5, 455.4)
78.99476|(890.0, 453.9)
79.01186|(888.6, 451.6)
79.02855|(891.2, 445.8)
79.04579|(892.1, 444.6)
79.06129|(895.6, 446.0)
79.07815|(894.5, 445.7)
79.11111|(911.4, 404.6)
79.12793|(913.9, 397.6)
79.14506|(923.1, 357.2)
79.1619|(921.1, 357.6)
79.17887|(918.2, 359.0)
79.1955|(924.0, 354.8)
79.21212|(922.3, 355.8)
79.22807|(924.6, 354.8)
79.26152|(925.8, 354.9)
79.27825|(927.4, 352.9)
79.29553|(928.1, 352.8)
79.31271|(926.6, 360.9)
79.32938|(925.5, 363.4)
79.34622|(925.6, 362.6)
79.36185|(935.7, 402.6)
79.37833|(945.0, 437.2)
79.41201|(950.3, 459.3)
79.42869|(952.5, 463.6)
79.44595|(954.3, 468.3)
79.46216|(957.1, 470.1)
79.47919|(956.4, 471.3)
79.49609|(958.1, 470.2)
79.51237|(958.5, 468.5)
79.52873|(958.5, 467.6)
79.56211|(958.7, 466.3)
79.57924|(959.3, 466.2)
79.59542|(959.7, 449.0)
79.6125|(976.8, 366.1)
79.62944|(977.8, 360.6)
79.66261|(977.8, 361.4)
79.69633|(978.5, 359.5)
79.71228|(977.6, 353.9)
79.72923|(977.1, 351.9)
79.74632|(978.4, 354.2)
79.76311|(977.2, 353.2)
79.78008|(978.2, 354.7)
79.79588|(979.7, 355.6)
79.81219|(982.3, 357.6)
79.82926|(986.0, 362.0)
79.8626|(987.9, 365.1)
79.87931|(985.8, 366.1)
79.89658|(1011.8, 356.7)
79.91341|(1056.7, 349.4)
79.93008|(1084.1, 352.5)
79.96243|(1094.1, 349.7)
79.97926|(1107.7, 352.0)
80.01273|(1104.4, 346.4)
80.02979|(1104.0, 348.4)
80.06338|(1101.4, 357.1)
80.08019|(925.7, 618.3)
80.0962|(907.3, 647.9)
80.11324|(864.6, 724.0)
80.12956|(818.6, 804.5)
80.16288|(837.1, 773.6)
80.18022|(775.0, 889.5)
80.19676|(769.8, 892.5)
80.21338|(767.4, 892.1)
80.22955|(786.2, 831.2)
80.24681|(782.8, 841.9)
80.27982|(786.0, 829.5)
80.33044|(785.3, 834.7)
80.36385|(781.4, 843.6)
80.38027|(783.6, 844.1)
80.39717|(784.2, 851.3)
80.43023|(779.2, 853.7)
80.48071|(779.1, 861.8)
80.49814|(780.4, 872.0)
80.5146|(781.9, 877.3)
80.53051|(782.2, 881.5)
80.54729|(781.8, 886.6)
80.56355|(776.3, 881.3)
80.58079|(768.4, 864.1)
80.61364|(757.5, 812.6)
80.63079|(757.1, 795.1)
80.64847|(757.5, 758.3)
80.68044|(757.7, 743.2)
80.69744|(748.9, 745.8)
80.78169|(744.7, 757.1)
80.83093|(748.2, 763.7)
80.86385|(748.7, 767.9)
80.88107|(748.4, 770.4)
80.91437|(745.4, 772.9)
80.93174|(745.1, 776.3)
80.94858|(747.5, 775.0)
80.96458|(754.9, 761.3)
80.98119|(776.2, 732.8)
80.99786|(799.5, 717.8)
81.01519|(874.3, 679.0)
81.065|(924.4, 651.1)
81.09872|(961.8, 630.7)
81.11447|(961.8, 631.9)
81.1477|(966.1, 629.8)
81.23244|(1015.0, 599.1)
81.26509|(1088.2, 564.1)
81.28156|(1083.5, 556.9)
81.29845|(1071.7, 535.3)
81.3313|(1057.3, 486.3)
81.36552|(1047.3, 458.1)
81.38228|(1034.5, 424.4)
81.41538|(990.9, 314.5)
81.43182|(961.4, 241.7)
81.46511|(944.5, 240.9)
81.48166|(942.4, 240.7)
81.5155|(746.2, 264.9)
81.53313|(740.9, 262.7)
81.54899|(731.0, 262.6)
81.56549|(724.4, 251.5)
81.59841|(726.4, 244.1)
81.61498|(728.3, 242.8)
81.63211|(728.4, 243.1)
81.66577|(725.4, 230.0)
81.68295|(730.3, 235.4)
81.69923|(731.4, 236.6)
81.73281|(747.0, 240.7)
81.74874|(752.0, 243.1)
81.78275|(752.8, 243.5)
81.83302|(838.6, 240.6)
81.85043|(838.5, 235.9)
81.86629|(838.4, 232.2)
81.88273|(840.3, 227.9)
81.89943|(840.2, 230.0)
81.91593|(854.8, 232.3)
81.93388|(953.3, 232.3)
81.96645|(944.3, 235.2)
81.9838|(944.0, 233.9)
81.9997|(964.1, 233.8)
82.01637|(956.2, 245.8)
82.04948|(957.1, 244.7)
82.06647|(958.5, 247.2)
82.11718|(962.2, 245.6)
82.13327|(965.0, 243.9)
82.15045|(967.3, 238.5)
82.16691|(967.6, 238.0)
82.18412|(967.8, 237.3)
82.19968|(967.8, 238.5)
82.21642|(970.0, 245.0)
82.2334|(970.7, 246.3)
82.26716|(974.1, 247.6)
82.28444|(1001.5, 246.3)
82.31721|(1008.7, 248.9)
82.33338|(1007.4, 248.7)
82.35011|(1010.7, 252.1)
82.36676|(1011.5, 252.4)
82.3839|(1016.7, 246.0)
82.41755|(1018.3, 249.2)
82.43443|(1029.1, 247.3)
82.45058|(1090.2, 246.0)
82.46706|(1124.6, 247.4)
82.50003|(1152.4, 248.7)
82.51751|(1152.2, 248.3)
82.56786|(1151.4, 250.6)
82.58498|(1159.7, 254.0)
82.60043|(1166.3, 257.4)
82.61723|(1163.9, 255.5)
82.63396|(1162.2, 255.2)
82.65085|(1161.1, 254.5)
82.66714|(1159.4, 253.6)
82.68473|(1158.0, 252.8)
82.83469|(963.6, 575.4)
82.86845|(958.3, 683.6)
82.88536|(956.9, 688.4)
82.90131|(960.6, 682.0)
82.91743|(960.6, 681.6)
82.9343|(960.7, 681.6)
82.95098|(959.6, 681.4)
82.96806|(957.5, 682.6)
82.98534|(955.6, 680.8)
83.01855|(952.2, 674.2)
83.0357|(815.9, 916.4)
83.05133|(811.2, 924.0)
83.06788|(807.1, 929.6)
83.08414|(803.6, 933.3)
83.11814|(799.5, 938.8)
83.13505|(790.3, 948.4)
83.16836|(787.3, 944.1)
83.20168|(786.5, 951.8)
83.21832|(789.3, 955.4)
83.2354|(791.0, 957.5)
83.25131|(790.1, 955.4)
83.26804|(792.0, 956.5)
83.28518|(791.8, 943.6)
83.31917|(792.5, 948.8)
83.35184|(792.5, 959.2)
83.36836|(788.3, 951.4)
83.40207|(787.7, 954.7)
83.46911|(801.6, 980.5)
83.48537|(791.8, 977.3)
83.51859|(767.9, 989.1)
83.53514|(765.7, 993.8)
83.55257|(763.4, 994.1)
83.56952|(760.9, 995.6)
83.58572|(749.3, 1009.7)
83.60252|(735.3, 1028.0)
83.61916|(733.2, 1030.1)
83.63573|(729.2, 1039.3)
83.65201|(733.3, 1039.6)
83.66873|(734.1, 1035.1)
83.6854|(742.4, 1039.2)
83.70266|(738.6, 1040.6)
83.71909|(738.3, 1039.7)
83.73573|(736.5, 1031.4)
83.75319|(737.2, 1029.1)
83.77007|(741.4, 1020.1)
83.7857|(742.8, 1015.2)
83.80267|(743.3, 1012.2)
83.81895|(743.8, 1004.2)
83.83585|(744.4, 1004.3)
83.85242|(743.1, 998.6)
83.86946|(743.1, 991.4)
83.88595|(741.9, 979.2)
83.92033|(739.5, 970.5)
83.93633|(737.4, 976.8)
83.95248|(735.5, 989.3)
83.96918|(732.7, 988.4)
83.98653|(734.4, 1000.1)
84.00267|(736.2, 1004.0)
84.02018|(737.1, 1001.0)
84.03638|(740.6, 1002.7)
84.07028|(772.2, 1000.4)
84.08735|(775.7, 992.8)
84.10319|(793.6, 987.3)
84.1196|(793.7, 996.3)
84.13651|(808.2, 996.8)
84.15337|(808.3, 1002.1)
84.16986|(807.8, 1004.6)
84.18636|(807.7, 996.7)
84.20348|(809.3, 1002.8)
84.22065|(810.9, 1004.4)
84.23645|(810.6, 1003.6)
84.25314|(811.9, 996.1)
84.26971|(807.2, 989.5)
84.28688|(807.6, 989.4)
84.30286|(807.9, 994.3)
84.32008|(807.4, 996.1)
84.33665|(805.4, 995.4)
84.35396|(803.8, 992.9)
84.37022|(801.2, 994.5)
84.38712|(801.6, 994.5)
84.40356|(801.3, 996.8)
84.42017|(800.3, 1001.3)
84.43668|(801.2, 1004.3)
84.45473|(809.1, 1003.9)
84.47033|(800.1, 1013.2)
84.50391|(798.9, 1004.9)
84.52113|(797.8, 1001.7)
84.53686|(796.0, 1000.5)
84.55331|(795.7, 998.8)
84.57056|(796.7, 988.1)
84.58712|(795.0, 988.1)
84.60381|(794.7, 989.4)
84.62106|(795.7, 981.8)
84.63757|(796.3, 981.1)
84.6546|(800.6, 980.5)
84.67076|(800.2, 980.4)
84.68725|(798.7, 979.5)
84.70362|(798.0, 976.8)
84.72048|(798.1, 976.1)
84.73737|(797.6, 973.1)
84.75421|(797.6, 968.6)
84.77126|(797.7, 969.0)
84.78741|(798.0, 968.7)
84.80515|(801.8, 974.0)
84.82127|(801.7, 964.7)
84.83743|(801.2, 965.4)
84.85442|(800.0, 966.4)
84.87086|(798.6, 965.7)
84.888|(798.5, 966.3)
84.90421|(797.4, 962.2)
84.92181|(798.0, 962.0)
84.93806|(799.5, 967.0)
84.95496|(793.3, 964.0)
84.97139|(795.9, 964.9)
84.98785|(723.6, 962.1)
85.00431|(704.7, 966.3)
85.02095|(703.8, 967.0)
85.03786|(697.6, 960.2)
85.05523|(696.9, 966.5)
85.07156|(696.8, 967.6)
85.08846|(697.7, 963.4)
85.10564|(699.2, 968.4)
85.12155|(694.6, 970.5)
85.13802|(693.0, 968.5)
85.15466|(693.7, 967.2)
85.17169|(693.2, 966.8)
85.18897|(690.4, 964.8)
85.20521|(706.2, 880.4)
85.22154|(707.5, 875.1)
85.2383|(711.4, 875.9)
85.25492|(713.4, 873.5)
85.27149|(713.5, 873.3)
85.28819|(715.8, 874.9)
85.30464|(717.0, 882.7)
85.32156|(716.5, 883.5)
85.33807|(715.2, 880.2)
85.35545|(710.4, 869.2)
85.37248|(709.6, 866.1)
85.40556|(712.8, 863.4)
85.42158|(710.8, 863.0)
85.43835|(743.1, 860.1)
85.45528|(757.4, 858.2)
85.47186|(760.7, 859.3)
85.48856|(762.3, 848.5)
85.50552|(759.1, 848.1)
85.53917|(755.7, 850.4)
85.55555|(755.9, 852.0)
85.57217|(757.8, 854.9)
85.58876|(759.7, 856.4)
85.60542|(746.0, 837.9)
85.62253|(726.7, 795.5)
85.63899|(725.3, 792.9)
85.65555|(720.4, 780.3)
85.67262|(711.9, 771.9)
85.68942|(701.6, 758.1)
85.70615|(706.4, 754.5)
85.72347|(703.2, 759.3)
85.73946|(700.2, 763.6)
85.75552|(708.3, 746.8)
85.77248|(709.0, 744.3)
85.78884|(708.1, 745.2)
85.80595|(707.4, 746.0)
85.82295|(707.8, 744.8)
85.8559|(706.8, 746.8)
85.87257|(706.8, 746.6)
85.90581|(708.4, 748.3)
85.92268|(708.5, 748.2)
85.93976|(726.2, 688.8)
85.95655|(727.3, 686.5)
86.00615|(732.9, 680.8)
86.05617|(740.9, 668.0)
86.08978|(777.7, 643.3)
86.10643|(777.5, 641.0)
86.12324|(799.8, 633.0)
86.15668|(828.4, 635.7)
86.17301|(820.8, 633.5)
86.19013|(849.9, 635.6)
86.22339|(886.8, 637.6)
86.24011|(889.3, 637.3)
86.27384|(904.8, 624.1)
86.30719|(906.0, 617.3)
86.32361|(905.2, 616.8)
86.3568|(913.9, 621.7)
86.37336|(914.0, 622.9)
86.40789|(1028.9, 628.9)
86.42338|(1061.1, 629.9)
86.45679|(1066.0, 623.7)
86.47346|(1066.6, 624.3)
86.49029|(1066.2, 623.3)
86.50668|(1065.8, 622.8)
86.52387|(1069.2, 623.4)
86.5406|(1069.1, 623.5)
86.57438|(1070.3, 624.2)
86.60738|(1068.4, 625.8)
86.64069|(1075.7, 624.6)
86.65765|(1075.5, 624.3)
86.67451|(901.3, 860.7)
86.69141|(875.7, 891.2)
86.70738|(847.2, 920.5)
86.72489|(841.4, 924.9)
86.75748|(822.3, 933.7)
86.7739|(815.8, 901.0)
86.79108|(818.6, 914.0)
86.80798|(815.0, 903.6)
86.82459|(815.3, 897.6)
86.84137|(811.0, 887.0)
86.85857|(813.8, 894.2)
86.87461|(815.6, 899.0)
86.908|(806.9, 909.9)
86.9245|(794.4, 940.1)
86.95765|(788.5, 956.7)
86.97432|(785.1, 958.2)
86.9923|(776.5, 1009.1)
87.07454|(786.1, 1033.1)
87.09143|(783.5, 1034.5)
87.14217|(784.2, 1040.8)
87.17471|(778.4, 1047.2)
87.22449|(748.6, 1051.9)
87.27514|(749.9, 1057.1)
87.29256|(769.2, 1060.7)
87.30898|(775.4, 1067.6)
87.3586|(775.8, 1069.4)
87.37495|(773.3, 1073.9)
87.39218|(768.4, 1090.8)
87.40807|(768.6, 1091.5)
87.44232|(766.9, 1079.8)
87.45885|(799.2, 1059.6)
87.5418|(885.7, 862.7)
87.57581|(885.3, 727.6)
87.59312|(931.6, 533.0)
87.60877|(929.9, 549.7)
87.62562|(920.9, 574.0)
87.6589|(1004.3, 406.4)
87.67538|(1007.2, 408.1)
87.69236|(1031.3, 412.2)
87.70909|(1030.2, 414.2)
87.72614|(1023.0, 415.5)
87.74322|(1013.4, 412.7)
87.75999|(1007.0, 405.6)
87.80901|(1005.0, 393.4)
87.84266|(1000.5, 380.1)
87.8599|(1001.6, 378.5)
87.89279|(1021.4, 371.1)
87.90956|(1076.0, 368.9)
87.95906|(1114.6, 368.9)
87.99284|(1124.2, 374.6)
88.00927|(1125.9, 378.4)
88.02657|(1120.6, 392.0)
88.0434|(1102.8, 414.0)
88.06021|(1100.1, 421.4)
88.07603|(1096.7, 434.8)
88.10961|(1088.7, 473.7)
88.12658|(1089.9, 473.9)
88.14296|(1088.8, 472.9)
88.15982|(1091.4, 476.9)
88.17696|(1098.1, 478.0)
88.20952|(1085.9, 465.6)
88.22614|(1080.3, 460.6)
88.26004|(1078.8, 459.9)
88.27708|(1078.7, 460.1)
88.31083|(1031.1, 513.9)
88.32833|(944.3, 694.3)
88.34378|(906.6, 773.1)
88.36048|(875.5, 828.8)
88.37738|(849.5, 875.5)
88.42661|(810.5, 961.9)
88.44359|(809.5, 961.3)
88.46048|(809.4, 962.7)
88.47745|(815.7, 944.8)
88.49409|(816.3, 942.2)
88.52752|(814.2, 947.6)
88.57734|(813.0, 947.7)
88.59387|(819.2, 934.5)
88.6116|(817.4, 940.1)
88.62789|(819.2, 932.9)
88.64439|(820.3, 934.9)
88.66064|(820.5, 941.7)
88.67694|(819.9, 957.9)
88.71071|(824.1, 959.8)
88.72744|(824.2, 968.5)
88.74426|(823.8, 969.6)
88.76121|(823.2, 970.1)
88.77824|(828.6, 952.4)
88.79506|(821.8, 962.7)
88.81061|(815.4, 962.3)
88.82786|(794.2, 949.5)
88.86098|(793.8, 952.1)
88.87785|(796.8, 959.5)
88.89404|(784.2, 961.1)
88.91129|(792.4, 962.5)
88.92822|(786.4, 968.7)
88.94476|(774.4, 970.0)
88.96105|(773.2, 972.2)
88.97766|(768.0, 976.5)
89.0108|(769.6, 980.1)
89.02786|(772.3, 982.2)
89.06239|(771.6, 984.5)
89.1776|(784.7, 994.6)
89.19521|(811.8, 882.4)
89.22893|(812.1, 934.0)
89.24516|(812.3, 940.2)
89.2617|(816.1, 924.3)
89.27827|(814.1, 940.8)
89.31149|(814.4, 937.6)
89.32877|(815.1, 936.7)
89.3452|(816.7, 931.7)
89.37902|(820.9, 933.9)
89.41187|(818.9, 936.7)
89.42853|(817.5, 937.2)
89.46185|(817.5, 943.0)
89.47823|(818.1, 942.8)
89.5125|(821.4, 955.5)
89.54547|(830.1, 976.6)
89.562|(830.2, 977.7)
89.61213|(824.6, 977.6)
89.6292|(823.7, 974.8)
89.64576|(828.6, 970.8)
89.66202|(819.2, 975.4)
89.69557|(817.5, 977.1)
89.71207|(817.5, 971.5)
89.72916|(818.8, 970.3)
89.76268|(817.0, 961.2)
89.7793|(821.6, 962.9)
89.79644|(822.6, 961.8)
89.81335|(821.0, 967.6)
89.83051|(807.2, 959.6)
89.84602|(800.0, 945.5)
89.87918|(789.5, 925.9)
89.91293|(751.0, 847.9)
89.92953|(752.6, 847.9)
89.94633|(754.4, 842.7)
89.96336|(753.6, 840.6)
89.9797|(753.1, 835.3)
89.99654|(753.8, 832.7)
90.0126|(754.8, 834.6)
90.02943|(754.7, 832.0)
90.06288|(757.9, 833.5)
90.07988|(761.6, 835.6)
90.09713|(760.7, 837.0)
90.11346|(762.6, 837.1)
90.13096|(821.8, 720.5)
90.14671|(927.3, 495.0)
90.16316|(933.1, 479.9)
90.17976|(941.2, 460.0)
90.21348|(941.6, 459.7)
90.23057|(941.5, 456.1)
90.24744|(944.0, 436.3)
90.26392|(945.5, 439.1)
90.28021|(945.8, 438.9)
90.33019|(950.7, 443.6)
90.38092|(958.5, 459.5)
90.39794|(948.5, 471.1)
90.41396|(949.4, 472.3)
90.44671|(946.5, 489.3)
90.46362|(946.2, 490.0)
90.51335|(944.9, 496.4)
90.53077|(944.5, 496.4)
90.54798|(944.2, 489.3)
90.59725|(943.9, 485.0)
90.61382|(943.4, 483.1)
90.66396|(1027.9, 397.1)
90.68089|(1063.0, 330.1)
90.71468|(1053.7, 334.1)
90.73237|(1052.5, 334.6)
90.7482|(1053.9, 321.5)
90.76407|(1053.0, 323.1)
90.78062|(1051.8, 333.1)
90.81435|(1042.7, 339.9)
90.83115|(1042.3, 343.9)
90.84844|(1047.0, 343.8)
90.86512|(1041.3, 352.0)
90.88116|(1047.0, 348.4)
90.89823|(1049.7, 346.6)
90.91424|(1046.3, 350.9)
90.93085|(1038.4, 372.9)
90.96427|(1038.0, 374.0)
90.98114|(1037.2, 377.1)
91.13228|(1000.2, 443.1)
91.14754|(1000.2, 443.1)
91.16445|(998.9, 534.6)
91.18158|(991.0, 671.6)
91.21474|(994.0, 664.3)
91.23137|(994.6, 665.3)
91.26524|(993.8, 664.5)
91.28201|(989.8, 658.9)
91.29893|(988.2, 651.7)
91.31508|(993.1, 651.8)
91.34814|(1003.4, 652.4)
91.36459|(1003.2, 650.6)
91.38163|(1003.0, 649.1)
91.41521|(1003.6, 651.8)
91.43269|(1001.9, 667.6)
91.4491|(1002.1, 667.6)
91.46521|(1003.8, 667.4)
91.48227|(1004.4, 665.7)
91.49871|(1004.6, 665.2)
91.51553|(1004.9, 663.9)
91.53226|(1005.0, 663.6)
91.56538|(1004.6, 660.8)
91.5826|(1003.9, 660.5)
91.59917|(1002.6, 659.6)
91.61597|(1001.2, 659.6)
91.6321|(1000.8, 657.8)
91.64861|(999.8, 658.4)
91.66526|(999.3, 657.7)
91.68262|(999.5, 656.6)
91.71581|(997.6, 656.4)
91.73344|(997.2, 654.6)
91.74967|(998.0, 654.8)
91.76598|(998.5, 654.8)
91.78239|(999.5, 653.7)
91.79881|(999.9, 652.6)
91.81563|(999.8, 652.3)
91.83343|(1000.3, 646.4)
91.84904|(1001.3, 647.4)
91.86726|(1001.2, 646.4)
91.8847|(1003.4, 646.2)
91.89971|(1003.2, 645.3)
91.91611|(1003.3, 644.8)
91.93293|(1003.3, 645.1)
91.94904|(1004.1, 645.8)
91.96641|(1004.8, 644.0)
91.98297|(1004.4, 643.3)
92.01632|(1002.6, 640.5)
92.03416|(1003.0, 642.2)
92.04986|(1004.4, 643.9)
92.06686|(1004.7, 644.1)
92.0831|(1008.2, 643.8)
92.0994|(1009.4, 643.1)
92.11636|(1008.5, 643.6)
92.1335|(1005.9, 645.6)
92.1666|(945.7, 753.2)
92.18401|(866.5, 871.9)
92.19975|(851.0, 917.5)
92.21677|(848.4, 928.0)
92.23309|(833.8, 960.2)
92.24961|(834.8, 963.2)
92.26639|(834.6, 963.7)
92.28382|(836.6, 995.2)
92.3176|(834.7, 994.0)
92.33447|(827.6, 1006.9)
92.35104|(825.6, 1008.4)
92.36684|(828.6, 998.2)
92.38371|(829.2, 996.7)
92.40099|(828.9, 997.5)
92.4171|(829.5, 998.4)
92.43472|(829.5, 999.7)
92.46738|(830.7, 1003.5)
92.48385|(825.9, 1002.4)
92.50242|(823.8, 1003.9)
92.51754|(825.3, 1004.6)
92.53375|(825.4, 1005.0)
92.55017|(824.8, 1002.6)
92.5673|(824.1, 1002.2)
92.58417|(820.9, 1007.6)
92.61803|(823.3, 1007.0)
92.635|(828.0, 991.0)
92.65189|(827.2, 986.2)
92.66852|(830.2, 992.5)
92.68424|(823.2, 965.7)
92.70087|(826.2, 970.3)
92.71739|(828.9, 976.9)
92.7344|(809.6, 984.3)
92.76824|(818.5, 992.4)
92.80186|(825.7, 995.2)
92.81758|(821.9, 989.0)
92.8341|(814.1, 975.0)
92.85063|(819.5, 984.9)
92.86781|(822.5, 990.9)
92.88472|(824.7, 995.7)
92.91868|(824.1, 995.1)
92.93562|(824.9, 996.0)
92.96744|(824.9, 994.8)
92.98483|(826.3, 1002.6)
93.01824|(838.2, 1009.2)
93.03459|(839.9, 1009.3)
93.05186|(897.6, 1012.2)
93.06894|(905.8, 1012.3)
93.10113|(917.8, 1011.5)
93.11777|(915.0, 1012.8)
93.15154|(916.5, 1016.1)
93.168|(921.6, 1023.5)
93.20197|(922.6, 1024.4)
93.21838|(921.1, 1024.0)
93.23438|(918.2, 1024.0)
93.25122|(914.9, 1024.8)
93.26807|(907.3, 1021.5)
93.28468|(908.6, 1020.7)
93.30142|(907.7, 1018.3)
93.31835|(910.6, 1015.6)
93.33553|(913.1, 1014.6)
93.35149|(914.6, 1014.1)
93.3695|(918.5, 1011.5)
93.38531|(919.7, 1008.1)
93.40195|(920.7, 1006.6)
93.41801|(920.2, 1004.9)
93.43497|(920.7, 999.9)
93.45171|(920.4, 997.6)
93.4687|(920.3, 996.4)
93.48539|(923.6, 993.0)
93.50234|(925.6, 990.6)
93.51958|(924.9, 991.2)
93.53529|(922.7, 990.4)
93.55178|(919.7, 986.1)
93.56835|(914.6, 980.8)
93.585|(915.2, 979.6)
93.60205|(922.1, 979.3)
93.6189|(922.9, 979.3)
93.63543|(920.3, 978.9)
93.65324|(924.5, 985.8)
93.66878|(927.0, 986.1)
93.68559|(928.2, 987.6)
93.70227|(928.8, 987.3)
93.71854|(929.2, 986.2)
93.7356|(928.1, 986.0)
93.75256|(920.1, 971.7)
93.76891|(919.9, 966.8)
93.78609|(919.6, 963.1)
93.80281|(918.1, 964.7)
93.81985|(919.0, 968.0)
93.83559|(920.1, 971.8)
93.8523|(922.1, 977.6)
93.86932|(921.9, 977.3)
93.88557|(916.5, 976.1)
93.90296|(913.8, 974.2)
93.91936|(909.6, 971.0)
93.93614|(912.6, 972.0)
93.95336|(866.1, 976.5)
93.96951|(848.9, 979.2)
93.98605|(857.6, 969.6)
94.00285|(822.3, 970.3)
94.01919|(815.4, 969.6)
94.03619|(785.1, 973.1)
94.05299|(784.4, 987.0)
94.06975|(780.8, 988.7)
94.10414|(775.1, 988.6)
94.13649|(780.5, 1022.2)
94.15329|(778.9, 1018.2)
94.2032|(816.7, 958.9)
94.22025|(809.5, 960.3)
94.23659|(871.8, 838.2)
94.25359|(898.6, 787.1)
94.27103|(919.0, 749.8)
94.28662|(932.7, 726.1)
94.31996|(943.4, 721.5)
94.33643|(944.7, 720.6)
94.35357|(949.8, 719.5)
94.37059|(948.6, 719.3)
94.38719|(949.9, 719.7)
94.40466|(952.2, 719.0)
94.4211|(949.0, 720.6)
94.43677|(948.7, 720.4)
94.45381|(948.0, 718.4)
94.46987|(948.4, 719.8)
94.48724|(946.1, 711.1)
94.50373|(946.8, 710.0)
94.52062|(950.3, 712.8)
94.53764|(949.6, 709.5)
94.55369|(957.0, 711.6)
94.57065|(962.5, 717.8)
94.58752|(959.2, 714.6)
94.60348|(958.3, 701.7)
94.62055|(958.1, 703.7)
94.6375|(957.7, 701.6)
94.65366|(962.9, 691.4)
94.6713|(963.3, 692.8)
94.68764|(982.6, 678.2)
94.70483|(1003.0, 668.0)
94.72112|(1025.9, 657.3)
94.73755|(1056.0, 642.4)
94.75392|(1089.5, 625.9)
94.771|(1090.9, 625.5)
94.78736|(1094.2, 623.3)
94.80486|(1096.1, 621.9)
94.82136|(1095.1, 620.5)
94.83871|(1095.0, 619.8)
94.85462|(1096.8, 614.2)
94.87162|(1096.5, 611.9)
94.8877|(1097.9, 611.0)
94.90448|(1097.8, 612.4)
94.92154|(1095.6, 612.8)
94.93831|(1097.6, 613.4)
94.95456|(1096.6, 613.1)
94.97147|(1096.4, 611.6)
94.98837|(1094.4, 609.3)
95.00513|(1093.1, 608.3)
95.0212|(1093.0, 608.3)
95.03764|(1094.5, 609.4)
95.05424|(1096.2, 610.3)
95.07108|(1096.5, 610.6)
95.08825|(1096.6, 607.0)
95.10484|(1096.0, 605.8)
95.27209|(1035.0, 622.8)
95.30492|(1033.3, 658.4)
95.32169|(1039.8, 664.8)
95.33885|(1040.2, 663.9)
95.35463|(1043.3, 656.0)
95.37222|(1044.2, 655.0)
95.38821|(1045.8, 661.4)
95.40607|(1048.5, 658.9)
95.42294|(1050.0, 657.8)
95.43876|(1052.2, 653.3)
95.45581|(1052.8, 651.9)
95.47187|(1052.0, 652.3)
95.4883|(1047.0, 656.6)
95.505|(1045.8, 656.8)
95.52199|(1044.8, 657.3)
95.53907|(1044.8, 657.4)
95.55605|(1045.8, 656.9)
95.57319|(1053.5, 652.4)
95.58927|(1057.5, 652.5)
95.60557|(1108.0, 653.0)
95.62218|(1130.3, 653.6)
95.63864|(1141.5, 654.1)
95.65548|(1164.2, 654.7)
95.67245|(1167.9, 651.3)
95.68875|(1168.1, 650.6)
95.706|(1171.7, 649.1)
95.72311|(1170.1, 646.6)
95.75578|(1163.4, 643.4)
95.77251|(1164.8, 643.7)
95.78912|(1165.2, 644.8)
95.8061|(1165.2, 648.8)
95.82225|(1166.7, 645.7)
95.83884|(1165.9, 652.4)
95.85627|(1165.7, 646.0)
95.8903|(1162.3, 650.4)
95.90681|(1162.3, 648.6)
95.92274|(1168.8, 647.8)
95.93898|(1168.0, 646.8)
95.95602|(1166.2, 645.8)
95.97314|(1166.1, 645.1)
95.9899|(1168.8, 646.6)
96.00695|(1165.6, 646.9)
96.04039|(1013.2, 646.2)
96.07327|(949.4, 642.1)
96.0901|(942.2, 641.5)
96.12334|(927.2, 641.6)
96.14011|(926.3, 644.1)
96.15646|(927.1, 644.1)
96.17376|(929.1, 644.2)
96.20644|(931.4, 644.7)
96.22318|(934.6, 642.2)
96.23994|(935.5, 640.9)
96.2569|(936.2, 639.9)
96.27316|(936.1, 638.1)
96.28992|(934.9, 634.7)
96.30721|(937.1, 633.7)
96.32434|(937.9, 635.1)
96.34026|(938.5, 639.9)
96.35684|(937.9, 635.9)
96.37334|(939.4, 639.8)
96.38993|(940.0, 638.9)
96.40672|(940.5, 639.2)
96.42336|(940.7, 640.0)
96.44076|(938.9, 640.9)
96.45761|(936.7, 643.4)
96.47449|(937.4, 643.1)
96.50693|(937.6, 642.8)
96.52345|(936.7, 644.7)
96.5407|(938.2, 644.6)
96.5574|(938.2, 645.4)
96.57383|(937.2, 646.3)
96.59103|(937.8, 645.9)
96.60818|(937.0, 647.3)
96.62412|(937.0, 647.4)
96.65708|(939.8, 644.7)
96.67402|(940.0, 644.5)
96.69064|(904.4, 774.4)
96.70765|(863.4, 943.1)
96.72417|(860.7, 957.4)
96.75768|(860.3, 984.3)
96.80785|(863.1, 998.3)
96.84097|(860.7, 972.2)
96.85741|(860.5, 969.5)
96.87433|(864.8, 975.2)
96.89145|(856.1, 980.3)
96.9081|(855.9, 969.7)
96.92426|(856.3, 969.6)
96.95776|(856.6, 970.8)
96.97437|(857.1, 978.6)
96.99103|(856.6, 988.6)
97.00803|(855.8, 985.2)
97.0248|(859.8, 997.4)
97.04161|(858.2, 995.8)
97.05798|(858.9, 998.6)
97.07429|(858.5, 1000.0)
97.10767|(856.6, 1012.1)
97.12477|(856.3, 1008.1)
97.15862|(850.9, 1005.3)
97.17561|(855.8, 1001.5)
97.19139|(857.9, 999.0)
97.20884|(860.3, 995.6)
97.25786|(863.4, 987.8)
97.29143|(861.7, 986.6)
97.30846|(860.2, 985.7)
97.34273|(866.8, 976.1)
97.37445|(861.6, 943.1)
97.42522|(868.5, 947.0)
97.44153|(870.2, 969.5)
97.4582|(869.6, 971.8)
97.47598|(867.4, 985.4)
97.49147|(866.1, 989.7)
97.50847|(865.7, 988.2)
97.52476|(865.4, 987.6)
97.55858|(864.5, 983.7)
97.575|(865.6, 974.0)
97.59233|(865.7, 971.2)
97.60883|(867.1, 963.9)
97.62589|(864.5, 946.1)
97.64314|(860.4, 946.4)
97.65865|(861.8, 947.4)
97.67519|(848.3, 951.3)
97.70869|(793.6, 1000.7)
97.72542|(788.9, 991.8)
97.74211|(783.7, 998.3)
97.75912|(777.7, 1020.6)
97.77628|(773.2, 1024.7)
97.79272|(769.3, 1027.2)
97.80916|(764.2, 1024.9)
97.82504|(759.2, 1034.3)
97.85895|(759.0, 1015.5)
97.87595|(759.6, 1025.8)
97.89223|(766.1, 1055.5)
97.90958|(770.4, 1068.2)
97.92624|(757.9, 1055.1)
97.94244|(753.7, 1066.4)
97.95901|(755.2, 1076.0)
97.97589|(755.7, 1080.5)
98.0093|(752.8, 1067.6)
98.02608|(754.4, 1078.4)
98.04294|(755.5, 1044.9)
98.06026|(760.6, 1019.2)
98.07703|(761.3, 1013.8)
98.09345|(764.0, 981.1)
98.10972|(766.0, 983.6)
98.15948|(770.9, 982.5)
98.17625|(769.5, 984.4)
98.19366|(758.4, 976.2)
98.20992|(764.9, 978.8)
98.22752|(763.0, 971.5)
98.2441|(763.0, 972.0)
98.26004|(762.9, 974.6)
98.27685|(762.6, 980.4)
98.30971|(772.7, 991.4)
98.32693|(773.4, 990.2)
98.34315|(769.0, 992.5)
98.35989|(772.4, 986.8)
98.37862|(766.9, 977.0)
98.39331|(765.9, 975.7)
98.41051|(767.4, 976.2)
98.42671|(764.1, 1011.6)
98.46011|(759.5, 1005.5)
98.47681|(761.8, 995.0)
98.51103|(778.9, 987.8)
98.54391|(810.3, 986.4)
98.56059|(825.9, 983.5)
98.61017|(838.2, 983.9)
98.6274|(841.9, 992.7)
98.64407|(841.6, 989.9)
98.66125|(844.4, 977.5)
98.678|(842.3, 966.3)
98.79436|(797.8, 756.5)
98.81136|(768.7, 845.8)
98.82787|(765.0, 861.5)
98.84408|(780.9, 958.3)
98.86095|(787.5, 990.8)
98.87758|(789.1, 982.3)
98.9111|(794.1, 1012.0)
98.92767|(793.4, 1009.3)
98.94505|(788.9, 1025.5)
98.96159|(789.0, 1029.2)
98.97753|(783.8, 1048.8)
98.99437|(785.8, 1046.5)
99.01143|(789.2, 1046.4)
99.02771|(788.4, 1048.6)
99.06103|(790.6, 1047.4)
99.07837|(788.0, 1045.5)
99.09514|(782.9, 1042.0)
99.11238|(780.0, 1037.2)
99.12919|(787.3, 1024.7)
99.14506|(780.7, 1032.7)
99.16119|(786.1, 1019.1)
99.17787|(793.0, 1004.1)
99.21151|(785.8, 996.7)
99.22841|(791.2, 1000.6)
99.24487|(785.3, 993.6)
99.26257|(764.9, 964.9)
99.27905|(765.4, 965.3)
99.31146|(756.1, 954.8)
99.32825|(752.7, 947.8)
99.36194|(749.8, 944.3)
99.37815|(747.5, 944.2)
99.41251|(751.6, 936.0)
99.44522|(756.5, 915.7)
99.46177|(757.4, 908.0)
99.51178|(758.2, 900.3)
99.54568|(773.0, 877.2)
99.56187|(763.2, 894.0)
99.57905|(761.4, 892.7)
99.59547|(758.8, 904.0)
99.61252|(759.4, 900.4)
99.62898|(755.8, 901.9)
99.66227|(752.1, 911.0)
99.67919|(753.7, 917.2)
99.69645|(753.7, 925.2)
99.71334|(756.0, 930.1)
99.72907|(757.2, 932.8)
99.74591|(756.4, 932.2)
99.76241|(754.4, 933.4)
99.77911|(753.8, 932.5)
99.81273|(753.7, 932.2)
99.82946|(753.9, 930.6)
99.86369|(766.3, 922.9)
99.89558|(790.3, 962.5)
99.91256|(793.0, 967.9)
99.92924|(821.5, 1024.0)
99.96276|(820.8, 1022.9)
99.97979|(820.5, 1022.5)
99.99722|(811.7, 1019.3)
100.0139|(804.8, 1019.1)
100.0294|(798.0, 1048.4)
100.0461|(802.2, 1060.2)
100.0625|(802.9, 1055.7)
100.0793|(802.9, 1055.4)
100.1131|(802.4, 1055.8)
100.1297|(800.9, 1041.0)
100.1627|(806.8, 1017.3)
100.1797|(806.3, 1019.1)
100.2128|(804.8, 1021.8)
100.2295|(801.7, 1024.7)
100.2636|(806.5, 1026.1)
100.2807|(808.4, 1027.2)
100.2967|(808.5, 1026.6)
100.3131|(809.7, 1027.3)
100.3294|(810.1, 1028.4)
100.3466|(809.2, 1028.6)
100.3631|(803.8, 1027.8)
100.3795|(800.4, 1022.0)
100.4135|(797.6, 1021.0)
100.4302|(797.6, 1019.8)
100.4472|(786.2, 950.3)
100.4631|(788.7, 939.9)
100.4804|(789.0, 937.4)
100.4966|(788.7, 938.9)
100.5134|(790.1, 942.1)
100.53|(792.1, 938.9)
100.564|(794.6, 948.9)
100.5808|(794.1, 939.0)
100.6138|(794.4, 938.1)
100.6304|(792.9, 937.7)
100.6636|(792.3, 935.4)
100.6812|(797.0, 933.5)
100.7145|(809.9, 904.7)
100.7302|(883.9, 746.7)
100.7472|(915.3, 682.4)
100.7637|(921.5, 669.3)
100.7805|(956.2, 597.5)
100.7974|(954.7, 597.0)
100.8144|(958.0, 574.1)
100.8646|(957.4, 583.3)
100.8806|(953.4, 564.3)
100.8977|(952.0, 567.3)
100.9136|(952.3, 566.1)
100.9308|(952.3, 554.6)
100.9475|(952.3, 546.1)
100.9641|(952.7, 542.8)
100.9811|(958.6, 544.1)
101.0153|(963.3, 555.4)
101.0319|(966.8, 555.9)
101.0477|(1063.0, 655.7)
101.0651|(1084.7, 677.8)
101.0815|(1090.1, 682.9)
101.0975|(1100.2, 691.3)
101.1152|(1103.7, 692.1)
101.1317|(1103.0, 691.1)
101.165|(1106.5, 688.3)
101.1824|(1107.0, 688.9)
101.1989|(1107.7, 688.1)
101.2154|(1107.4, 687.6)
101.2312|(1107.2, 685.2)
101.248|(1108.7, 683.4)
101.2649|(1107.6, 682.3)
101.2818|(1107.5, 679.0)
101.3152|(1108.1, 678.1)
101.3325|(1110.4, 675.5)
101.3488|(1110.6, 668.6)
101.6161|(873.8, 661.0)
101.6488|(876.0, 657.7)
101.6658|(877.1, 655.8)
101.6986|(874.1, 655.4)
101.7155|(874.0, 655.4)
101.7326|(872.2, 655.5)
101.767|(873.1, 659.1)
101.7832|(877.4, 662.6)
101.7997|(877.4, 664.4)
101.8157|(873.2, 671.5)
101.8325|(870.7, 679.8)
101.8491|(872.5, 680.4)
101.8658|(873.2, 681.9)
101.8833|(873.2, 682.8)
101.916|(876.4, 682.4)
101.9331|(879.8, 682.9)
101.9501|(872.4, 710.5)
101.966|(801.9, 945.2)
101.9826|(795.1, 963.9)
101.9993|(789.7, 981.0)
102.0169|(788.5, 985.2)
102.0328|(784.5, 995.6)
102.0669|(784.1, 990.8)
102.0838|(783.9, 990.7)
102.1001|(783.3, 990.9)
102.1172|(786.1, 991.5)
102.1326|(790.9, 993.0)
102.1497|(790.1, 992.1)
102.1666|(789.4, 992.3)
102.1834|(789.8, 995.7)
102.2178|(789.0, 1001.0)
102.2505|(785.7, 1005.5)
102.2673|(784.4, 1003.7)
102.283|(783.4, 1001.8)
102.2998|(782.9, 995.1)
102.3165|(782.6, 994.2)
102.3339|(782.4, 991.2)
102.3672|(781.5, 993.8)
102.3845|(781.3, 996.4)
102.4011|(782.6, 1000.4)
102.4171|(782.4, 1000.0)
102.4332|(786.0, 990.9)
102.45|(904.7, 662.8)
102.4667|(906.4, 656.2)
102.4842|(907.3, 653.8)
102.5172|(909.9, 649.9)
102.5509|(912.7, 654.7)
102.567|(912.9, 656.9)
102.6004|(908.7, 661.3)
102.6171|(907.7, 662.5)
102.6508|(909.9, 668.7)
102.668|(911.7, 669.0)
102.6848|(911.3, 668.8)
102.701|(912.3, 668.9)
102.7173|(916.5, 666.8)
102.734|(915.0, 666.4)
102.7506|(911.3, 672.4)
102.7677|(911.6, 672.3)
102.7844|(914.3, 675.9)
102.8185|(913.5, 675.4)
102.8341|(952.6, 656.6)
102.8509|(979.7, 655.2)
102.8678|(984.3, 654.8)
102.8842|(1009.9, 654.3)
102.9013|(1057.8, 655.2)
102.9179|(1061.3, 652.6)
102.9345|(1063.7, 651.0)
102.9684|(1061.3, 647.0)
102.9853|(1063.3, 647.2)
103.0013|(1068.2, 644.4)
103.0178|(1069.5, 643.2)
103.0347|(1070.8, 643.2)
103.0511|(1067.5, 641.2)
103.0676|(1065.4, 637.6)
103.0857|(1065.0, 634.2)
103.1186|(1063.6, 631.9)
103.1354|(1063.9, 630.3)
103.1514|(1021.1, 634.4)
103.1677|(814.4, 665.4)
103.1845|(785.9, 669.9)
103.2018|(773.7, 675.6)
103.2179|(758.2, 679.8)
103.2348|(754.6, 671.5)
103.2523|(753.8, 670.3)
103.2685|(749.2, 674.7)
103.2854|(754.6, 677.1)
103.3018|(754.9, 674.8)
103.3181|(756.0, 673.6)
103.3352|(756.2, 669.5)
103.352|(755.6, 667.9)
103.3689|(757.0, 662.8)
103.3849|(757.4, 661.4)
103.4192|(763.1, 653.0)
103.4354|(801.2, 653.6)
103.4519|(822.2, 654.2)
103.4683|(841.4, 654.5)
103.4859|(870.5, 656.4)
103.5023|(870.8, 656.9)
103.5183|(871.5, 657.8)
103.5359|(873.0, 658.6)
103.5524|(873.0, 659.6)
103.569|(874.0, 659.3)
103.5857|(874.1, 657.1)
103.6023|(876.0, 657.0)
103.6188|(879.6, 654.0)
103.6353|(884.7, 653.1)
103.6525|(898.7, 651.6)
103.6694|(928.5, 651.9)
103.6859|(928.6, 651.4)
103.7029|(935.9, 650.0)
103.72|(942.8, 650.4)
103.7363|(942.1, 649.4)
103.7524|(938.5, 648.3)
103.7686|(937.6, 646.6)
103.7858|(936.5, 646.6)
103.8026|(934.7, 639.0)
103.8198|(934.7, 636.6)
103.836|(936.0, 637.8)
103.8538|(938.8, 639.2)
103.8701|(942.9, 644.8)
103.8863|(943.2, 648.6)
103.919|(937.2, 655.1)
103.9364|(935.4, 659.0)
103.9533|(814.1, 875.0)
103.9695|(782.2, 935.7)
103.9864|(767.4, 966.5)
104.0035|(744.6, 1010.1)
104.02|(747.2, 1006.7)
104.0524|(742.8, 1009.2)
104.0693|(744.1, 996.0)
104.0867|(744.0, 995.8)
104.1026|(743.3, 996.0)
104.1199|(743.3, 996.5)
104.1368|(743.7, 996.5)
104.1536|(742.9, 997.3)
104.1705|(743.4, 996.7)
104.1868|(743.7, 995.8)
104.2029|(742.7, 996.3)
104.2199|(743.8, 997.5)
104.2365|(745.9, 995.5)
104.253|(745.9, 994.7)
104.2705|(745.2, 995.3)
104.2873|(744.5, 995.5)
104.3039|(743.3, 994.9)
104.3204|(742.8, 994.9)
104.3367|(743.7, 998.0)
104.3535|(742.8, 997.8)
104.3702|(740.3, 995.0)
104.3871|(740.9, 995.3)
104.4041|(746.6, 992.6)
104.4205|(751.3, 990.9)
104.4371|(762.6, 989.3)
104.4537|(781.7, 985.3)
104.471|(809.3, 981.5)
104.4871|(809.1, 979.1)
104.5033|(808.5, 978.7)
104.5201|(809.1, 980.6)
104.5375|(809.2, 980.4)
104.5545|(811.1, 984.5)
104.5709|(810.4, 984.0)
104.5876|(813.4, 985.1)
104.6043|(763.8, 928.0)
104.6208|(754.3, 916.8)
104.6368|(736.8, 881.2)
104.6537|(735.4, 879.8)
104.6711|(739.8, 889.0)
104.6873|(740.9, 883.8)
104.7045|(741.3, 882.3)
104.7212|(732.3, 875.0)
104.7542|(729.0, 873.5)
104.7709|(729.6, 874.1)
104.7874|(754.8, 814.6)
104.8038|(923.0, 505.4)
104.8209|(926.0, 498.1)
104.8373|(938.3, 475.7)
104.8547|(942.7, 464.5)
104.8713|(948.5, 456.3)
104.888|(952.9, 450.5)
104.9049|(955.0, 454.3)
104.9211|(955.0, 454.5)
104.9378|(957.8, 457.9)
104.9544|(957.0, 457.1)
104.9713|(957.1, 456.9)
104.9876|(964.3, 451.5)
105.0051|(978.8, 428.9)
105.0218|(1003.1, 393.6)
105.038|(1019.8, 368.5)
105.0551|(1033.5, 345.6)
105.0715|(1057.8, 305.4)
105.0886|(1057.6, 305.3)
105.1047|(1056.0, 303.9)
105.1215|(1055.9, 303.4)
105.1381|(1056.8, 303.8)
105.1549|(1057.4, 303.0)
105.1719|(1053.3, 304.8)
105.2049|(1056.1, 308.6)
105.2219|(1055.5, 306.9)
105.238|(1091.0, 286.8)
105.2549|(1104.6, 282.5)
105.2713|(1106.7, 281.4)
105.2885|(1109.8, 277.9)
105.3053|(1107.3, 278.0)
105.3222|(1106.4, 281.3)
105.339|(1107.8, 282.0)
105.3556|(1108.0, 277.3)
105.3718|(1107.9, 276.5)
105.3887|(1109.1, 271.0)
105.4055|(1109.1, 272.3)
105.4224|(1106.3, 298.2)
105.4387|(1082.8, 559.7)
105.4556|(1078.9, 588.2)
105.4722|(1078.1, 596.6)
105.4894|(1074.3, 620.7)
105.5056|(1070.5, 627.6)
105.522|(1067.2, 625.5)
105.5387|(1064.6, 625.9)
105.5549|(1061.3, 627.3)
105.5724|(1062.4, 626.9)
105.589|(1062.3, 626.8)
105.6056|(1062.9, 625.2)
105.6231|(1058.1, 626.6)
105.6723|(1036.2, 630.9)
105.6887|(967.8, 635.5)
105.7221|(804.1, 651.1)
105.7389|(706.7, 655.1)
105.7562|(696.6, 657.4)
105.7896|(686.7, 666.1)
105.806|(675.4, 668.9)
105.8227|(673.7, 678.1)
105.8562|(676.2, 676.8)
105.873|(677.7, 677.8)
105.8904|(677.1, 675.5)
105.973|(677.9, 677.1)
105.9894|(677.9, 677.1)
106.0231|(728.5, 661.9)
106.0395|(732.5, 667.3)
106.0573|(732.8, 667.5)
106.0736|(734.8, 676.4)
106.1065|(732.1, 676.2)
106.1229|(730.8, 676.3)
106.157|(729.0, 688.7)
106.173|(729.9, 686.3)
106.1906|(729.2, 692.4)
106.207|(775.4, 683.1)
106.2239|(820.4, 666.3)
106.2566|(838.7, 651.1)
106.2733|(849.0, 639.6)
106.4402|(962.4, 530.0)
106.4572|(965.6, 561.9)
106.4741|(963.4, 599.3)
106.4904|(963.8, 586.7)
106.5072|(962.4, 600.8)
106.5235|(959.6, 634.7)
106.5573|(958.2, 651.4)
106.5736|(956.3, 646.9)
106.5909|(954.5, 644.6)
106.6075|(954.3, 644.4)
106.6244|(954.3, 647.3)
106.6412|(956.5, 654.1)
106.6578|(953.5, 654.5)
106.6738|(954.5, 657.0)
106.7071|(958.0, 655.1)
106.7238|(956.0, 654.7)
106.7406|(952.6, 653.0)
106.7576|(989.7, 657.3)
106.7741|(1109.2, 666.3)
106.7914|(1143.4, 667.2)
106.8247|(1155.0, 667.1)
106.842|(1155.5, 667.8)
106.8578|(1145.2, 667.6)
106.8744|(1146.0, 667.6)
106.8909|(1146.7, 669.7)
106.9077|(1149.3, 671.2)
106.9244|(1152.7, 668.7)
106.9417|(1153.6, 669.0)
106.9745|(1154.3, 668.9)
107.0078|(1151.2, 667.5)
107.0243|(1153.1, 665.2)
107.0412|(1151.7, 670.0)
107.0583|(1152.8, 681.2)
107.075|(1152.3, 684.3)
107.0925|(1152.0, 684.8)
107.1082|(1154.2, 689.4)
107.1577|(1159.7, 706.4)
107.2081|(1155.7, 711.1)
107.2579|(1154.7, 713.0)
107.5748|(1217.4, 751.2)
107.6083|(1173.0, 813.2)
107.6256|(1147.7, 846.4)
107.6586|(1167.3, 821.1)
107.6763|(1138.0, 860.0)
107.6932|(1130.3, 883.5)
107.7085|(1130.5, 883.9)
107.7258|(1131.7, 881.7)
107.7588|(1133.8, 879.6)
107.7757|(1133.2, 879.5)
107.7925|(1129.7, 880.2)
107.8093|(981.4, 765.1)
107.8264|(952.4, 737.9)
107.8434|(944.0, 724.9)
107.8596|(943.6, 725.0)
107.8763|(942.5, 724.3)
107.9091|(933.2, 722.2)
107.9262|(935.6, 724.5)
107.9599|(933.6, 723.3)
107.9768|(933.8, 722.6)
107.9929|(935.0, 723.0)
108.0097|(936.9, 742.7)
108.0258|(951.3, 902.1)
108.0593|(961.5, 1009.5)
108.076|(964.3, 1039.2)
108.0933|(962.3, 1018.5)
108.1107|(962.0, 1015.6)
108.1265|(967.2, 1077.5)
108.7441|(1053.5, 1198.5)
108.7607|(1007.5, 1099.4)
108.7772|(1025.7, 1139.7)
108.8105|(1002.3, 1095.6)
108.8277|(986.1, 1053.5)
108.844|(967.5, 998.5)
108.8622|(957.0, 1004.4)
108.8776|(969.9, 985.4)
108.8944|(970.4, 988.7)
108.9109|(969.8, 994.4)
108.9278|(966.2, 1004.3)
108.9612|(965.6, 1007.7)
108.9778|(964.3, 1009.5)
108.9954|(963.3, 1015.0)
109.0117|(965.1, 1015.7)
109.0289|(968.2, 1016.0)
109.0445|(969.3, 1016.8)
109.0615|(969.2, 1017.1)
109.078|(970.0, 1019.1)
109.1113|(967.3, 1029.7)
109.128|(965.9, 1030.2)
109.1619|(965.9, 1032.1)
109.179|(965.6, 1038.1)
109.1955|(967.9, 1043.8)
109.2115|(968.4, 1047.3)
109.2283|(971.6, 1053.5)
109.2616|(973.2, 1057.1)
109.2779|(973.7, 1061.2)
109.2954|(976.9, 1012.4)
109.3121|(1016.7, 903.2)
109.3285|(994.6, 885.4)
109.345|(1002.4, 884.9)
109.3618|(1007.9, 886.6)
109.3786|(974.2, 859.3)
109.4114|(974.7, 839.6)
109.4291|(982.1, 822.4)
109.4458|(980.7, 828.2)
109.4618|(977.1, 823.3)
109.4789|(990.8, 836.0)
109.4955|(996.3, 833.5)
109.5285|(994.2, 829.5)
109.5791|(1002.4, 830.4)
109.596|(1001.3, 831.8)
109.6123|(999.8, 819.6)
109.6291|(999.8, 821.5)
109.6454|(999.9, 813.1)
109.6622|(999.8, 813.9)
109.679|(1001.6, 817.9)
109.7131|(999.3, 809.9)
109.729|(997.0, 811.2)
109.7465|(995.6, 814.9)
109.7629|(989.9, 817.2)
109.7955|(988.7, 818.0)
109.8122|(972.7, 831.3)
109.8629|(968.1, 836.0)
109.8963|(991.6, 826.5)
109.9461|(990.5, 837.4)
109.9624|(981.8, 833.9)
110.0129|(972.9, 837.8)
110.0306|(397.2, 1036.4)
110.047|(243.4, 1101.9)
110.0635|(150.5, 1167.5)
110.0808|(133.5, 1194.9)
110.0962|(132.3, 1197.3)
110.1129|(141.9, 1168.8)
110.1298|(167.0, 1134.4)
110.1641|(144.8, 1166.9)
110.1801|(154.3, 1147.5)
110.1968|(248.7, 1058.5)
110.2138|(239.8, 1057.9)
110.2465|(243.4, 1055.7)
110.2629|(240.1, 1054.9)
110.3132|(204.9, 1047.6)
110.3468|(211.0, 1058.0)
110.481|(957.1, 1181.6)
111.4155|(861.8, 1166.8)
111.4315|(851.2, 1099.5)
111.4483|(854.9, 1114.2)
111.4654|(851.2, 1067.9)
111.4824|(848.1, 1036.8)
111.5155|(845.6, 1021.9)
111.5328|(821.4, 1019.9)
111.5492|(832.6, 1027.8)
111.5657|(832.8, 1030.7)
111.5821|(831.1, 1031.6)
111.5985|(829.2, 1029.3)
111.6154|(832.2, 1038.9)
111.6322|(856.0, 1091.2)
111.6659|(854.2, 1083.2)
111.6834|(847.0, 1078.8)
111.6995|(844.4, 1074.2)
111.7328|(844.6, 1068.3)
111.7491|(846.1, 1068.2)
111.8193|(848.8, 1062.8)
111.882|(858.1, 1061.1)
111.9336|(851.7, 1056.0)
111.9673|(847.7, 1049.8)
112.016|(842.1, 1056.8)
112.0494|(844.9, 1064.2)
112.0665|(846.1, 1064.9)
112.1004|(846.1, 1069.2)
112.1338|(842.2, 1071.1)
112.1504|(840.5, 1074.8)
112.1661|(838.1, 1089.9)
112.1835|(836.1, 1090.8)
112.2005|(836.9, 1090.4)
112.2163|(837.5, 1088.4)
112.234|(837.3, 1082.4)
112.2672|(830.2, 1070.5)
112.2836|(827.9, 1067.8)
112.2999|(797.2, 1052.6)
112.3164|(800.3, 1053.8)
112.3334|(798.4, 1053.0)
112.3498|(790.5, 1057.2)
112.3668|(787.1, 1052.8)
112.3838|(789.8, 1050.5)
112.4171|(783.1, 1055.7)
112.4341|(783.7, 1054.8)
112.4501|(786.8, 1063.1)
112.4671|(781.9, 1071.1)
112.4831|(746.1, 1075.1)
112.5841|(518.5, 1064.9)
114.0702|(429.8, 1095.0)
114.1865|(1048.9, 584.2)
114.2197|(1052.2, 609.8)
114.2365|(1052.2, 609.8)
114.2532|(1235.2, 631.4)
114.2699|(1288.8, 636.4)
114.2867|(1315.3, 642.9)
114.3038|(1355.2, 652.6)
114.3205|(1355.0, 655.8)
114.3372|(1353.8, 655.6)
114.3705|(1354.2, 662.4)
114.3867|(1353.4, 659.2)
114.4037|(1377.1, 660.4)
114.4203|(1386.9, 655.8)
114.4367|(1596.4, 654.7)
114.4538|(1767.9, 677.1)
114.4712|(1755.2, 676.7)
114.4879|(1777.5, 673.3)
114.5202|(1812.0, 672.7)
114.5368|(1806.7, 672.3)
114.5536|(1804.8, 669.4)
114.5707|(1802.5, 664.2)
114.5873|(1802.1, 664.0)
114.6041|(1799.4, 662.2)
114.6215|(1790.6, 657.4)
114.6379|(1765.4, 641.0)
114.6702|(1699.6, 639.3)
114.7038|(1398.1, 632.5)
114.7208|(1367.7, 632.2)
114.7373|(1274.4, 627.4)
114.7542|(1138.7, 614.9)
114.788|(1043.0, 595.8)
114.8207|(1032.1, 594.2)
114.8708|(1034.9, 596.9)
114.8876|(1039.6, 598.9)
114.9049|(1030.1, 622.1)
114.9213|(1035.3, 622.2)
114.9549|(1038.9, 623.2)
114.9709|(1038.3, 623.9)
114.9878|(976.7, 763.6)
115.0045|(885.6, 966.5)
115.0215|(855.3, 1021.2)
115.0376|(851.7, 1020.1)
115.0552|(849.3, 1019.9)
115.0712|(846.9, 1017.8)
115.1054|(841.3, 1006.4)
115.1215|(840.1, 997.4)
115.1545|(841.3, 990.7)
115.1716|(844.1, 990.8)
115.2055|(869.0, 965.0)
115.2213|(1350.2, 795.5)
115.2549|(1553.5, 699.6)
115.2713|(1550.8, 706.0)
115.2878|(1570.1, 694.5)
115.3055|(1577.3, 691.3)
115.3226|(1628.2, 669.8)
115.3405|(1640.2, 670.9)
115.3563|(1656.5, 680.2)
115.3735|(1666.1, 685.7)
115.423|(1670.9, 692.2)
115.4393|(1686.7, 702.8)
115.4726|(1688.2, 705.2)
115.4895|(1686.8, 705.1)
115.5063|(1765.0, 671.6)
115.5238|(1775.5, 667.5)
115.557|(1773.9, 651.9)
115.573|(1761.3, 637.7)
115.5901|(1760.9, 636.6)
115.6064|(1750.2, 619.3)
115.6231|(1747.0, 616.8)
115.6397|(1751.3, 620.5)
115.6559|(1772.7, 641.7)
115.6898|(1781.3, 647.9)
115.7059|(1793.3, 657.4)
115.7224|(1793.2, 656.7)
115.7391|(1749.9, 651.1)
115.7559|(1296.4, 578.3)
115.7725|(1273.9, 574.7)
115.7897|(1265.8, 572.0)
115.8063|(1264.6, 571.0)
115.8233|(1263.3, 568.8)
115.857|(1262.7, 568.1)
115.8738|(1263.8, 568.7)
115.8898|(1263.6, 569.3)
115.9068|(1263.3, 570.8)
115.9244|(1264.3, 573.9)
115.9404|(1267.4, 576.2)
115.9572|(1261.6, 587.0)
115.9742|(1237.7, 603.9)
116.007|(1215.1, 620.4)
116.0233|(1207.1, 625.9)
116.04|(1154.2, 666.5)
116.0571|(1153.3, 667.7)
116.0736|(1152.6, 662.9)
116.0905|(1151.5, 661.1)
116.1079|(1155.5, 660.4)
116.1573|(1155.8, 659.7)
116.1736|(1155.3, 658.9)
116.191|(1156.1, 659.7)
116.2071|(1194.2, 657.9)
116.2238|(1379.2, 648.4)
116.2411|(1594.7, 639.4)
116.2578|(1618.6, 640.5)
116.3069|(1709.4, 643.4)
116.34|(1715.3, 649.3)
116.3569|(1718.6, 657.3)
116.3738|(1716.2, 650.5)
116.3908|(1712.7, 648.9)
116.4082|(1712.1, 648.4)
116.4232|(1716.2, 650.6)
116.4576|(1682.5, 621.4)
116.4739|(1683.7, 621.7)
116.4903|(1681.3, 615.3)
116.5069|(1686.8, 608.1)
116.5243|(1686.8, 606.1)
116.5403|(1686.4, 612.0)
116.5572|(1692.6, 615.9)
116.5729|(1692.0, 616.3)
116.6071|(1686.0, 613.1)
116.6242|(1689.4, 615.0)
116.6414|(1673.8, 616.6)
116.6579|(1420.5, 642.2)
116.6745|(1102.9, 662.4)
116.692|(898.7, 661.2)
116.7083|(879.4, 663.9)
116.7243|(867.3, 663.2)
116.7577|(867.8, 674.9)
116.7739|(862.9, 666.4)
116.7905|(862.7, 665.2)
116.8077|(865.7, 670.7)
116.8245|(862.0, 667.4)
116.841|(861.1, 669.3)
116.8576|(862.7, 672.7)
116.8752|(869.4, 675.1)
116.9077|(867.8, 675.4)
116.924|(865.8, 675.5)
116.9409|(968.8, 510.9)
116.9579|(1018.3, 441.2)
116.9751|(1034.5, 417.1)
116.9911|(1033.3, 417.3)
117.0076|(1031.9, 416.0)
117.024|(1031.5, 415.3)
117.0578|(1029.1, 412.3)
117.0746|(1029.3, 414.0)
117.0912|(1027.8, 413.4)
117.1086|(1026.0, 412.7)
117.1425|(1027.5, 414.7)
117.1742|(1029.7, 415.5)
117.2245|(1031.0, 419.2)
117.2423|(1031.2, 423.7)
117.2763|(789.2, 420.7)
117.2927|(763.8, 417.1)
117.3096|(737.7, 416.0)
117.325|(739.0, 418.5)
117.3586|(740.3, 419.6)
117.3753|(741.4, 416.9)
117.4092|(740.9, 416.9)
117.426|(739.3, 414.3)
117.4438|(742.2, 419.5)
117.4589|(744.9, 421.4)
117.4752|(1017.2, 509.6)
117.5252|(1229.4, 574.7)
117.5426|(1334.5, 600.6)
117.5586|(1360.9, 605.3)
117.5762|(1621.4, 647.7)
117.593|(1686.3, 656.0)
117.6258|(1687.5, 657.6)
117.676|(1696.8, 650.1)
117.692|(1693.5, 649.6)
117.7266|(1655.8, 608.3)
117.7427|(1638.8, 591.9)
117.7593|(1641.3, 594.0)
117.7757|(1645.3, 596.1)
117.8096|(1652.0, 599.4)
117.8262|(1650.3, 601.4)
117.8423|(1643.2, 597.8)
117.8599|(1647.0, 600.0)
117.893|(1637.6, 582.3)
