220.5656|(762.7, 1042.2)
220.64|(764.2, 1039.2)
220.673|(753.4, 1041.7)
220.708|(756.7, 1039.0)
220.7403|(756.6, 1037.1)
220.7739|(759.4, 1038.9)
220.7901|(760.5, 1039.5)
220.8067|(761.8, 1031.0)
220.8245|(765.3, 1030.3)
220.8409|(766.3, 1027.2)
220.8576|(767.9, 1026.1)
220.8738|(765.3, 1019.8)
220.8906|(766.4, 1019.6)
220.9235|(762.1, 1018.6)
220.9564|(754.0, 1017.9)
220.9736|(744.2, 1017.6)
220.9899|(697.3, 1006.9)
221.0072|(697.2, 1005.3)
221.0409|(692.8, 1008.3)
221.0578|(690.9, 1013.1)
221.0907|(690.9, 1010.9)
221.1066|(683.2, 1016.9)
221.1236|(678.7, 1019.3)
221.1409|(677.7, 1019.5)
221.1569|(678.1, 1018.8)
221.1742|(678.1, 1019.2)
221.1909|(677.5, 1019.4)
221.2243|(663.9, 1127.9)
221.2414|(659.0, 1142.3)
221.2579|(658.8, 1143.5)
221.2746|(658.3, 1144.7)
221.2905|(653.4, 1133.8)
221.3076|(656.2, 1134.2)
221.3237|(656.5, 1132.7)
221.3739|(655.8, 1126.1)
221.4081|(662.9, 1127.7)
221.4575|(666.1, 1126.8)
221.4743|(667.0, 1123.8)
221.4908|(661.1, 1117.5)
221.5244|(660.7, 1114.0)
221.5413|(643.2, 1114.0)
221.5576|(648.3, 1115.9)
221.5909|(650.1, 1116.2)
221.6073|(656.6, 1117.6)
221.6245|(657.6, 1119.3)
221.6414|(660.0, 1114.1)
221.6745|(670.8, 1095.3)
221.6917|(666.7, 1098.8)
221.7075|(693.2, 1009.2)
221.7244|(702.2, 981.4)
221.7411|(701.8, 963.6)
221.7581|(701.8, 940.2)
221.775|(701.7, 936.8)
221.8085|(695.3, 951.4)
221.8417|(693.3, 930.1)
221.8582|(689.7, 931.8)
221.8754|(676.2, 955.3)
221.9083|(678.0, 961.8)
221.9253|(683.2, 996.9)
221.9416|(687.3, 1020.1)
221.9747|(692.8, 1028.0)
221.9917|(703.8, 1006.8)
222.0087|(706.2, 1006.4)
222.0251|(704.8, 1008.1)
222.0419|(705.8, 1007.4)
222.0587|(705.0, 1003.6)
222.077|(706.4, 1013.9)
222.0921|(705.8, 1014.5)
222.1426|(691.0, 1039.0)
222.1585|(677.8, 1074.9)
222.1751|(667.4, 1103.2)
222.1919|(662.8, 1118.2)
222.2089|(659.1, 1133.9)
222.2252|(657.9, 1140.7)
222.242|(657.2, 1143.3)
222.2592|(660.8, 1144.6)
222.2759|(661.2, 1143.0)
222.292|(661.6, 1142.0)
222.3088|(662.3, 1139.4)
222.3252|(661.7, 1135.2)
222.342|(661.9, 1130.4)
222.3589|(661.7, 1123.8)
222.376|(661.6, 1120.7)
222.3922|(662.9, 1113.3)
222.4086|(663.7, 1111.8)
222.4253|(662.7, 1112.5)
222.4414|(664.0, 1112.6)
222.4583|(667.4, 1111.3)
222.4756|(667.3, 1110.1)
222.492|(666.7, 1108.7)
222.5086|(665.5, 1109.0)
222.5261|(663.8, 1107.1)
222.5587|(663.9, 1107.7)
222.5754|(670.7, 1108.3)
222.5921|(692.0, 1109.0)
222.6088|(703.9, 1111.3)
222.6261|(707.5, 1112.5)
222.6423|(718.9, 1121.1)
222.659|(726.2, 1119.4)
222.6758|(760.3, 1120.1)
222.7093|(765.0, 1120.4)
222.726|(775.0, 1121.8)
222.7426|(784.9, 1122.5)
222.7592|(785.0, 1122.7)
222.7762|(784.5, 1125.1)
222.7929|(786.3, 1124.8)
222.8092|(786.3, 1126.3)
222.8269|(784.9, 1129.1)
222.8434|(785.1, 1132.1)
222.859|(780.9, 1134.5)
222.8758|(780.1, 1133.9)
222.8928|(779.0, 1134.4)
222.909|(779.3, 1133.5)
222.9261|(777.9, 1137.3)
222.9437|(780.2, 1139.7)
222.9599|(806.6, 1142.9)
222.9766|(813.1, 1142.4)
222.9934|(819.0, 1138.1)
223.0269|(823.8, 1136.3)
223.0431|(825.1, 1130.3)
223.0593|(826.2, 1130.4)
223.076|(829.4, 1130.6)
223.0936|(830.6, 1130.1)
223.1107|(831.2, 1129.1)
223.1265|(833.2, 1127.3)
223.1599|(829.0, 1127.1)
223.1764|(829.0, 1127.1)
223.1931|(830.5, 1129.6)
223.2098|(830.7, 1130.2)
223.2438|(837.8, 1128.3)
223.2771|(852.4, 1125.1)
223.3269|(880.0, 1127.0)
223.3431|(890.0, 1125.9)
223.3604|(886.8, 1127.2)
223.3772|(887.0, 1126.7)
223.3937|(886.0, 1124.8)
223.4114|(884.7, 1123.7)
223.4279|(879.6, 1120.9)
223.4606|(878.3, 1115.3)
223.4769|(879.4, 1114.4)
223.5104|(883.1, 1107.0)
223.5269|(886.0, 1104.0)
223.5611|(907.1, 1103.3)
223.6105|(942.5, 1103.6)
223.6438|(978.4, 1097.8)
223.6606|(979.2, 1095.7)
223.6773|(978.2, 1096.1)
223.6944|(975.7, 1105.8)
223.7111|(976.4, 1108.4)
223.7275|(976.6, 1109.6)
223.7606|(977.7, 1112.4)
223.7772|(980.0, 1106.6)
223.7942|(981.3, 1103.9)
223.8108|(982.2, 1101.2)
223.828|(980.9, 1102.0)
223.8447|(979.3, 1102.4)
223.8617|(978.6, 1107.4)
223.8776|(977.1, 1107.9)
223.9109|(977.4, 1108.9)
223.9278|(977.8, 1107.2)
223.9444|(977.6, 1105.2)
223.9608|(978.0, 1102.5)
223.9778|(978.7, 1099.7)
223.995|(978.6, 1102.6)
224.012|(978.2, 1103.2)
224.0279|(968.5, 1111.2)
224.0607|(880.7, 1112.5)
224.0779|(758.8, 1119.0)
224.0948|(720.9, 1119.9)
224.1114|(694.5, 1120.9)
224.1278|(653.8, 1118.4)
224.1454|(651.6, 1117.7)
224.1613|(655.4, 1117.1)
224.1776|(659.6, 1114.8)
224.2119|(659.9, 1115.2)
224.2276|(660.2, 1111.9)
224.2444|(662.0, 1112.3)
224.2611|(659.9, 1112.1)
224.2786|(658.7, 1114.2)
224.295|(659.0, 1112.9)
224.3123|(658.1, 1113.4)
224.3275|(657.4, 1112.9)
224.3616|(656.7, 1110.4)
224.3779|(657.1, 1111.0)
224.3951|(658.5, 1107.9)
224.412|(661.9, 1105.3)
224.429|(706.7, 1109.8)
224.4461|(701.1, 1109.2)
224.4619|(702.6, 1108.8)
224.4782|(713.5, 1109.0)
224.5119|(718.8, 1109.1)
224.5285|(716.8, 1110.4)
224.5453|(716.3, 1112.1)
224.5617|(716.6, 1113.7)
224.5787|(723.6, 1122.6)
224.5962|(722.8, 1123.0)
224.6128|(745.1, 1120.8)
224.6295|(764.7, 1118.7)
224.6616|(777.3, 1116.9)
224.6784|(784.7, 1116.2)
224.6954|(785.5, 1116.4)
224.7122|(789.9, 1116.4)
224.7295|(787.8, 1116.9)
224.7456|(784.0, 1116.8)
224.7623|(777.9, 1116.8)
224.7784|(777.2, 1115.3)
224.812|(777.7, 1114.7)
224.8287|(778.5, 1114.9)
224.8456|(775.6, 1112.3)
224.8628|(772.7, 1106.5)
224.8803|(785.5, 1113.0)
224.8954|(784.2, 1109.4)
224.9125|(782.4, 1110.5)
224.9286|(781.5, 1110.6)
224.9624|(783.9, 1109.9)
224.9791|(786.3, 1108.6)
224.9957|(784.8, 1110.2)
225.0133|(787.0, 1104.9)
225.0304|(785.2, 1105.7)
225.0468|(785.1, 1106.5)
225.063|(783.7, 1111.1)
225.0806|(784.6, 1112.1)
225.1129|(784.2, 1112.5)
225.1298|(782.2, 1111.3)
225.1466|(782.4, 1109.3)
225.1633|(783.0, 1110.1)
225.1805|(786.3, 1110.1)
225.1972|(785.4, 1111.4)
225.2133|(785.9, 1109.8)
225.2297|(785.9, 1108.3)
225.2632|(785.4, 1106.1)
225.28|(785.1, 1105.2)
225.2966|(784.8, 1108.2)
225.3139|(784.5, 1107.2)
225.331|(852.5, 1109.0)
225.3472|(861.0, 1104.5)
225.3643|(863.0, 1103.6)
225.3797|(870.2, 1103.6)
225.4134|(869.6, 1099.8)
225.4302|(869.5, 1100.2)
225.4469|(870.1, 1101.0)
225.4635|(874.5, 1106.2)
225.4808|(874.9, 1111.9)
225.4981|(875.3, 1112.7)
225.5144|(877.9, 1113.1)
225.5309|(877.8, 1113.1)
225.5636|(876.9, 1116.0)
225.5804|(877.4, 1116.1)
225.5973|(876.8, 1116.4)
225.6139|(876.1, 1116.9)
225.6311|(877.2, 1120.1)
225.6472|(883.4, 1119.9)
225.6641|(886.9, 1119.7)
225.6808|(905.2, 1117.7)
225.7143|(920.9, 1116.9)
225.7309|(948.0, 1118.4)
225.7473|(957.5, 1117.9)
225.7652|(972.6, 1116.1)
225.7813|(979.6, 1115.8)
225.7974|(986.9, 1112.1)
225.8151|(988.6, 1110.7)
225.8306|(986.6, 1104.7)
225.8639|(988.5, 1105.0)
225.8812|(988.5, 1103.5)
225.898|(989.3, 1102.6)
225.9152|(989.0, 1102.2)
225.9313|(984.5, 1100.6)
225.9483|(982.5, 1105.7)
225.9648|(982.8, 1106.7)
225.9806|(983.7, 1107.1)
226.0143|(985.3, 1107.2)
226.0317|(985.5, 1108.0)
226.048|(817.1, 1085.8)
226.0648|(699.1, 1060.0)
226.0822|(660.4, 1054.9)
226.098|(641.4, 1054.1)
226.1149|(640.1, 1054.8)
226.1315|(641.0, 1058.6)
226.1646|(634.4, 1065.7)
226.1813|(634.2, 1065.9)
226.1982|(633.4, 1073.4)
226.2158|(632.3, 1070.3)
226.2318|(634.1, 1071.6)
226.2481|(636.2, 1071.4)
226.2655|(634.9, 1070.9)
226.2815|(634.7, 1069.8)
226.3149|(633.1, 1069.2)
226.3317|(632.2, 1070.4)
226.3484|(633.7, 1071.0)
226.3659|(632.6, 1071.6)
226.3818|(646.0, 1068.7)
226.3987|(670.4, 1062.5)
226.4152|(682.4, 1060.9)
226.4317|(702.3, 1059.0)
226.4651|(746.6, 1054.5)
226.482|(804.6, 1050.3)
226.4991|(805.2, 1049.5)
226.5159|(803.9, 1053.5)
226.5327|(804.2, 1058.2)
226.5483|(806.9, 1061.2)
226.5659|(806.8, 1059.4)
226.5822|(805.9, 1059.0)
226.6162|(806.1, 1060.1)
226.6322|(805.7, 1059.9)
226.6495|(804.6, 1058.2)
226.6667|(806.1, 1067.0)
226.6823|(806.6, 1067.0)
226.6988|(804.7, 1064.2)
226.7158|(805.6, 1063.5)
226.7324|(805.9, 1062.5)
226.7655|(808.0, 1061.0)
226.7821|(823.7, 1060.8)
226.8002|(844.2, 1060.5)
226.816|(848.0, 1060.4)
226.833|(854.9, 1056.2)
226.8494|(859.1, 1052.7)
226.8659|(858.7, 1053.5)
226.8828|(864.2, 1053.0)
226.916|(870.2, 1054.0)
226.9331|(878.8, 1053.7)
226.9503|(924.1, 1051.7)
226.9676|(937.7, 1047.6)
226.983|(944.1, 1046.4)
226.9996|(950.7, 1046.7)
227.0166|(951.1, 1049.0)
227.0327|(958.4, 1052.3)
227.0661|(971.7, 1057.8)
227.083|(994.0, 1064.3)
227.1006|(1021.4, 1065.4)
227.1175|(1024.6, 1065.2)
227.1327|(1055.3, 1065.5)
227.1498|(1055.8, 1065.0)
227.1664|(1053.4, 1067.0)
227.183|(1054.5, 1064.2)
227.2164|(1056.2, 1065.4)
227.2333|(1059.0, 1063.9)
227.2507|(1057.7, 1064.2)
227.2668|(1058.5, 1064.2)
227.2833|(1064.5, 1065.7)
227.2999|(1094.0, 1070.2)
227.3163|(1119.2, 1067.5)
227.3332|(1122.6, 1067.7)
227.367|(1133.9, 1070.6)
227.3836|(1138.7, 1078.2)
227.4008|(1142.4, 1077.2)
227.4178|(1142.2, 1075.1)
227.4336|(1142.0, 1073.8)
227.4501|(1142.1, 1074.5)
227.4675|(1141.9, 1073.5)
227.4833|(1142.9, 1073.5)
227.5171|(1152.7, 1063.4)
227.5344|(1149.3, 1061.2)
227.5516|(1202.2, 1065.0)
227.5674|(1231.5, 1066.2)
227.5839|(1239.4, 1067.9)
227.6005|(1251.9, 1071.8)
227.6176|(1257.0, 1069.3)
227.6337|(1261.3, 1068.0)
227.6672|(1261.0, 1073.3)
227.685|(1261.7, 1071.5)
227.7011|(1261.3, 1068.3)
227.7173|(1263.9, 1073.1)
227.751|(1171.3, 1067.4)
227.768|(959.8, 1043.8)
227.8181|(681.1, 1006.2)
227.8345|(684.1, 1009.6)
227.8514|(678.0, 1008.9)
227.8679|(681.2, 1003.7)
227.8841|(679.9, 1005.8)
227.9006|(679.1, 1006.3)
227.9172|(679.2, 1004.3)
227.9342|(676.5, 997.0)
227.9682|(675.0, 999.7)
227.9845|(674.2, 1002.3)
228.0022|(674.3, 1000.5)
228.1181|(662.0, 929.6)
228.1353|(677.9, 1034.3)
228.1518|(685.3, 1040.5)
228.1679|(688.9, 1033.9)
228.1844|(687.9, 1034.4)
228.2012|(690.0, 1031.5)
228.2184|(692.7, 1027.1)
228.2345|(691.3, 1018.8)
228.269|(692.1, 1013.8)
228.2854|(692.2, 1016.1)
228.3019|(684.6, 1013.7)
228.319|(683.8, 1015.7)
228.3354|(676.7, 1020.0)
228.3517|(658.1, 1024.8)
228.3682|(652.9, 1024.1)
228.3848|(641.3, 1023.2)
228.4194|(621.2, 1027.8)
228.4359|(621.8, 1027.9)
228.4524|(620.9, 1022.2)
228.4691|(622.0, 1017.5)
228.4853|(616.9, 1014.9)
228.5013|(617.0, 1012.5)
228.5188|(617.8, 1014.2)
228.5351|(620.4, 1012.2)
228.5694|(620.8, 1010.9)
228.5857|(628.3, 1008.8)
228.6028|(633.1, 1007.6)
228.619|(646.2, 1014.1)
228.636|(665.4, 1014.6)
228.6519|(668.8, 1012.9)
228.6688|(668.2, 1010.9)
228.6857|(680.2, 1008.9)
228.7195|(690.5, 997.9)
228.7361|(688.2, 1001.8)
228.7533|(695.0, 1000.8)
228.7691|(698.2, 1000.4)
228.7856|(697.1, 1000.3)
228.802|(696.2, 1001.1)
228.8193|(697.4, 1003.3)
228.836|(711.8, 1004.2)
228.8694|(728.4, 1007.7)
228.8872|(770.6, 1014.4)
228.903|(774.8, 1013.4)
228.9192|(773.2, 1011.5)
228.9358|(769.5, 1010.0)
228.9526|(771.4, 1013.0)
228.9693|(771.4, 1013.2)
228.9863|(772.7, 1014.6)
229.0204|(773.5, 1012.6)
229.0366|(783.0, 995.2)
229.0532|(783.6, 992.5)
229.07|(782.5, 993.5)
229.0863|(783.6, 997.0)
229.1027|(783.8, 997.8)
229.1196|(793.7, 1001.6)
229.1372|(797.8, 1002.8)
229.1707|(807.4, 1006.9)
229.1875|(806.5, 1004.9)
229.203|(806.3, 1004.7)
229.2199|(804.5, 1002.9)
229.2364|(800.2, 1000.7)
229.2527|(798.1, 1004.0)
229.2704|(798.9, 1007.0)
229.287|(798.9, 1006.7)
229.3205|(798.2, 1007.2)
229.3373|(802.1, 1008.6)
229.3542|(803.5, 1004.8)
229.3703|(804.0, 1003.9)
229.3863|(803.7, 1006.9)
229.4209|(795.0, 1011.3)
229.437|(800.4, 1011.3)
229.4534|(758.0, 994.4)
229.4712|(674.7, 976.7)
229.5039|(659.5, 974.4)
229.52|(602.7, 967.4)
229.5539|(592.1, 976.6)
229.5702|(600.3, 970.1)
229.6211|(600.0, 966.6)
229.6369|(616.9, 951.1)
229.6872|(622.7, 951.4)
229.7211|(641.1, 943.0)
229.7376|(657.3, 937.8)
229.7716|(667.1, 939.7)
229.804|(669.7, 936.9)
229.8206|(668.4, 935.6)
229.8372|(668.0, 934.0)
229.8537|(667.7, 934.3)
229.8714|(667.6, 934.0)
229.888|(667.1, 932.7)
229.9055|(666.1, 933.8)
229.9216|(663.8, 946.2)
229.9547|(664.3, 946.3)
229.9707|(663.6, 949.6)
230.0044|(663.1, 952.2)
230.0213|(660.1, 969.1)
230.0549|(657.6, 988.7)
230.0721|(666.4, 1010.6)
230.0882|(667.1, 1012.9)
230.1045|(667.8, 1014.1)
230.1213|(669.4, 1008.8)
230.1376|(672.1, 1006.3)
230.1549|(675.4, 1004.6)
230.1885|(673.8, 1000.6)
230.2224|(670.4, 986.6)
230.2715|(646.7, 978.2)
230.3052|(650.2, 974.6)
230.3215|(647.5, 975.0)
230.3562|(659.5, 974.8)
230.3719|(659.2, 974.5)
230.389|(644.1, 943.7)
230.405|(648.3, 941.4)
230.4215|(661.4, 927.0)
230.4381|(675.3, 933.8)
230.4551|(676.3, 939.8)
230.4724|(677.3, 941.2)
230.4896|(673.7, 945.9)
230.5223|(680.4, 946.4)
230.5392|(679.4, 947.3)
230.5551|(671.7, 949.5)
230.5721|(665.0, 951.6)
230.5885|(659.4, 952.4)
230.6055|(652.7, 951.1)
230.6228|(642.9, 946.4)
230.6394|(636.2, 941.4)
230.6562|(623.2, 933.8)
230.6734|(626.8, 929.1)
230.7057|(641.1, 918.6)
230.7225|(647.8, 913.8)
230.7561|(649.6, 912.0)
230.7722|(649.9, 910.8)
230.8064|(651.7, 909.1)
230.8224|(651.1, 909.2)
230.8393|(647.6, 908.4)
230.8558|(644.5, 897.8)
230.8725|(643.6, 899.6)
230.8893|(641.2, 901.7)
230.9064|(644.2, 904.1)
230.923|(646.1, 906.3)
230.9401|(650.0, 910.4)
230.9571|(650.0, 911.5)
230.9736|(657.8, 917.4)
230.9897|(670.2, 925.8)
231.0062|(673.7, 928.3)
231.0227|(675.1, 930.6)
231.0402|(671.4, 932.9)
231.056|(674.8, 931.9)
231.0734|(675.0, 929.9)
231.0898|(676.0, 929.3)
231.1072|(680.8, 929.5)
231.1237|(680.0, 930.4)
231.1399|(689.8, 933.0)
231.1565|(706.7, 941.5)
231.1727|(706.0, 947.9)
231.1896|(704.6, 951.1)
231.2065|(704.3, 948.3)
231.2236|(710.6, 941.3)
231.2401|(710.7, 938.8)
231.2571|(694.1, 940.7)
231.2733|(699.5, 939.1)
231.2902|(679.8, 934.4)
231.307|(673.9, 932.5)
231.3232|(649.5, 923.0)
231.3401|(648.3, 921.7)
231.357|(637.7, 916.5)
231.3736|(637.7, 916.2)
231.3909|(640.5, 915.4)
231.4077|(640.3, 914.9)
231.4245|(641.2, 914.7)
231.4399|(642.6, 917.7)
231.4565|(643.3, 925.2)
231.4732|(642.8, 926.4)
231.4902|(643.3, 927.6)
231.5068|(642.7, 927.2)
231.5243|(639.7, 924.7)
231.5405|(640.5, 924.4)
231.5579|(639.1, 917.6)
231.5737|(642.4, 914.8)
231.5903|(643.3, 911.9)
231.6068|(644.2, 902.5)
231.624|(645.7, 897.1)
231.6404|(651.2, 887.8)
231.6578|(650.4, 887.8)
231.6741|(650.1, 875.5)
231.6913|(649.3, 879.3)
231.708|(650.6, 875.7)
231.7241|(650.0, 877.2)
231.7406|(649.9, 875.9)
231.7572|(647.3, 864.8)
231.7738|(649.2, 863.7)
231.791|(652.6, 863.6)
231.808|(655.4, 865.1)
231.8248|(662.0, 864.5)
231.8411|(720.3, 861.7)
231.858|(751.3, 861.7)
231.8746|(767.1, 863.2)
231.891|(771.9, 863.3)
231.9073|(772.7, 864.6)
231.9245|(773.0, 862.8)
231.9414|(775.2, 860.3)
231.9584|(779.1, 856.1)
231.9748|(782.0, 855.7)
231.992|(780.8, 856.6)
232.0087|(782.6, 856.7)
232.0245|(782.4, 856.3)
232.0574|(810.9, 860.9)
232.075|(803.4, 864.2)
232.1082|(874.2, 866.7)
232.1257|(883.5, 868.4)
232.158|(917.4, 872.3)
232.1746|(917.2, 873.0)
232.1913|(917.3, 874.2)
232.2085|(916.0, 874.8)
232.2248|(914.7, 873.7)
232.2416|(914.3, 871.9)
232.2582|(901.4, 873.9)
232.2753|(789.4, 892.6)
232.2922|(717.7, 902.9)
232.3093|(645.1, 915.1)
232.325|(646.4, 916.0)
232.3418|(648.7, 917.7)
232.3587|(650.3, 921.8)
232.3752|(650.2, 921.0)
232.3916|(649.6, 920.0)
232.4087|(648.5, 917.2)
232.4253|(648.4, 914.5)
232.525|(637.7, 792.0)
232.5421|(641.9, 767.9)
232.5595|(640.2, 879.7)
232.5759|(636.6, 869.4)
232.6089|(632.8, 875.7)
232.6268|(628.9, 917.6)
232.6422|(627.8, 919.0)
232.6588|(628.4, 918.4)
232.676|(631.5, 921.1)
232.6928|(633.3, 918.2)
232.7095|(636.9, 912.9)
232.726|(636.7, 915.9)
232.7599|(636.4, 924.6)
232.776|(636.2, 917.6)
232.7919|(639.7, 910.8)
232.8089|(637.9, 910.2)
232.826|(636.5, 908.0)
232.8426|(638.1, 907.1)
232.8596|(636.6, 908.6)
232.8766|(635.7, 908.2)
232.9095|(640.0, 904.1)
232.9259|(641.3, 902.2)
232.9423|(646.0, 900.6)
232.959|(646.7, 903.7)
232.9759|(646.1, 904.6)
232.9934|(645.5, 905.8)
233.0104|(646.2, 900.6)
233.0269|(645.9, 900.6)
233.0598|(646.0, 898.9)
233.0764|(644.3, 897.9)
233.0929|(643.9, 896.4)
233.1095|(641.9, 894.7)
233.1263|(640.6, 890.3)
233.1433|(640.0, 891.7)
233.1604|(639.7, 891.3)
233.177|(639.8, 890.0)
233.21|(640.8, 888.6)
233.2262|(641.1, 885.4)
233.2429|(644.9, 877.0)
233.2597|(647.6, 873.4)
233.2773|(650.3, 869.8)
233.2936|(650.3, 869.4)
233.3109|(651.0, 870.3)
233.3275|(650.4, 876.7)
233.3615|(649.5, 883.7)
233.3769|(650.2, 889.6)
233.3934|(652.1, 894.6)
233.4102|(655.1, 890.4)
233.427|(656.7, 885.3)
233.4437|(656.9, 885.1)
233.4609|(653.2, 889.1)
233.4772|(649.0, 910.3)
233.5104|(647.3, 915.2)
233.5269|(647.1, 917.7)
233.5435|(649.8, 922.9)
233.5605|(648.1, 928.1)
233.5777|(648.9, 927.8)
233.5939|(644.3, 937.1)
233.6116|(643.7, 935.3)
233.6274|(643.8, 935.4)
233.6605|(641.7, 934.5)
233.677|(640.0, 935.3)
233.6938|(639.9, 935.8)
233.711|(639.3, 934.3)
233.7274|(639.5, 934.6)
233.7614|(639.6, 932.8)
233.7778|(640.6, 930.1)
233.8108|(647.8, 930.2)
233.8283|(645.2, 930.0)
233.8439|(644.5, 925.6)
233.8607|(644.6, 925.7)
233.8778|(644.0, 934.9)
233.8946|(643.9, 937.1)
233.9115|(648.8, 948.2)
233.9279|(649.2, 947.5)
233.9611|(646.3, 953.5)
233.9774|(646.0, 954.1)
233.994|(646.5, 956.5)
234.0111|(644.9, 957.4)
234.0282|(643.8, 961.7)
234.0451|(643.4, 962.8)
234.0619|(645.1, 965.9)
234.0785|(643.8, 971.9)
234.1116|(642.9, 974.0)
234.1276|(643.4, 973.1)
234.1445|(647.0, 972.8)
234.1613|(654.4, 961.5)
234.1781|(657.2, 956.7)
234.1956|(659.3, 953.0)
234.2122|(656.5, 947.7)
234.2282|(658.0, 947.3)
234.2611|(656.4, 946.7)
234.278|(658.8, 945.1)
234.3124|(659.2, 941.9)
234.3289|(657.0, 942.6)
234.3456|(661.0, 941.5)
234.3627|(666.5, 942.1)
234.4113|(672.7, 941.2)
234.4283|(670.6, 939.4)
234.4454|(665.3, 930.6)
234.4618|(666.8, 930.8)
234.4789|(663.1, 932.8)
234.4962|(660.3, 932.9)
234.5121|(662.1, 931.6)
234.5281|(661.8, 935.9)
234.5617|(662.1, 935.2)
234.5783|(661.5, 934.6)
234.5951|(661.9, 939.3)
234.6121|(661.8, 940.4)
234.6294|(660.2, 944.2)
234.646|(660.9, 944.2)
234.6626|(656.1, 941.3)
234.6791|(650.3, 943.0)
234.7124|(649.1, 945.3)
234.7287|(651.4, 947.1)
234.746|(641.6, 974.4)
234.763|(644.6, 978.8)
234.7797|(641.3, 973.1)
234.7967|(640.2, 974.7)
234.8131|(640.7, 976.1)
234.8292|(643.7, 964.4)
234.8625|(641.8, 967.6)
234.879|(641.4, 963.2)
234.8963|(642.6, 962.3)
234.9127|(646.9, 961.4)
234.9298|(649.0, 961.5)
234.9468|(651.1, 964.7)
234.9632|(650.9, 969.8)
234.9793|(649.1, 969.9)
235.0124|(648.4, 971.3)
235.0295|(648.4, 972.3)
235.0462|(643.6, 948.4)
235.0638|(642.5, 948.7)
235.0805|(641.8, 944.3)
235.0972|(645.1, 942.6)
235.1137|(645.6, 941.6)
235.1298|(643.4, 943.2)
235.1626|(640.0, 946.8)
235.1796|(640.7, 946.5)
235.1963|(642.9, 944.8)
235.2139|(647.7, 946.0)
235.2304|(659.7, 941.2)
235.2474|(663.4, 941.1)
235.2637|(666.6, 941.0)
235.2802|(670.4, 941.1)
235.3135|(701.5, 932.4)
235.3304|(701.9, 933.3)
235.3473|(702.2, 933.7)
235.3637|(703.4, 935.3)
235.3815|(704.3, 932.8)
235.4803|(728.3, 909.5)
235.4969|(725.9, 907.6)
235.5144|(702.8, 943.8)
235.5313|(696.0, 959.3)
235.5472|(689.3, 972.9)
235.5641|(692.2, 968.4)
235.5807|(692.4, 968.4)
235.6142|(683.2, 983.8)
235.6308|(683.5, 984.4)
235.6476|(683.7, 990.6)
235.6643|(687.2, 989.6)
235.6809|(686.7, 983.0)
235.6983|(686.6, 982.5)
235.7148|(687.9, 978.0)
235.7309|(689.0, 975.1)
235.7642|(690.5, 973.4)
235.7809|(693.2, 975.7)
235.7985|(693.5, 976.3)
235.8147|(692.8, 974.7)
235.8318|(719.9, 977.3)
235.8484|(730.5, 979.0)
235.8645|(734.2, 979.9)
235.8812|(736.7, 980.0)
235.9141|(740.8, 977.2)
235.931|(739.7, 977.3)
235.9483|(738.8, 977.0)
235.9655|(734.3, 978.4)
235.9818|(735.5, 978.8)
235.9975|(738.9, 976.8)
236.0147|(740.9, 975.9)
236.0312|(739.4, 977.7)
236.0644|(736.8, 980.0)
236.0816|(734.3, 980.8)
236.098|(733.9, 973.8)
236.115|(732.6, 971.3)
236.149|(737.9, 962.0)
236.1646|(737.9, 962.1)
236.1814|(737.6, 960.4)
236.2147|(738.1, 959.1)
236.2316|(743.6, 958.5)
236.249|(741.3, 960.2)
236.2652|(741.6, 958.5)
236.282|(743.5, 953.5)
236.298|(744.1, 953.8)
236.3149|(744.9, 957.3)
236.3317|(742.6, 958.1)
236.3653|(736.6, 959.3)
236.382|(715.7, 954.9)
236.3989|(709.3, 949.6)
236.4156|(658.1, 924.9)
236.4323|(663.8, 928.4)
236.4479|(652.1, 925.0)
236.4654|(653.7, 926.7)
236.4816|(651.1, 917.6)
236.515|(648.0, 919.0)
236.5319|(650.4, 916.6)
236.5494|(656.7, 826.6)
236.566|(662.3, 735.9)
236.5822|(664.2, 713.7)
236.5985|(664.7, 711.8)
236.6156|(664.5, 711.7)
236.6323|(663.9, 713.3)
236.6652|(663.7, 712.0)
236.6822|(664.1, 711.0)
236.6992|(665.6, 711.2)
236.7153|(666.3, 713.2)
236.7323|(666.6, 715.8)
236.7489|(666.9, 719.6)
236.7659|(664.7, 722.6)
236.7822|(662.6, 723.5)
236.816|(664.9, 724.7)
236.8328|(707.7, 728.5)
236.8497|(710.1, 728.6)
236.8663|(706.2, 728.8)
236.8823|(709.3, 729.3)
236.8996|(726.3, 735.4)
236.9157|(725.5, 733.0)
236.9322|(724.6, 732.4)
236.9666|(731.4, 729.3)
236.983|(738.0, 724.3)
237.0001|(756.5, 724.6)
237.0172|(784.3, 726.9)
237.0338|(803.4, 728.5)
237.0499|(805.9, 740.7)
237.0667|(805.8, 740.0)
237.0831|(804.4, 738.9)
237.1161|(808.0, 739.5)
237.1331|(804.6, 736.0)
237.1501|(811.7, 729.9)
237.1672|(845.3, 722.9)
237.1835|(852.8, 725.5)
237.2001|(856.0, 728.8)
237.2163|(858.1, 730.7)
237.233|(860.6, 731.0)
237.2672|(861.8, 729.2)
237.2837|(864.4, 729.5)
237.3009|(866.9, 730.2)
237.3183|(867.4, 730.4)
237.3339|(871.4, 731.1)
237.3503|(882.8, 733.4)
237.3665|(893.3, 734.5)
237.3838|(907.4, 734.6)
237.4172|(935.8, 736.8)
237.4336|(930.0, 735.9)
237.4505|(974.9, 734.0)
237.4677|(974.7, 736.9)
237.4837|(975.4, 734.9)
237.5007|(974.9, 733.3)
237.5169|(975.0, 733.5)
237.5334|(975.3, 734.3)
237.5673|(986.5, 736.1)
237.5843|(1001.7, 737.8)
237.6014|(1025.6, 740.0)
237.617|(1048.7, 741.0)
237.634|(1050.4, 742.0)
237.6503|(1051.6, 740.0)
237.6668|(1051.1, 739.3)
237.6836|(1047.8, 740.1)
237.717|(1051.2, 737.1)
237.7352|(1054.7, 734.4)
237.7514|(1055.9, 734.9)
237.7682|(1061.1, 736.7)
237.7848|(1071.6, 735.5)
237.8012|(1088.0, 734.7)
237.8171|(1102.9, 732.2)
237.8341|(1108.7, 736.0)
237.8683|(1113.6, 737.7)
237.8844|(1116.5, 743.9)
237.9023|(1115.9, 744.3)
237.918|(1117.6, 741.0)
237.9344|(1118.6, 742.0)
237.9512|(1119.9, 742.3)
237.968|(1120.6, 742.5)
237.9842|(1120.8, 733.0)
238.018|(1119.3, 734.9)
238.0349|(1095.8, 738.1)
238.0518|(699.1, 696.4)
238.0855|(692.2, 701.4)
238.1017|(675.9, 700.1)
238.1179|(680.1, 703.5)
238.1342|(677.4, 706.2)
238.1686|(681.9, 708.3)
238.1852|(670.3, 699.0)
238.2025|(669.9, 698.7)
238.2186|(668.8, 701.6)
238.2358|(669.0, 701.3)
238.2512|(667.6, 697.4)
238.2682|(667.0, 695.5)
238.285|(665.9, 695.5)
238.3191|(661.2, 690.1)
238.3358|(660.4, 690.8)
238.3523|(656.3, 693.8)
238.3688|(655.7, 694.7)
238.3854|(656.2, 694.1)
238.402|(656.3, 695.2)
238.4181|(654.4, 695.7)
238.4354|(673.6, 690.4)
238.4691|(691.5, 682.1)
238.4857|(695.9, 679.4)
238.5025|(702.7, 684.1)
238.5195|(701.2, 678.3)
238.5356|(702.0, 678.4)
238.5524|(703.6, 683.2)
238.5685|(701.8, 686.8)
238.5855|(700.9, 690.8)
238.6196|(700.6, 692.8)
238.6357|(700.3, 692.2)
238.6526|(699.6, 691.9)
238.669|(695.6, 680.4)
238.6857|(694.9, 678.5)
238.7018|(690.8, 675.8)
238.7185|(688.6, 675.5)
238.7358|(688.8, 674.7)
238.7699|(689.1, 673.3)
238.7859|(691.7, 674.7)
238.8028|(693.6, 674.8)
238.8197|(693.1, 672.1)
238.8356|(693.2, 672.1)
238.8523|(691.7, 669.8)
238.8691|(692.0, 671.0)
238.8861|(692.7, 673.6)
238.92|(694.6, 669.7)
238.9528|(694.7, 662.8)
238.9691|(694.3, 660.6)
238.9857|(674.5, 628.3)
239.0022|(672.6, 624.9)
239.0193|(671.7, 623.3)
239.0701|(667.6, 616.1)
239.0865|(667.1, 616.2)
239.1029|(667.5, 612.5)
239.1195|(667.4, 608.2)
239.1361|(668.6, 608.1)
239.1527|(668.7, 608.8)
239.17|(668.0, 607.4)
239.1863|(668.0, 607.2)
239.2198|(658.7, 605.2)
239.2366|(655.2, 603.4)
239.2527|(654.9, 603.3)
239.2698|(659.9, 600.6)
239.3196|(665.3, 599.4)
239.337|(669.5, 598.5)
239.3534|(704.4, 600.0)
239.3707|(702.3, 600.6)
239.3867|(708.6, 598.0)
239.4037|(709.4, 598.1)
239.4197|(708.5, 600.1)
239.4366|(709.3, 600.3)
239.4534|(709.9, 600.4)
239.5867|(755.7, 576.3)
239.6032|(771.6, 572.3)
239.6204|(766.6, 583.4)
239.6376|(768.8, 580.6)
239.6713|(769.0, 586.9)
239.6874|(770.9, 593.2)
239.7041|(772.8, 588.4)
239.7203|(773.3, 588.3)
239.7372|(773.8, 586.7)
239.754|(770.4, 592.2)
239.7706|(769.9, 592.5)
239.7878|(767.2, 590.6)
239.8041|(766.6, 591.5)
239.8205|(768.0, 593.3)
239.8373|(768.6, 591.5)
239.8541|(768.6, 591.3)
239.8704|(767.5, 592.3)
239.8869|(770.9, 590.5)
239.9039|(771.6, 590.7)
239.9205|(772.0, 592.8)
239.9375|(772.6, 594.5)
239.9723|(772.6, 594.3)
239.9889|(772.4, 593.2)
240.0056|(773.1, 596.5)
240.0214|(770.5, 602.0)
240.0381|(765.3, 612.6)
240.0545|(755.7, 603.4)
240.0716|(762.7, 611.1)
240.0883|(713.7, 585.3)
240.1225|(674.1, 564.3)
240.1385|(678.0, 566.4)
240.1558|(665.2, 567.8)
240.1716|(666.6, 570.2)
240.1897|(675.9, 581.2)
240.2051|(672.6, 577.5)
240.2217|(674.7, 577.8)
240.2391|(677.2, 572.3)
240.2727|(677.5, 566.8)
240.2891|(676.7, 567.2)
240.3062|(677.2, 570.5)
240.322|(673.3, 568.9)
240.3386|(666.0, 569.7)
240.3556|(662.6, 567.4)
240.3732|(661.6, 566.9)
240.3893|(660.9, 567.5)
240.4223|(657.3, 565.7)
240.4388|(655.5, 564.6)
240.4557|(653.6, 564.2)
240.4724|(654.5, 563.2)
240.4896|(654.1, 563.4)
240.5056|(654.7, 563.6)
240.5229|(655.4, 563.2)
240.5395|(657.9, 557.2)
240.5731|(662.1, 552.5)
240.6071|(669.5, 553.0)
240.6233|(665.3, 552.5)
240.6398|(689.7, 552.6)
240.6562|(698.2, 553.1)
240.6729|(698.1, 552.9)
240.6895|(699.5, 553.0)
240.7228|(702.4, 551.7)
240.7401|(701.6, 552.4)
240.7562|(701.0, 552.5)
240.7729|(699.8, 551.0)
240.7901|(699.2, 549.4)
240.806|(698.8, 551.3)
240.8232|(693.2, 554.1)
240.8402|(692.5, 553.7)
240.8737|(694.3, 552.9)
240.9071|(691.2, 554.1)
240.924|(688.8, 553.7)
240.9395|(673.3, 551.0)
240.9565|(660.4, 545.8)
240.9731|(658.2, 545.9)
240.9902|(655.3, 545.1)
241.007|(654.8, 550.9)
241.0236|(654.7, 549.7)
241.0397|(655.9, 550.4)
241.0565|(658.1, 548.1)
241.0729|(658.5, 547.7)
241.09|(666.0, 540.2)
241.1069|(665.6, 540.3)
241.1232|(661.0, 535.4)
241.1401|(660.1, 536.3)
241.1576|(658.2, 537.2)
241.1737|(653.5, 541.9)
241.19|(652.6, 546.1)
241.2062|(653.9, 545.7)
241.2229|(648.0, 574.5)
241.2397|(648.3, 584.5)
241.2564|(650.3, 581.6)
241.2738|(649.9, 585.0)
241.2902|(650.0, 586.0)
241.3248|(650.8, 588.0)
241.3406|(646.9, 589.0)
241.3569|(647.5, 589.2)
241.3733|(648.2, 589.8)
241.39|(645.5, 595.0)
241.4075|(647.1, 599.2)
241.4241|(649.0, 598.8)
241.4414|(650.5, 596.3)
241.4578|(651.1, 595.5)
241.4744|(651.8, 595.6)
241.4907|(653.7, 595.7)
241.5068|(658.7, 593.9)
241.5235|(661.9, 593.2)
241.5409|(673.4, 591.1)
241.5576|(684.2, 584.0)
241.5745|(688.9, 586.8)
241.5913|(691.9, 585.2)
241.6081|(692.7, 585.5)
241.641|(693.7, 585.7)
241.6582|(694.3, 584.4)
241.674|(693.6, 583.8)
241.6912|(692.7, 584.7)
241.7076|(691.6, 585.9)
241.7244|(691.8, 585.6)
241.7409|(694.7, 582.7)
241.7579|(697.4, 575.9)
241.7753|(699.4, 566.1)
241.7914|(702.9, 560.9)
241.8075|(708.3, 559.5)
241.8238|(710.6, 562.2)
241.8417|(707.7, 561.7)
241.8579|(709.1, 564.1)
241.8751|(707.8, 562.0)
241.9083|(690.8, 545.1)
241.9252|(691.1, 543.6)
241.941|(681.0, 535.7)
241.9578|(680.1, 534.4)
241.9743|(678.8, 531.0)
241.9911|(675.4, 527.6)
242.0082|(677.5, 530.1)
242.0249|(677.5, 529.8)
242.042|(681.6, 529.5)
242.0585|(690.5, 529.1)
242.075|(690.6, 529.3)
242.0917|(725.4, 516.7)
242.1081|(729.9, 513.4)
242.1247|(734.8, 510.1)
242.142|(739.5, 507.0)
242.1586|(737.8, 508.6)
242.1759|(736.8, 509.9)
242.192|(735.3, 511.5)
242.2252|(735.1, 513.1)
242.2421|(734.9, 513.7)
242.2579|(737.1, 513.0)
242.2751|(746.5, 510.6)
242.2917|(754.8, 509.0)
242.3093|(776.7, 504.7)
242.3258|(783.6, 503.3)
242.3586|(819.7, 495.4)
242.3754|(819.8, 495.7)
242.3914|(822.4, 499.7)
242.4087|(823.0, 500.4)
242.4254|(823.3, 499.3)
242.4417|(824.6, 496.5)
242.4588|(825.2, 496.8)
242.4766|(825.3, 496.5)
242.4929|(825.1, 496.4)
242.5093|(826.5, 499.3)
242.5253|(824.0, 500.7)
242.542|(849.2, 501.1)
242.5586|(849.1, 500.6)
242.5757|(862.6, 500.5)
242.5927|(863.7, 502.0)
242.6092|(865.0, 502.5)
242.6264|(865.5, 502.7)
242.6428|(867.7, 501.0)
242.6592|(866.4, 500.9)
242.6763|(866.2, 501.1)
242.6919|(774.4, 503.5)
242.7088|(743.8, 506.8)
242.7256|(718.8, 506.2)
242.7424|(714.9, 506.0)
242.76|(705.3, 506.1)
242.7762|(698.9, 507.9)
242.8094|(700.7, 505.3)
242.8255|(698.6, 501.1)
242.843|(697.1, 499.0)
242.8592|(697.3, 500.0)
242.876|(698.7, 505.0)
242.8936|(702.0, 514.9)
242.9103|(701.9, 511.4)
242.9269|(699.5, 510.3)
242.9433|(701.1, 513.2)
242.9595|(701.2, 506.8)
242.9761|(700.8, 505.3)
242.9924|(699.7, 501.2)
243.0093|(699.3, 500.7)
243.0261|(700.8, 501.4)
243.0434|(698.4, 501.7)
243.0605|(693.8, 499.8)
243.0775|(694.7, 500.3)
243.1101|(688.4, 496.8)
243.1263|(686.0, 495.4)
243.143|(674.5, 489.8)
243.1601|(668.4, 484.7)
243.1772|(669.0, 483.9)
243.1933|(672.6, 480.8)
243.2107|(669.7, 478.9)
243.2274|(671.0, 475.8)
243.2601|(673.0, 468.1)
243.2763|(673.6, 470.3)
243.293|(676.1, 469.7)
243.3107|(681.6, 474.0)
243.3263|(672.9, 466.7)
243.3435|(680.6, 468.4)
243.361|(676.6, 461.8)
243.3779|(678.4, 461.2)
243.4106|(680.3, 416.5)
243.4267|(681.4, 383.2)
243.4435|(696.7, 329.1)
243.4603|(699.1, 320.0)
243.477|(700.5, 311.6)
243.4939|(694.3, 316.8)
243.5114|(693.5, 316.9)
243.5275|(692.3, 317.0)
243.5603|(699.4, 309.0)
243.5776|(701.8, 307.4)
243.5938|(668.3, 316.6)
243.6108|(665.8, 317.0)
243.6276|(668.9, 317.2)
243.644|(674.0, 317.3)
243.6614|(669.2, 320.7)
243.6777|(670.6, 319.5)
243.711|(672.4, 318.7)
243.7271|(672.2, 317.8)
243.7438|(671.4, 315.1)
243.7608|(672.3, 314.6)
243.7778|(682.0, 243.9)
243.7942|(684.5, 229.4)
243.8116|(688.9, 232.2)
243.8273|(688.1, 228.8)
243.8607|(689.2, 228.6)
243.8777|(686.6, 230.6)
243.8942|(686.3, 229.5)
243.9107|(683.9, 225.1)
243.9283|(684.4, 225.0)
243.9448|(685.6, 225.0)
243.9614|(686.1, 223.9)
243.978|(686.2, 225.5)
244.0115|(686.8, 228.2)
244.0281|(685.3, 228.2)
244.0444|(723.2, 224.4)
244.0611|(732.1, 227.0)
244.0783|(734.1, 227.9)
244.0957|(737.0, 228.4)
244.1124|(739.1, 228.6)
244.1287|(740.8, 229.8)
244.1453|(743.6, 232.4)
244.1618|(742.5, 234.0)
244.1779|(740.0, 233.4)
244.1947|(740.0, 233.7)
244.2115|(739.4, 234.2)
244.2285|(737.5, 235.6)
244.2459|(743.6, 233.7)
244.2621|(743.5, 233.5)
244.2788|(743.4, 232.5)
244.3286|(741.6, 233.5)
244.3462|(741.7, 232.9)
244.3627|(741.6, 232.0)
244.3794|(767.5, 229.1)
244.396|(763.1, 229.1)
244.412|(782.7, 228.4)
244.4288|(782.6, 228.3)
244.4453|(806.7, 226.6)
244.4624|(806.6, 220.1)
244.4784|(804.9, 218.1)
244.4955|(786.4, 205.7)
244.5295|(782.9, 203.3)
244.5464|(779.5, 201.3)
244.5626|(776.1, 198.7)
244.5798|(771.2, 194.3)
244.6121|(774.2, 200.2)
244.6288|(773.6, 202.4)
244.6628|(771.9, 203.6)
244.679|(752.8, 213.0)
244.6959|(705.1, 218.6)
244.7131|(663.8, 224.1)
244.762|(618.4, 228.5)
244.8135|(634.6, 221.3)
244.83|(637.5, 213.2)
244.8459|(638.8, 214.6)
244.8627|(637.0, 211.2)
244.9122|(655.3, 219.4)
244.929|(645.9, 219.0)
244.9458|(678.4, 209.4)
244.9629|(700.1, 203.3)
244.98|(722.2, 200.9)
244.9973|(724.7, 199.5)
245.0128|(718.4, 195.2)
245.0299|(722.4, 199.4)
245.0626|(719.5, 199.0)
245.0796|(718.6, 197.6)
245.0961|(719.5, 195.0)
245.1139|(724.5, 193.1)
245.1301|(726.0, 180.5)
245.1472|(724.6, 173.6)
245.1634|(726.4, 167.5)
245.1798|(730.8, 163.3)
245.2129|(730.4, 164.6)
245.2298|(732.7, 164.5)
245.2465|(731.4, 165.5)
245.2635|(730.3, 166.1)
245.2809|(727.7, 171.4)
245.2977|(730.2, 174.2)
245.33|(740.4, 179.6)
245.3809|(757.6, 189.4)
245.3967|(761.7, 189.5)
245.4309|(821.7, 201.3)
245.4471|(843.5, 194.0)
245.4637|(844.2, 192.7)
245.4799|(845.2, 192.4)
245.5143|(844.5, 186.4)
245.5304|(844.4, 185.8)
245.5473|(845.8, 186.7)
245.5641|(845.8, 186.3)
245.5818|(849.4, 187.2)
245.5978|(856.5, 188.5)
245.6147|(870.1, 194.7)
245.6315|(874.9, 196.2)
245.6641|(877.5, 192.6)
245.6809|(878.3, 191.9)
245.6982|(879.1, 192.0)
245.7146|(878.5, 192.5)
245.7314|(877.2, 192.1)
245.749|(876.9, 192.2)
245.7641|(876.6, 192.6)
245.7815|(873.9, 195.7)
245.8144|(866.4, 197.3)
245.8314|(867.5, 199.4)
245.8482|(774.0, 190.0)
245.8649|(739.5, 185.5)
245.882|(690.2, 181.2)
245.8981|(674.5, 179.5)
245.9151|(674.0, 179.1)
245.9312|(671.5, 179.0)
245.9642|(675.1, 179.7)
245.9814|(674.7, 179.5)
245.9989|(676.4, 182.6)
246.0152|(675.0, 180.6)
246.0321|(675.3, 180.7)
246.0485|(677.2, 180.6)
246.0655|(677.2, 178.8)
246.1147|(680.0, 173.5)
246.1482|(682.6, 177.8)
246.1819|(681.0, 181.3)
246.1983|(686.1, 184.1)
246.2144|(684.7, 183.2)
246.2647|(691.9, 181.0)
246.2821|(693.2, 179.0)
246.2988|(693.3, 178.8)
246.3154|(693.2, 179.2)
246.3323|(699.6, 180.0)
246.3655|(698.1, 180.0)
246.382|(692.5, 187.0)
246.4318|(702.5, 180.9)
246.4665|(725.9, 179.0)
246.4987|(730.6, 184.3)
246.5153|(736.5, 195.3)
246.5655|(742.2, 200.6)
246.5825|(742.2, 191.3)
246.5991|(741.8, 203.8)
246.6324|(791.7, 209.9)
246.6494|(792.6, 203.7)
246.7496|(812.4, 196.5)
246.7667|(809.9, 183.3)
246.7991|(807.2, 180.5)
246.8159|(817.6, 175.2)
246.8323|(817.8, 175.0)
246.866|(820.4, 174.3)
246.8828|(819.4, 174.9)
246.9161|(805.5, 178.9)
246.9663|(805.5, 178.7)
247.0159|(807.2, 177.7)
247.05|(727.6, 190.6)
247.0833|(725.2, 194.1)
247.0999|(724.2, 196.0)
247.1328|(725.2, 199.2)
247.1835|(817.0, 192.8)
247.2168|(830.8, 192.4)
247.2341|(840.2, 195.9)
247.2501|(833.6, 196.3)
247.2666|(833.7, 198.0)
247.2828|(834.7, 198.3)
247.317|(832.8, 199.9)
247.3335|(831.2, 197.8)
247.4669|(898.5, 132.8)
247.4834|(895.4, 148.8)
247.501|(879.6, 154.9)
247.5176|(881.0, 162.9)
247.5504|(882.8, 159.9)
247.5667|(878.2, 165.5)
247.6178|(872.1, 183.2)
247.6511|(871.2, 183.4)
247.6681|(876.0, 193.1)
247.6846|(883.5, 193.5)
247.7011|(894.0, 192.6)
247.7337|(903.9, 187.5)
247.7679|(882.1, 186.7)
247.7845|(879.8, 187.2)
247.818|(853.6, 181.9)
247.8344|(847.5, 182.4)
247.851|(845.6, 182.0)
247.8674|(838.6, 182.3)
247.8837|(830.3, 185.9)
247.9177|(833.4, 185.4)
247.9348|(834.5, 180.6)
247.9517|(836.8, 177.0)
247.9683|(838.1, 176.3)
247.985|(846.5, 175.8)
248.001|(848.8, 177.4)
248.0175|(850.5, 176.6)
248.0343|(847.9, 177.5)
248.0684|(844.0, 181.5)
248.0848|(846.2, 174.6)
248.1023|(858.6, 174.5)
248.1355|(866.5, 177.0)
248.151|(872.5, 177.4)
248.1679|(882.5, 177.8)
248.185|(889.8, 178.0)
248.2192|(901.6, 184.2)
248.2355|(901.5, 183.1)
248.2521|(902.8, 184.9)
248.2693|(902.8, 185.6)
248.2852|(900.1, 183.3)
248.3019|(896.7, 179.0)
248.3185|(895.4, 175.5)
248.3348|(895.9, 173.0)
248.3689|(896.3, 173.2)
248.3859|(896.9, 176.0)
248.4025|(896.2, 177.3)
248.4192|(894.2, 174.5)
248.436|(882.5, 174.7)
248.4524|(767.3, 173.7)
248.4684|(752.5, 173.3)
248.4854|(740.3, 172.1)
248.5193|(729.5, 173.2)
248.5359|(728.9, 174.5)
248.5528|(728.1, 176.9)
248.569|(729.0, 176.0)
248.5856|(718.1, 172.4)
248.602|(717.6, 172.5)
248.6185|(718.8, 173.0)
248.6355|(719.3, 173.0)
248.6694|(719.4, 173.3)
248.6864|(719.4, 171.9)
248.7021|(718.9, 171.8)
248.7199|(715.6, 171.4)
248.7527|(703.2, 174.5)
248.7691|(703.2, 175.5)
248.8196|(697.5, 173.1)
248.8365|(696.3, 169.7)
248.8533|(695.5, 168.0)
248.8689|(696.4, 168.0)
248.8859|(697.4, 168.2)
248.9027|(697.8, 168.0)
248.9195|(697.9, 169.0)
248.9363|(698.9, 170.0)
248.9703|(696.2, 171.1)
248.9869|(694.6, 167.2)
249.0029|(695.2, 164.5)
249.0203|(698.1, 165.0)
249.0364|(698.8, 165.4)
249.0532|(699.8, 166.1)
249.0699|(700.4, 164.8)
249.0865|(702.0, 160.3)
249.1209|(703.4, 166.1)
249.1367|(699.5, 165.2)
249.1536|(693.6, 165.8)
249.1704|(670.9, 171.6)
249.1865|(669.3, 171.4)
249.2037|(667.9, 172.3)
249.2195|(664.3, 175.0)
249.2376|(662.0, 176.0)
249.2704|(663.6, 173.8)
249.2871|(662.3, 173.7)
249.3043|(661.9, 170.3)
249.3211|(661.1, 165.3)
249.3363|(656.7, 171.5)
249.3534|(660.0, 169.3)
249.3701|(659.7, 169.5)
249.3876|(665.0, 168.4)
249.421|(662.5, 169.8)
249.4376|(671.9, 168.4)
249.4544|(675.0, 169.9)
249.4703|(696.4, 169.1)
249.4874|(706.7, 166.0)
249.5037|(709.3, 165.7)
249.5208|(713.6, 166.0)
249.537|(717.8, 165.3)
249.571|(720.2, 160.5)
249.6045|(721.5, 159.6)
249.6209|(722.5, 162.3)
249.637|(722.6, 169.8)
249.6541|(721.3, 170.4)
249.6709|(720.7, 166.8)
249.6878|(722.0, 167.0)
249.7043|(721.5, 167.1)
249.7379|(720.8, 164.9)
249.7545|(729.5, 164.9)
249.7879|(771.6, 165.3)
249.8039|(776.2, 165.3)
249.821|(802.5, 164.8)
249.8387|(809.7, 165.0)
249.8715|(825.5, 167.3)
249.8879|(826.4, 167.9)
249.9054|(827.2, 168.9)
249.9216|(829.4, 168.9)
249.938|(830.5, 169.6)
249.955|(829.6, 169.8)
249.9713|(829.7, 169.8)
249.9886|(827.0, 169.9)
250.0219|(824.8, 165.5)
250.0551|(826.2, 163.7)
250.0718|(829.9, 161.4)
250.1045|(839.8, 161.1)
250.1212|(842.2, 160.5)
250.1557|(853.3, 160.9)
250.2044|(863.2, 160.3)
250.2548|(861.5, 168.6)
250.322|(782.8, 148.9)
250.339|(752.7, 143.1)
250.3552|(711.5, 128.3)
250.3882|(712.4, 128.2)
250.4053|(710.5, 128.1)
250.4386|(709.7, 128.1)
250.4726|(708.8, 128.2)
250.4887|(708.6, 128.3)
250.5051|(702.5, 139.0)
250.522|(704.3, 134.9)
250.5383|(708.5, 132.3)
250.5722|(709.5, 135.8)
250.589|(710.6, 142.6)
250.6058|(715.5, 140.7)
250.6234|(742.5, 139.3)
250.6558|(756.0, 139.8)
250.672|(767.4, 138.0)
250.7057|(824.8, 144.6)
250.7223|(838.0, 151.8)
250.7567|(848.1, 158.1)
250.7895|(865.2, 147.6)
250.8391|(862.3, 151.6)
250.89|(866.1, 161.2)
250.923|(904.5, 147.8)
250.9723|(923.0, 144.6)
251.0062|(926.2, 142.2)
251.0237|(926.3, 142.0)
251.0569|(926.3, 142.4)
251.073|(920.6, 143.2)
251.1063|(922.2, 146.1)
251.1228|(922.0, 145.1)
251.1399|(928.9, 144.8)
251.1566|(939.3, 144.4)
251.1738|(960.0, 144.0)
251.1903|(966.1, 143.7)
251.2073|(973.3, 141.0)
251.224|(980.4, 140.2)
251.2407|(981.7, 139.8)
251.2566|(982.9, 137.2)
251.2728|(983.3, 135.6)
251.2897|(984.5, 128.5)
251.3075|(985.3, 129.6)
251.3241|(985.6, 129.6)
251.3401|(985.1, 127.3)
251.3577|(984.2, 125.6)
251.3744|(984.8, 124.9)
251.3904|(986.2, 121.3)
251.4068|(988.7, 119.7)
251.4234|(995.2, 130.3)
251.4403|(997.8, 126.7)
251.4574|(999.3, 128.6)
251.4742|(1000.1, 132.3)
251.5074|(1005.0, 138.3)
251.5237|(1000.3, 144.1)
251.5402|(999.8, 144.8)
251.5567|(1003.5, 139.8)
251.5733|(1002.9, 154.8)
251.5908|(1007.2, 151.2)
251.6081|(1010.9, 148.0)
251.6237|(1005.9, 151.1)
251.6411|(996.0, 145.9)
251.6577|(943.3, 147.5)
251.6912|(888.8, 151.5)
251.7073|(878.9, 152.3)
251.7241|(882.4, 152.6)
251.7405|(877.8, 155.7)
251.7575|(874.3, 156.5)
251.775|(873.2, 151.6)
251.7919|(875.3, 151.5)
251.8082|(882.9, 149.4)
251.8248|(898.0, 146.1)
251.8577|(901.8, 144.8)
251.8741|(909.1, 143.3)
251.9078|(912.9, 143.1)
251.925|(927.4, 141.7)
251.9584|(941.9, 142.8)
251.974|(942.5, 142.3)
251.9912|(941.9, 142.7)
252.0076|(935.9, 144.2)
252.0246|(934.7, 138.6)
252.0412|(879.9, 145.7)
252.0585|(774.7, 155.8)
252.0752|(759.3, 157.2)
252.0925|(741.1, 163.3)
252.1252|(713.0, 163.7)
252.1418|(715.2, 161.2)
252.1577|(714.1, 161.0)
252.1749|(706.1, 158.0)
252.1915|(703.2, 155.8)
252.2252|(703.3, 156.2)
252.2588|(697.2, 152.2)
252.2752|(695.2, 154.7)
252.3084|(688.6, 159.2)
252.3248|(685.1, 162.1)
252.3588|(680.2, 162.2)
252.4084|(676.4, 157.3)
252.4414|(697.8, 157.1)
252.4586|(692.6, 155.6)
252.4919|(675.4, 170.8)
252.5426|(666.1, 181.7)
252.5753|(668.2, 181.7)
252.592|(670.6, 183.5)
252.6257|(670.7, 182.9)
252.6418|(670.0, 182.3)
252.6593|(666.9, 185.2)
252.6763|(662.5, 184.7)
252.7089|(660.0, 181.3)
252.7256|(661.0, 176.2)
252.7591|(662.0, 172.4)
252.7758|(664.9, 171.3)
252.8098|(673.1, 168.9)
252.8594|(677.3, 167.7)
252.8925|(675.7, 163.8)
252.909|(674.5, 165.4)
252.9268|(670.2, 166.5)
252.9427|(669.3, 174.8)
252.9765|(667.5, 179.4)
252.9935|(663.4, 186.6)
253.01|(660.5, 194.0)
253.0259|(661.0, 192.4)
253.0429|(661.4, 192.3)
253.0596|(665.8, 195.2)
253.0763|(666.3, 195.6)
253.0933|(668.9, 194.1)
253.1101|(669.8, 193.8)
253.1271|(669.2, 193.9)
253.1606|(669.2, 192.3)
253.1762|(672.3, 188.0)
253.2099|(678.5, 180.8)
253.2267|(677.8, 182.9)
253.2613|(677.2, 180.3)
253.3108|(696.4, 182.6)
253.3271|(723.4, 179.9)
253.3603|(776.1, 175.0)
253.3766|(781.3, 174.4)
253.3937|(787.9, 174.6)
253.4103|(785.0, 174.6)
253.461|(840.6, 179.8)
253.4935|(917.2, 183.3)
253.5106|(929.2, 174.7)
253.5273|(930.3, 173.5)
253.5439|(931.3, 172.8)
253.5606|(929.0, 170.8)
253.5779|(925.9, 169.6)
253.6113|(923.9, 166.5)
253.6276|(924.0, 166.4)
253.6438|(924.4, 166.6)
253.6606|(926.6, 168.6)
253.6773|(926.8, 169.4)
253.6942|(925.9, 171.3)
253.7115|(927.5, 169.9)
253.7274|(928.2, 171.4)
253.7607|(928.0, 172.3)
253.777|(928.7, 169.9)
253.794|(905.4, 180.8)
253.8108|(904.9, 178.8)
253.8444|(732.2, 154.2)
253.8776|(687.8, 147.4)
253.9281|(687.6, 149.3)
253.944|(686.2, 147.6)
253.9612|(683.0, 145.2)
253.9781|(683.4, 139.9)
253.9951|(685.9, 138.7)
254.0115|(687.0, 136.9)
254.0282|(683.6, 138.9)
254.0615|(681.5, 140.8)
254.0776|(680.5, 142.1)
254.0946|(679.3, 144.4)
254.112|(675.2, 152.2)
254.1285|(672.6, 158.1)
254.1455|(667.4, 171.3)
254.162|(664.9, 194.2)
254.1792|(664.5, 198.5)
254.2119|(657.9, 201.5)
254.2277|(659.9, 199.1)
254.2451|(660.7, 199.1)
254.2617|(660.9, 199.6)
254.2784|(661.5, 198.7)
254.2955|(662.7, 201.5)
254.3126|(662.9, 200.4)
254.329|(666.8, 201.5)
254.3616|(665.5, 204.1)
254.3781|(667.6, 202.9)
254.3953|(669.9, 204.2)
254.4122|(694.4, 200.5)
254.4287|(734.5, 204.7)
254.4629|(737.8, 204.8)
254.4794|(749.7, 205.0)
254.5122|(749.3, 204.8)
254.5289|(749.8, 205.0)
254.546|(749.7, 207.3)
254.563|(750.9, 208.6)
254.5792|(750.9, 208.6)
254.5961|(748.4, 208.9)
254.613|(752.4, 199.0)
254.6289|(753.6, 196.8)
254.6457|(757.5, 196.7)
254.6633|(759.3, 196.3)
254.6788|(760.5, 198.8)
254.6958|(761.9, 199.5)
254.7125|(778.2, 187.6)
254.7298|(811.4, 170.4)
254.7476|(814.4, 168.3)
254.7624|(815.6, 166.0)
254.78|(816.8, 166.6)
254.8124|(817.8, 167.6)
254.8293|(817.7, 167.0)
254.8459|(821.8, 168.6)
254.8631|(821.8, 169.1)
254.8795|(821.0, 168.9)
254.8965|(822.1, 168.8)
254.9303|(822.9, 167.3)
254.9629|(824.1, 167.2)
254.979|(824.5, 171.7)
254.9961|(833.0, 175.1)
255.0132|(845.3, 173.4)
255.0306|(844.7, 174.3)
255.0468|(853.4, 172.1)
255.0644|(853.0, 172.1)
255.0801|(856.3, 171.9)
255.113|(862.4, 170.1)
255.1297|(862.5, 169.8)
255.1464|(863.1, 167.8)
255.1636|(862.7, 167.8)
255.1799|(863.3, 167.4)
255.1967|(862.9, 169.6)
255.2136|(863.2, 169.7)
255.2302|(862.9, 171.0)
255.2632|(861.7, 167.9)
255.2801|(862.4, 169.2)
255.2964|(862.8, 170.2)
255.3141|(856.3, 167.2)
255.3309|(858.6, 164.1)
255.3471|(840.3, 166.5)
255.3803|(774.6, 175.2)
255.3966|(750.5, 179.3)
255.43|(728.6, 182.9)
255.4473|(727.9, 182.1)
255.6143|(720.8, 168.3)
255.6314|(732.2, 185.7)
255.6475|(728.4, 192.8)
255.6638|(728.0, 201.5)
255.6804|(728.0, 200.8)
255.7139|(720.0, 210.3)
255.7312|(717.1, 211.7)
255.7475|(721.3, 211.6)
255.7647|(723.2, 209.2)
255.781|(725.6, 203.3)
255.7979|(727.3, 201.0)
255.8147|(727.0, 201.2)
255.8311|(730.4, 199.6)
255.8646|(736.0, 198.1)
255.8809|(744.4, 196.9)
255.8982|(784.2, 189.3)
255.9149|(793.7, 186.6)
255.9314|(816.2, 184.9)
255.9478|(815.1, 179.7)
255.9645|(814.5, 180.2)
255.9811|(815.2, 178.4)
256.0148|(809.4, 178.9)
256.0315|(809.6, 176.8)
256.0482|(810.4, 176.2)
256.0652|(812.8, 174.5)
256.0819|(821.7, 171.6)
256.0983|(832.6, 173.3)
256.1312|(839.2, 173.7)
256.1818|(856.7, 174.0)
256.199|(862.1, 172.4)
256.2324|(860.1, 178.6)
256.2487|(860.1, 180.2)
256.2651|(860.3, 180.3)
256.2817|(859.6, 178.8)
256.3148|(862.4, 176.9)
256.332|(859.9, 173.4)
256.3484|(692.5, 652.2)
256.3658|(673.8, 702.6)
256.3825|(668.2, 723.9)
256.3987|(668.7, 725.2)
256.4148|(666.2, 738.8)
256.4313|(656.0, 764.5)
256.4654|(651.1, 774.2)
256.4822|(653.3, 771.2)
256.499|(657.5, 773.7)
256.5157|(659.3, 781.1)
256.5339|(658.0, 783.6)
256.5496|(657.8, 781.1)
256.5656|(657.7, 783.8)
256.5821|(652.4, 814.3)
256.6163|(653.4, 943.1)
256.6332|(653.0, 961.0)
256.6494|(657.0, 993.1)
256.6664|(657.5, 1004.6)
256.6831|(654.5, 997.9)
256.6992|(653.1, 1004.6)
256.7154|(652.1, 1004.8)
256.7321|(648.7, 1005.5)
256.766|(651.9, 1004.2)
256.7827|(653.9, 1002.6)
256.8161|(658.4, 1001.5)
256.8492|(691.7, 997.6)
256.8659|(695.0, 997.3)
256.9157|(704.9, 993.6)
256.9331|(704.6, 991.9)
256.9504|(699.4, 983.8)
256.966|(699.7, 988.3)
256.9825|(699.9, 990.5)
256.9994|(694.3, 966.9)
257.0156|(697.2, 964.2)
257.0328|(698.6, 963.5)
257.0662|(699.1, 956.2)
257.0829|(702.3, 947.9)
257.1002|(703.3, 942.9)
257.1168|(705.1, 941.4)
257.1335|(704.7, 940.3)
257.1496|(703.2, 936.9)
257.1663|(702.9, 935.7)
257.183|(699.3, 931.9)
257.2169|(701.4, 927.8)
257.2333|(701.7, 928.6)
257.2505|(717.5, 854.0)
257.2673|(719.0, 848.0)
257.283|(724.0, 832.5)
257.3|(729.1, 852.2)
257.3169|(728.2, 850.1)
257.3333|(724.7, 841.3)
257.3665|(728.8, 866.2)
257.3838|(728.9, 864.6)
257.4008|(727.5, 854.3)
257.4171|(726.7, 851.9)
257.4337|(726.7, 843.6)
257.4499|(729.1, 814.7)
257.4673|(729.4, 778.3)
257.4836|(729.4, 773.9)
257.5173|(758.1, 358.5)
257.5347|(759.6, 312.4)
257.5506|(762.6, 266.0)
257.5674|(766.6, 220.2)
257.5844|(767.0, 219.4)
257.6007|(768.4, 219.6)
257.6172|(767.9, 214.2)
257.634|(768.9, 217.2)
257.6678|(770.0, 217.1)
257.6845|(768.9, 222.4)
257.7014|(769.4, 224.8)
257.7182|(769.8, 221.8)
257.7344|(769.0, 210.0)
257.7509|(742.6, 182.5)
257.7672|(741.9, 178.1)
257.7846|(739.0, 175.2)
257.8173|(735.0, 171.7)
257.8351|(735.7, 170.4)
257.8514|(736.1, 167.1)
257.8681|(734.1, 165.9)
257.8852|(734.3, 166.0)
257.9013|(734.4, 165.0)
257.9176|(733.6, 165.8)
257.9349|(732.8, 169.6)
257.9685|(732.4, 169.5)
257.9851|(732.2, 169.3)
258.0013|(694.7, 484.3)
258.0183|(682.7, 594.2)
258.0354|(676.3, 650.6)
258.0509|(676.1, 649.7)
258.0677|(679.1, 649.5)
258.0849|(679.3, 647.9)
258.1182|(679.2, 646.2)
258.1515|(681.8, 649.8)
258.1684|(680.7, 649.7)
258.2013|(676.4, 650.1)
258.2183|(677.6, 653.1)
258.2691|(673.4, 635.5)
258.286|(659.1, 597.0)
258.3021|(663.4, 600.6)
258.3348|(662.0, 595.4)
258.3513|(664.1, 598.0)
258.3853|(664.3, 588.9)
258.4356|(668.0, 587.7)
258.4692|(708.8, 605.3)
258.4859|(721.6, 634.3)
258.5186|(725.8, 639.9)
258.5356|(726.5, 637.6)
258.5697|(736.5, 650.5)
258.6028|(730.5, 652.0)
258.7855|(784.3, 81.3)
258.8027|(809.1, 174.9)
258.8189|(795.8, 166.2)
258.8362|(793.6, 177.7)
258.8695|(793.2, 181.8)
258.8862|(792.7, 178.3)
258.9033|(806.7, 182.0)
258.9201|(806.8, 181.5)
258.937|(807.1, 182.3)
258.953|(809.3, 182.4)
258.9695|(809.7, 178.3)
258.986|(810.8, 174.9)
259.0203|(813.7, 170.5)
259.0371|(816.4, 169.0)
259.0536|(816.6, 169.1)
259.0696|(817.8, 168.3)
259.0858|(820.8, 161.1)
259.1028|(843.9, 179.0)
259.1194|(847.7, 183.5)
259.1371|(859.7, 192.1)
259.1705|(861.9, 195.4)
259.1873|(869.3, 205.0)
259.204|(870.2, 204.1)
259.2197|(869.3, 204.1)
259.2366|(868.6, 201.4)
259.253|(868.5, 200.7)
259.27|(868.4, 200.0)
259.2867|(870.1, 200.5)
259.3203|(872.5, 196.8)
259.3372|(874.7, 197.4)
259.354|(875.7, 198.8)
259.3705|(880.0, 200.0)
259.3868|(880.2, 200.2)
259.4034|(878.0, 200.2)
259.4205|(878.0, 199.4)
259.4375|(877.7, 198.2)
259.4711|(877.0, 196.6)
259.4874|(876.5, 193.7)
259.5042|(875.8, 197.4)
259.5203|(872.2, 193.7)
259.5366|(873.5, 201.6)
259.5534|(876.1, 203.6)
259.5703|(875.8, 202.5)
259.5869|(875.6, 202.2)
259.6209|(876.4, 203.2)
259.6377|(864.3, 224.6)
259.6548|(810.1, 334.6)
259.6703|(748.6, 465.2)
259.6871|(739.6, 493.8)
259.7043|(723.4, 536.4)
259.7207|(726.8, 544.8)
259.7381|(729.0, 547.8)
259.7712|(725.0, 536.2)
259.7884|(723.5, 539.6)
259.8044|(721.2, 540.9)
259.8209|(721.3, 544.2)
259.8372|(721.4, 544.4)
259.854|(721.8, 547.8)
259.8714|(719.6, 547.7)
259.8877|(719.5, 547.4)
259.9217|(726.2, 548.8)
259.9381|(724.1, 550.3)
259.9552|(721.3, 547.9)
259.9713|(722.5, 548.3)
259.9879|(721.6, 545.4)
260.0046|(721.8, 545.9)
260.021|(722.7, 549.3)
260.0378|(723.4, 549.6)
260.0552|(726.6, 552.2)
260.0716|(728.3, 558.7)
260.0885|(728.6, 557.2)
260.1053|(728.8, 557.9)
260.1211|(728.8, 558.0)
260.1384|(728.1, 558.6)
260.1548|(726.4, 559.9)
260.1717|(726.8, 558.7)
260.1881|(725.9, 559.7)
260.2215|(726.2, 961.0)
260.2393|(726.6, 974.2)
260.2549|(728.5, 984.3)
260.2716|(728.7, 985.9)
260.2881|(730.7, 985.6)
260.3056|(733.5, 989.1)
260.3218|(732.8, 991.1)
260.3384|(735.8, 984.4)
260.3723|(740.0, 993.9)
260.3889|(739.7, 993.2)
260.4052|(741.2, 994.6)
260.4216|(739.1, 994.2)
260.4391|(739.5, 994.5)
260.4556|(737.3, 993.1)
260.472|(733.2, 986.9)
260.4891|(734.5, 987.9)
260.5227|(726.1, 995.1)
260.5392|(713.6, 1010.6)
260.5556|(716.0, 1007.6)
260.5721|(712.2, 1013.0)
260.5884|(709.9, 1022.2)
260.6053|(709.5, 1022.2)
260.6228|(709.8, 1023.1)
260.6395|(710.0, 1033.8)
260.673|(707.4, 1038.5)
260.6889|(707.7, 1038.3)
260.7068|(709.8, 1036.4)
260.7224|(708.7, 1037.5)
260.739|(710.2, 1032.3)
260.7563|(710.6, 1031.6)
260.773|(711.2, 1032.3)
260.7892|(710.7, 1033.4)
260.8067|(709.8, 1028.1)
260.8232|(710.2, 1036.1)
260.8392|(765.4, 943.6)
260.8558|(768.1, 937.5)
260.8721|(765.4, 940.7)
260.8894|(774.1, 927.1)
260.9064|(774.7, 925.3)
260.923|(775.7, 924.5)
260.9398|(775.3, 923.7)
260.9572|(776.2, 923.3)
260.973|(778.2, 903.7)
260.9896|(789.1, 874.9)
261.006|(790.0, 868.4)
261.0227|(841.6, 526.1)
261.0396|(849.9, 365.1)
261.0561|(852.3, 342.4)
261.073|(851.0, 349.7)
261.0899|(857.3, 283.3)
261.1067|(859.6, 240.8)
261.1241|(860.6, 243.6)
261.1397|(861.3, 240.2)
261.1559|(862.5, 236.5)
261.1729|(862.8, 236.3)
261.1897|(863.0, 237.1)
261.2068|(864.4, 240.1)
261.2238|(864.5, 240.1)
261.2401|(861.6, 233.3)
261.2737|(844.7, 204.0)
261.2899|(848.3, 201.2)
261.3074|(848.2, 198.2)
261.3235|(845.7, 194.9)
261.3405|(842.1, 182.4)
261.3571|(837.0, 175.1)
261.3739|(833.9, 169.1)
261.3901|(833.1, 167.5)
261.4077|(831.6, 167.1)
261.4404|(825.9, 160.8)
261.4571|(825.6, 160.4)
261.474|(827.3, 161.4)
261.4903|(827.8, 162.1)
261.5078|(826.0, 162.8)
261.5241|(826.4, 163.5)
261.5404|(826.9, 163.5)
261.574|(827.9, 163.6)
261.5905|(830.5, 161.9)
261.6071|(832.7, 160.3)
261.6237|(835.8, 158.8)
261.6407|(837.0, 157.5)
261.6576|(836.6, 157.8)
261.6913|(832.7, 166.5)
261.7073|(830.8, 172.6)
261.7251|(788.6, 333.8)
261.741|(669.1, 670.3)
261.774|(656.4, 742.3)
261.7911|(662.0, 741.9)
261.8081|(663.6, 737.5)
261.8246|(664.6, 734.1)
261.8409|(671.0, 733.6)
261.8583|(675.9, 848.8)
261.8748|(674.8, 890.2)
261.891|(674.5, 922.0)
261.908|(673.8, 927.4)
261.9247|(673.4, 944.8)
261.9411|(674.1, 945.9)
261.959|(674.3, 949.3)
261.9753|(674.4, 948.8)
261.9916|(674.7, 948.5)
262.0081|(674.7, 946.9)
262.0248|(674.4, 947.1)
262.0411|(674.5, 945.5)
262.0577|(673.0, 946.8)
262.0744|(674.6, 944.8)
262.0912|(674.0, 946.0)
262.1084|(712.1, 986.8)
262.1252|(715.1, 989.9)
262.1424|(717.1, 993.9)
262.1756|(720.7, 1009.1)
262.1912|(721.1, 1006.6)
262.2081|(717.9, 1009.8)
262.2248|(716.2, 1012.1)
262.2418|(713.1, 1015.3)
262.2584|(713.1, 1015.3)
262.2762|(713.1, 1017.3)
262.292|(712.5, 1018.4)
262.3093|(712.0, 1016.9)
262.3251|(712.0, 1017.3)
262.3417|(712.2, 1017.1)
262.3581|(711.9, 1016.3)
262.3753|(714.8, 1013.5)
262.3921|(715.3, 1011.3)
262.4089|(761.2, 910.8)
262.4426|(779.3, 882.3)
262.4753|(794.8, 869.6)
262.4914|(786.8, 869.6)
262.5085|(789.2, 863.8)
262.5253|(796.0, 854.0)
262.5424|(791.8, 852.4)
262.559|(784.6, 851.3)
262.5764|(781.2, 850.6)
262.6091|(780.2, 849.2)
262.626|(781.8, 850.5)
262.6586|(838.4, 858.1)
262.6756|(849.2, 859.1)
262.7094|(868.0, 861.0)
262.759|(952.3, 868.5)
262.7755|(953.7, 868.8)
262.7927|(962.6, 865.3)
262.8089|(967.5, 861.8)
262.8261|(958.7, 832.2)
262.8432|(930.1, 759.6)
262.8602|(887.6, 648.7)
262.8763|(838.2, 423.7)
262.8932|(842.4, 450.9)
262.9267|(808.7, 297.7)
262.9423|(803.6, 279.0)
262.9595|(795.7, 245.8)
262.9765|(789.5, 243.6)
262.9927|(786.4, 241.7)
263.01|(786.1, 240.7)
263.0266|(790.7, 238.1)
263.0603|(798.5, 227.7)
263.0763|(796.4, 233.7)
263.0931|(789.0, 190.0)
263.11|(786.3, 181.2)
263.1263|(786.3, 178.2)
263.1432|(784.5, 176.0)
263.1604|(785.7, 176.9)
263.1772|(785.9, 177.4)
263.2098|(780.4, 178.0)
263.2264|(775.8, 178.0)
263.2432|(776.3, 177.9)
263.2597|(774.9, 178.7)
263.2766|(775.6, 179.6)
263.294|(776.3, 180.6)
263.3111|(776.3, 183.4)
263.3268|(776.0, 183.4)
263.3444|(774.7, 190.9)
263.3605|(769.7, 192.1)
263.3766|(776.9, 185.5)
263.3932|(770.3, 183.7)
263.4102|(747.9, 181.3)
263.4272|(742.0, 182.5)
263.4437|(716.6, 182.7)
263.4611|(717.0, 177.9)
263.4779|(712.7, 177.4)
263.5114|(713.1, 177.0)
263.5275|(713.6, 176.7)
263.5436|(714.1, 177.2)
263.5605|(714.5, 177.9)
263.5771|(713.6, 180.2)
263.5941|(714.0, 181.6)
263.6112|(713.1, 179.0)
263.6285|(713.5, 179.6)
263.6605|(715.5, 180.4)
263.6772|(716.5, 182.2)
263.6943|(720.8, 178.2)
263.7109|(722.1, 176.0)
263.7281|(722.6, 172.6)
263.7448|(708.7, 358.2)
263.7612|(697.6, 466.6)
263.7785|(685.0, 598.6)
263.8109|(685.0, 628.7)
263.8276|(686.7, 631.3)
263.8441|(688.2, 630.8)
263.8611|(688.4, 626.5)
263.8781|(687.3, 624.6)
263.895|(687.7, 623.8)
263.9117|(692.3, 622.7)
263.9282|(692.2, 622.7)
263.9612|(692.8, 623.6)
263.9778|(692.3, 624.2)
263.9953|(692.4, 629.0)
264.0124|(692.9, 628.2)
264.0289|(696.8, 625.7)
264.0455|(715.2, 618.0)
264.0616|(725.8, 610.6)
264.0782|(729.9, 605.0)
264.0954|(733.4, 601.7)
264.1111|(736.3, 599.5)
264.128|(739.4, 595.2)
264.1449|(742.5, 594.8)
264.1611|(745.2, 593.9)
264.1785|(744.3, 595.1)
264.1957|(742.5, 598.0)
264.212|(737.0, 598.9)
264.2287|(735.6, 601.0)
264.2611|(733.5, 603.4)
264.2786|(732.9, 602.3)
264.2953|(733.2, 601.6)
264.3123|(739.8, 568.6)
264.3293|(765.8, 430.4)
264.3455|(787.5, 311.8)
264.3624|(802.1, 245.3)
264.3785|(806.8, 224.9)
264.3962|(812.0, 198.8)
264.4119|(813.3, 188.6)
264.4281|(810.8, 193.3)
264.4452|(806.3, 186.9)
264.4625|(801.8, 186.7)
264.4789|(802.9, 186.8)
264.4962|(801.9, 186.5)
264.5129|(805.2, 185.9)
264.5287|(804.0, 188.2)
264.5621|(806.2, 187.1)
264.5788|(814.0, 185.9)
264.5959|(828.7, 181.9)
264.6122|(842.0, 179.8)
264.6292|(853.8, 177.6)
264.6456|(867.3, 171.4)
264.6799|(869.6, 168.9)
264.7122|(868.0, 167.0)
264.7287|(847.7, 164.6)
264.7456|(836.0, 165.6)
264.763|(726.3, 166.8)
264.7796|(729.7, 167.3)
264.7964|(727.9, 165.8)
264.8136|(730.4, 163.1)
264.8302|(722.0, 162.0)
264.8628|(720.5, 169.9)
264.879|(721.2, 168.5)
264.8964|(720.8, 168.1)
264.913|(720.5, 168.8)
264.9297|(722.3, 166.6)
264.9467|(717.8, 161.6)
264.9631|(717.6, 162.8)
264.9969|(718.1, 161.9)
265.0133|(715.6, 155.7)
265.0298|(717.0, 158.2)
265.0462|(713.6, 350.9)
265.0632|(712.9, 455.7)
265.0803|(709.4, 554.6)
265.0971|(709.0, 602.5)
265.1137|(709.4, 603.7)
265.13|(708.6, 603.0)
265.1628|(708.5, 603.5)
265.18|(706.3, 603.8)
265.1964|(705.2, 601.8)
265.2137|(704.4, 598.7)
265.2303|(704.7, 592.0)
265.2472|(704.1, 594.2)
265.2643|(704.0, 597.3)
265.2803|(704.5, 598.4)
265.3133|(707.3, 600.1)
265.3301|(707.5, 601.5)
265.347|(718.6, 603.4)
265.364|(724.8, 602.6)
265.3811|(743.0, 593.8)
265.3975|(751.3, 594.1)
265.4141|(752.1, 593.7)
265.431|(754.0, 591.2)
265.4635|(756.3, 591.4)
265.4805|(758.7, 589.5)
265.6311|(773.9, 551.9)
265.6476|(779.3, 566.1)
265.6645|(776.4, 577.3)
265.6981|(778.9, 575.6)
265.7149|(782.2, 576.5)
265.731|(780.9, 574.2)
265.7637|(784.3, 574.4)
265.7808|(784.9, 573.5)
265.7977|(783.6, 573.1)
265.8147|(780.7, 571.7)
265.8312|(773.8, 563.1)
265.8642|(773.1, 562.4)
265.8809|(761.0, 544.1)
265.9139|(755.4, 536.0)
265.9318|(741.4, 522.5)
265.9646|(739.2, 515.6)
265.998|(745.0, 509.5)
266.0148|(751.1, 511.8)
266.0648|(754.6, 508.9)
266.0986|(747.8, 510.9)
266.1158|(749.9, 511.3)
266.1318|(736.5, 518.5)
266.1487|(743.9, 516.4)
266.1812|(741.6, 515.0)
266.2316|(789.6, 504.6)
266.2486|(798.5, 502.3)
266.2659|(804.9, 501.0)
266.2818|(846.2, 489.3)
266.3147|(845.9, 490.1)
266.3315|(846.5, 490.2)
266.365|(846.4, 486.2)
266.3823|(852.8, 484.4)
266.3989|(855.5, 485.1)
266.4156|(855.9, 489.6)
266.4482|(850.2, 497.6)
266.5332|(833.1, 499.0)
266.5497|(832.6, 497.7)
266.5656|(826.0, 494.6)
266.5825|(823.0, 495.7)
266.5986|(824.7, 496.1)
266.6158|(827.1, 497.6)
266.6323|(829.9, 504.4)
266.6655|(831.8, 507.9)
266.6827|(833.8, 511.2)
266.6997|(834.7, 517.7)
266.7164|(837.5, 520.5)
266.7322|(834.6, 522.4)
266.7491|(832.3, 520.9)
266.7654|(823.3, 514.7)
266.782|(822.1, 487.3)
266.8157|(811.2, 292.8)
266.8326|(811.3, 283.3)
266.8499|(809.0, 261.9)
266.8666|(809.4, 238.7)
266.8832|(800.9, 150.1)
266.8995|(800.6, 154.3)
266.9155|(802.2, 155.1)
266.9325|(803.2, 157.2)
266.9661|(805.1, 156.5)
266.9832|(808.1, 159.7)
267.0001|(809.2, 165.4)
267.0168|(808.7, 164.5)
267.033|(807.1, 163.9)
267.0497|(807.7, 160.8)
267.0661|(808.5, 160.6)
267.0829|(808.9, 161.4)
267.1169|(808.7, 158.8)
267.1333|(810.0, 158.0)
267.1505|(915.3, 138.6)
267.1672|(926.9, 137.4)
267.1832|(937.4, 136.5)
267.1998|(937.2, 137.0)
267.2167|(937.0, 136.1)
267.233|(936.9, 136.1)
267.2664|(939.0, 137.1)
267.2835|(939.9, 138.6)
267.3011|(939.4, 138.8)
267.3336|(939.4, 139.3)
267.3503|(942.2, 135.8)
267.3667|(939.4, 135.4)
267.4172|(944.5, 142.7)
267.4341|(941.9, 141.7)
267.451|(941.8, 140.9)
267.4842|(901.3, 221.8)
267.5002|(847.6, 324.0)
267.5173|(823.2, 365.6)
267.5335|(797.9, 408.9)
267.5841|(737.5, 508.0)
267.6183|(704.5, 551.6)
267.6503|(703.2, 553.0)
267.6671|(703.8, 552.2)
267.6837|(696.9, 539.5)
267.7178|(699.1, 540.2)
267.735|(705.5, 551.8)
267.7516|(706.0, 552.3)
267.7675|(706.3, 551.1)
267.7843|(708.5, 557.6)
267.8005|(708.8, 559.0)
267.8173|(710.3, 563.7)
267.8347|(713.4, 574.8)
267.868|(716.9, 588.8)
267.8848|(719.1, 598.2)
267.9188|(719.6, 602.3)
267.935|(717.8, 602.5)
267.951|(717.4, 598.1)
267.9677|(717.2, 599.7)
267.9847|(736.8, 565.0)
268.0184|(964.4, 125.4)
268.0356|(975.9, 105.3)
268.0519|(976.6, 102.0)
268.0689|(980.2, 100.2)
268.0844|(985.8, 98.9)
268.1011|(988.2, 101.3)
268.1178|(988.5, 101.6)
268.1349|(988.1, 101.6)
268.1684|(989.4, 108.2)
268.1854|(990.3, 110.5)
268.2022|(989.8, 107.6)
268.2191|(991.8, 108.5)
268.2353|(996.9, 112.8)
268.2515|(1008.7, 124.0)
268.2681|(1011.1, 127.4)
268.2855|(1015.0, 128.9)
268.3187|(1016.1, 129.6)
268.3359|(1014.1, 130.6)
268.369|(1015.1, 125.5)
268.3851|(1015.1, 126.4)
268.4017|(1015.2, 126.5)
268.4194|(1014.6, 126.3)
268.4354|(1013.9, 125.5)
268.4691|(1013.2, 124.7)
268.4861|(1012.4, 124.3)
268.5028|(995.1, 126.0)
268.5194|(827.4, 163.7)
268.5355|(821.1, 165.4)
268.5521|(816.1, 166.6)
268.5688|(813.1, 167.0)
268.5858|(807.5, 169.4)
268.6198|(804.0, 170.7)
268.6367|(804.1, 171.3)
268.6531|(803.8, 171.6)
268.669|(804.9, 168.4)
268.6858|(807.1, 164.2)
268.7023|(806.7, 164.4)
268.7191|(804.4, 165.3)
268.7365|(805.1, 165.8)
268.7696|(804.8, 163.7)
268.7867|(802.5, 168.5)
268.8032|(802.1, 171.2)
268.8196|(802.1, 171.0)
268.8356|(800.7, 172.3)
268.8522|(799.4, 172.7)
268.8692|(802.6, 173.0)
268.8863|(804.8, 173.2)
268.9199|(808.5, 172.9)
268.9383|(810.8, 172.1)
268.9538|(809.6, 171.5)
268.9695|(811.8, 169.2)
268.9857|(831.0, 161.3)
269.0029|(856.8, 154.6)
269.0194|(862.4, 153.6)
269.0704|(893.0, 145.8)
269.0869|(893.8, 149.2)
269.1033|(893.6, 148.8)
269.1359|(888.4, 147.5)
269.1528|(887.1, 146.5)
269.1699|(888.4, 146.4)
269.1867|(891.3, 145.2)
269.2206|(890.4, 143.5)
269.2373|(830.0, 146.4)
269.2538|(812.8, 148.6)
269.2701|(811.2, 149.2)
269.2865|(809.9, 149.7)
269.303|(809.2, 148.7)
269.32|(811.0, 149.0)
269.3365|(811.1, 148.8)
269.3704|(807.6, 148.7)
269.3873|(796.5, 157.9)
269.4041|(798.9, 156.1)
269.4203|(792.1, 161.1)
269.4368|(756.9, 163.5)
269.4534|(747.3, 161.6)
269.4701|(739.0, 161.6)
269.4876|(713.7, 162.8)
269.5211|(709.0, 165.9)
269.5379|(711.5, 165.6)
269.5545|(713.0, 164.0)
269.5704|(712.7, 159.9)
269.5869|(719.0, 158.2)
269.6035|(720.8, 155.7)
269.6205|(716.8, 155.4)
269.6379|(723.1, 156.2)
269.7704|(772.5, 101.2)
269.7876|(783.1, 71.3)
269.8213|(810.0, 95.5)
269.8377|(815.8, 164.1)
269.8542|(816.6, 173.5)
269.8705|(813.6, 151.9)
269.8877|(823.6, 204.4)
269.9046|(829.5, 188.9)
269.9208|(830.9, 186.4)
269.9382|(830.1, 199.3)
269.955|(833.4, 188.3)
269.9714|(833.5, 177.2)
270.0057|(902.9, 153.1)
270.0215|(913.8, 150.4)
270.0379|(921.1, 149.8)
270.0544|(927.5, 147.9)
270.0719|(929.2, 146.8)
270.0881|(935.0, 144.2)
270.1218|(939.3, 141.6)
270.1382|(942.4, 140.3)
270.1557|(943.9, 139.1)
270.1718|(943.6, 137.4)
270.1883|(942.9, 137.3)
270.2045|(942.4, 138.6)
270.222|(942.5, 138.1)
270.2386|(941.9, 138.7)
270.2718|(941.7, 139.5)
270.2892|(942.0, 139.5)
270.306|(943.9, 139.4)
270.3229|(944.2, 139.1)
270.3383|(918.8, 182.5)
270.3551|(767.3, 435.7)
270.3721|(750.2, 468.4)
270.3889|(705.2, 542.6)
270.4061|(688.6, 569.7)
270.4225|(681.9, 568.9)
270.439|(685.1, 572.5)
270.4551|(684.4, 571.7)
270.4717|(686.9, 573.4)
270.4892|(683.8, 575.8)
270.5049|(684.6, 576.2)
270.5224|(683.8, 575.4)
270.539|(679.4, 575.6)
270.5562|(681.4, 577.1)
270.5728|(682.3, 576.1)
270.5891|(687.9, 578.8)
270.6053|(689.9, 581.0)
270.6223|(687.9, 580.7)
270.639|(689.1, 581.3)
270.656|(689.2, 583.0)
270.6728|(688.3, 581.4)
270.6896|(688.0, 578.6)
270.7061|(686.6, 575.7)
270.7229|(687.6, 575.9)
270.7394|(687.4, 567.2)
270.7559|(690.7, 568.5)
270.7723|(691.1, 568.8)
270.7895|(701.5, 575.6)
270.8057|(723.3, 587.7)
270.8231|(734.3, 590.3)
270.8397|(744.6, 594.2)
270.857|(756.8, 599.0)
270.8725|(757.9, 600.2)
270.8896|(758.1, 600.0)
270.9059|(757.1, 600.3)
270.9231|(758.9, 597.1)
270.9395|(759.7, 595.0)
270.9565|(760.0, 594.2)
270.9729|(759.9, 593.2)
270.9897|(761.0, 592.6)
271.0069|(758.5, 595.6)
271.0234|(761.3, 593.4)
271.0399|(757.0, 582.0)
271.056|(721.0, 467.1)
271.0729|(714.8, 448.2)
271.0895|(706.2, 429.2)
271.1065|(702.1, 418.8)
271.1238|(702.8, 419.3)
271.1407|(705.6, 415.8)
271.1571|(705.9, 419.5)
271.1737|(707.4, 420.4)
271.1897|(707.6, 420.5)
271.207|(707.2, 419.0)
271.2231|(708.1, 417.6)
271.24|(707.1, 417.7)
271.2565|(707.2, 417.4)
271.2741|(707.0, 413.6)
271.29|(705.7, 411.1)
271.3077|(702.8, 400.4)
271.3234|(699.6, 407.0)
271.3401|(701.5, 374.0)
271.3565|(702.2, 367.0)
271.3738|(704.9, 348.0)
271.39|(707.0, 352.5)
271.4072|(699.7, 348.8)
271.4905|(693.2, 345.7)
271.5577|(986.7, 54.7)
271.5742|(966.5, 93.6)
271.6072|(958.5, 101.4)
271.6247|(954.5, 137.1)
271.6404|(953.3, 144.8)
271.6569|(951.2, 151.1)
271.6742|(949.9, 157.8)
271.6906|(951.5, 164.3)
271.7079|(950.8, 161.4)
271.7251|(950.3, 163.9)
271.7405|(948.0, 163.5)
271.7581|(947.4, 162.6)
271.7741|(948.2, 162.6)
271.7906|(949.6, 161.3)
271.8074|(950.7, 160.0)
271.8241|(952.8, 156.7)
271.8412|(952.7, 154.5)
271.8578|(952.6, 152.6)
271.8747|(950.7, 149.8)
271.8917|(950.2, 146.9)
271.9075|(951.2, 142.7)
271.9247|(950.3, 145.9)
271.9408|(949.4, 147.0)
271.9575|(948.0, 146.8)
271.974|(947.6, 143.4)
271.9915|(947.2, 143.4)
272.0082|(946.9, 144.3)
272.0252|(948.0, 145.6)
272.0417|(948.6, 146.9)
272.0584|(950.0, 146.9)
272.0745|(963.1, 147.9)
272.0912|(973.4, 149.2)
272.1079|(984.2, 150.8)
272.1248|(990.0, 150.8)
272.1413|(995.5, 151.4)
272.1593|(1007.7, 152.7)
272.1758|(1008.6, 153.1)
272.2084|(1007.0, 147.9)
272.2248|(1006.6, 147.1)
272.2411|(1005.4, 147.3)
272.258|(1004.7, 149.4)
272.2753|(1005.6, 153.2)
272.2925|(1006.9, 154.1)
272.3091|(1010.2, 156.6)
272.3255|(1005.6, 156.3)
272.342|(844.1, 161.2)
272.3757|(816.3, 163.4)
272.3924|(806.7, 171.0)
272.409|(802.7, 177.1)
272.4262|(803.1, 176.9)
272.4419|(801.8, 176.1)
272.4594|(801.9, 174.5)
272.4757|(801.6, 174.1)
272.4919|(801.1, 175.0)
272.5254|(801.4, 173.8)
272.5424|(798.5, 171.0)
272.5588|(799.0, 171.0)
272.5752|(791.7, 175.6)
272.5924|(731.2, 191.4)
272.6094|(736.8, 189.8)
272.6263|(735.7, 190.8)
272.6429|(722.0, 194.2)
272.6593|(711.2, 197.5)
272.6758|(711.0, 198.1)
272.6925|(715.0, 199.7)
272.7091|(715.7, 199.9)
272.7255|(713.6, 200.6)
272.7432|(715.1, 200.1)
272.76|(715.5, 198.9)
272.7763|(715.1, 198.1)
272.793|(712.6, 196.3)
272.8094|(712.4, 193.6)
272.8267|(712.5, 194.0)
272.8427|(712.6, 192.1)
272.8596|(710.5, 191.8)
272.8763|(710.7, 192.0)
272.8932|(711.6, 192.6)
272.9099|(714.7, 195.6)
272.9269|(727.1, 203.1)
272.9598|(728.1, 203.5)
272.9763|(730.6, 204.8)
272.9932|(733.2, 207.1)
273.0096|(733.0, 209.1)
273.0268|(732.4, 210.7)
273.0433|(733.0, 212.6)
273.0601|(734.9, 213.9)
273.077|(735.5, 215.5)
273.0935|(736.6, 216.6)
273.11|(737.7, 216.8)
273.1263|(738.7, 214.9)
273.1431|(738.6, 212.7)
273.1595|(735.7, 211.7)
273.1768|(733.4, 212.1)
273.1937|(733.8, 212.6)
273.2107|(734.6, 209.5)
273.4264|(428.0, 150.4)
273.4435|(530.2, 201.0)
273.4602|(578.0, 123.1)
273.4773|(647.8, 124.5)
273.4942|(636.3, 149.1)
273.5106|(690.7, 175.7)
273.5274|(773.8, 177.9)
273.5608|(776.8, 210.2)
273.5767|(775.1, 213.2)
273.6101|(769.9, 218.9)
273.6282|(770.1, 225.7)
273.6443|(772.8, 226.5)
273.6612|(775.6, 227.7)
273.6775|(775.9, 227.3)
273.7104|(777.8, 226.3)
273.727|(780.2, 224.3)
273.7441|(782.3, 222.2)
273.7607|(780.7, 221.4)
273.7776|(779.2, 221.0)
273.7947|(780.9, 221.9)
273.8114|(776.6, 221.4)
273.8282|(773.6, 216.7)
273.8607|(778.0, 213.3)
273.8773|(777.5, 213.4)
273.8945|(776.8, 213.4)
273.911|(776.7, 211.1)
273.9281|(776.4, 211.7)
273.9451|(776.0, 209.5)
273.9623|(775.7, 209.8)
274.0118|(781.4, 204.6)
274.0445|(799.0, 205.6)
274.0617|(832.0, 206.0)
274.0956|(878.7, 219.1)
274.1119|(877.8, 217.2)
274.1284|(888.7, 220.7)
274.145|(902.4, 225.3)
274.178|(904.9, 232.4)
274.1951|(904.2, 229.8)
274.2119|(833.4, 427.6)
274.2294|(763.1, 626.7)
274.2454|(759.9, 636.8)
274.2625|(760.2, 639.9)
274.279|(762.0, 638.0)
274.2953|(762.7, 638.4)
274.3285|(750.4, 668.2)
274.3458|(751.1, 675.4)
274.3623|(750.9, 675.8)
274.3795|(758.3, 672.6)
274.396|(759.4, 671.1)
274.412|(754.3, 660.3)
274.4287|(754.6, 660.7)
274.446|(753.3, 653.6)
274.4622|(750.4, 647.4)
274.4789|(751.8, 647.4)
274.4956|(755.4, 650.0)
274.5124|(755.4, 649.3)
274.53|(756.5, 652.1)
274.5463|(756.7, 652.7)
274.5629|(755.1, 656.0)
274.579|(755.7, 655.9)
274.5956|(755.9, 657.8)
274.6289|(757.0, 660.0)
274.6457|(759.5, 661.6)
274.6626|(801.1, 305.0)
274.6797|(810.3, 230.7)
274.6964|(823.8, 122.9)
274.7128|(822.3, 123.8)
274.7297|(821.3, 124.1)
274.7463|(820.2, 125.2)
274.7795|(817.3, 125.8)
274.7957|(816.8, 125.3)
274.8303|(814.7, 125.4)
274.8467|(806.0, 136.8)
274.8796|(787.3, 146.3)
274.8963|(741.9, 165.4)
274.9292|(722.1, 172.5)
274.9636|(722.2, 163.0)
274.9809|(721.2, 163.9)
274.997|(713.9, 168.9)
275.0134|(718.5, 162.8)
275.0299|(719.5, 158.1)
275.0468|(717.9, 160.6)
275.0969|(717.2, 161.0)
275.1465|(734.4, 168.5)
275.1962|(792.1, 195.9)
275.2305|(828.0, 183.0)
275.2642|(831.2, 167.8)
275.2806|(825.6, 166.1)
275.3136|(833.0, 160.8)
275.3634|(834.1, 165.5)
275.3804|(829.4, 170.5)
275.3971|(836.0, 157.7)
275.4139|(837.5, 154.6)
275.4308|(837.8, 153.5)
275.4473|(830.7, 149.8)
275.4642|(831.6, 148.8)
275.4804|(830.6, 143.0)
275.514|(828.8, 138.5)
275.5312|(828.3, 138.9)
275.547|(827.5, 136.4)
275.5646|(826.7, 139.3)
275.5809|(829.8, 140.7)
275.6147|(834.4, 138.8)
275.631|(843.5, 138.8)
275.6471|(866.3, 138.6)
275.6638|(914.8, 138.9)
275.6805|(920.1, 140.7)
275.698|(934.0, 139.0)
275.7144|(932.9, 138.1)
275.7308|(935.2, 140.9)
275.7483|(936.0, 139.4)
275.7641|(938.0, 138.6)
275.781|(942.7, 147.1)
275.7975|(942.5, 144.0)
275.8312|(942.2, 141.7)
275.8482|(942.1, 144.6)
275.8645|(941.7, 143.8)
275.8818|(943.3, 141.5)
275.8985|(949.3, 134.5)
275.9146|(948.0, 138.9)
275.931|(942.4, 139.2)
275.9645|(697.4, 171.1)
275.9814|(708.4, 169.6)
275.9981|(693.9, 175.1)
276.0154|(684.8, 178.2)
276.032|(686.8, 178.8)
276.0486|(686.7, 178.6)
276.0647|(685.7, 179.4)
276.0812|(680.0, 183.9)
276.1147|(680.9, 177.0)
276.1317|(681.6, 174.8)
276.1487|(683.1, 177.5)
276.1658|(679.4, 180.1)
276.1825|(678.1, 180.4)
276.1989|(679.3, 180.0)
276.2148|(670.3, 186.1)
276.2315|(663.3, 189.4)
276.265|(660.4, 183.3)
276.2817|(662.3, 181.9)
276.2994|(663.5, 182.5)
276.3152|(662.7, 183.4)
276.3324|(662.2, 183.5)
276.3488|(662.5, 184.2)
276.3652|(662.7, 184.3)
276.3815|(664.9, 183.5)
276.4153|(714.1, 169.4)
276.4325|(717.5, 168.7)
276.4495|(730.6, 168.1)
276.4663|(739.2, 170.3)
276.4821|(738.5, 177.6)
276.5001|(745.8, 179.5)
276.5159|(745.4, 176.0)
276.5324|(745.9, 175.8)
276.5662|(753.0, 178.0)
276.5828|(752.8, 179.7)
276.6164|(758.0, 181.1)
276.6493|(840.2, 197.6)
276.6656|(850.7, 197.2)
276.7158|(864.7, 195.4)
276.7329|(865.1, 194.6)
276.7504|(871.3, 188.1)
276.7832|(872.0, 185.0)
276.7999|(871.2, 182.1)
276.8161|(870.4, 180.2)
276.8327|(868.8, 183.2)
276.8659|(876.4, 187.9)
276.883|(876.5, 186.1)
276.8996|(874.8, 181.7)
276.9167|(872.1, 182.1)
276.9333|(723.3, 177.1)
276.9493|(709.9, 176.6)
276.9662|(715.4, 176.6)
276.9827|(705.7, 176.4)
277.0161|(681.8, 175.5)
277.0332|(685.2, 173.0)
277.05|(685.0, 172.8)
277.0667|(683.5, 162.7)
277.0836|(684.9, 162.9)
277.1|(687.5, 163.2)
277.1162|(689.0, 163.2)
277.1326|(689.4, 162.5)
277.1666|(690.6, 160.5)
277.1836|(691.0, 160.1)
277.2002|(690.5, 160.1)
277.2173|(675.8, 157.8)
277.2347|(675.9, 154.8)
277.2509|(675.6, 155.3)
277.2669|(677.3, 155.1)
277.2834|(677.2, 154.9)
277.3179|(678.5, 153.8)
277.334|(679.7, 152.6)
277.3506|(678.4, 152.9)
277.3671|(678.5, 153.4)
277.3833|(678.9, 153.1)
277.4011|(676.8, 152.4)
277.4174|(675.7, 151.9)
277.4337|(673.0, 151.5)
277.4676|(672.6, 150.6)
277.4842|(673.2, 150.8)
277.5013|(672.1, 146.0)
277.5179|(671.8, 148.0)
277.5344|(672.7, 149.7)
277.5505|(674.2, 148.1)
277.567|(675.9, 149.0)
277.5841|(677.6, 151.0)
277.6182|(675.4, 151.9)
277.6346|(677.9, 152.1)
277.6511|(677.3, 150.0)
277.685|(679.3, 146.9)
277.7014|(679.1, 147.1)
277.7173|(678.7, 148.1)
277.7344|(678.1, 148.7)
277.768|(676.1, 151.9)
277.7847|(677.0, 151.1)
277.8015|(677.0, 152.1)
277.8344|(706.7, 190.5)
277.851|(715.1, 212.2)
277.8846|(706.5, 202.8)
277.9181|(708.4, 206.6)
277.9349|(718.1, 216.3)
277.9522|(723.2, 214.6)
277.9685|(723.4, 213.2)
277.9841|(723.7, 213.7)
278.001|(723.9, 214.7)
278.0177|(723.9, 214.7)
278.0348|(723.7, 213.8)
278.0853|(726.8, 222.4)
278.1016|(1136.8, 509.9)
278.1177|(1312.8, 629.5)
278.1349|(1342.2, 644.5)
278.1512|(1377.2, 662.6)
278.1682|(1377.2, 663.6)
278.185|(1378.1, 660.3)
278.2191|(1375.5, 655.7)
278.2357|(1379.4, 662.6)
278.2521|(1378.8, 664.5)
278.2851|(1366.3, 678.6)
278.3013|(1230.5, 741.7)
278.3183|(1183.7, 767.7)
278.3351|(1137.9, 794.5)
278.3689|(793.0, 998.8)
278.402|(792.1, 1003.1)
278.4191|(786.5, 988.1)
278.4518|(787.1, 982.0)
278.4685|(790.6, 974.0)
278.5016|(791.1, 975.5)
278.5358|(796.1, 972.1)
278.5521|(794.9, 970.6)
278.5688|(799.1, 968.5)
278.6021|(804.6, 984.5)
278.6693|(810.3, 1007.7)
278.6867|(810.4, 1012.2)
278.7192|(801.3, 1015.8)
278.7359|(804.1, 1013.9)
278.7693|(863.9, 964.5)
278.7861|(845.0, 980.1)
278.8202|(1170.2, 892.3)
278.8528|(1257.0, 879.8)
278.8693|(1260.7, 878.0)
278.9021|(1261.7, 877.3)
278.9191|(1261.0, 869.4)
278.9367|(1261.6, 869.4)
278.9526|(1249.5, 850.5)
278.9709|(1244.0, 843.3)
278.9863|(1241.4, 834.0)
279.004|(1238.7, 829.9)
279.0203|(1237.3, 827.7)
279.0529|(1233.8, 824.9)
279.0697|(1227.5, 824.8)
279.121|(958.8, 733.3)
279.1377|(837.8, 685.3)
279.1546|(830.1, 681.6)
279.1871|(824.3, 666.7)
279.2378|(824.2, 666.4)
279.271|(825.0, 666.5)
279.3046|(821.6, 671.9)
279.3207|(821.9, 673.9)
279.3543|(812.0, 676.4)
279.3709|(812.8, 676.3)
279.4371|(866.9, 667.5)
279.4544|(866.9, 667.5)
279.487|(1685.2, 695.7)
279.5038|(1692.1, 694.7)
279.5382|(1707.6, 693.3)
279.5717|(1719.3, 691.5)
279.5882|(1718.9, 687.0)
279.6375|(1722.0, 686.3)
279.6543|(1722.1, 686.3)
279.6884|(1695.5, 678.1)
279.7381|(1685.0, 672.3)
279.7542|(1681.7, 656.9)
279.7711|(1689.5, 658.1)
279.7879|(1688.5, 657.6)
279.8043|(1703.7, 666.1)
279.822|(1704.4, 666.8)
279.8558|(1692.6, 663.3)
279.8886|(1712.5, 662.9)
279.9045|(1714.0, 661.3)
279.954|(1710.0, 661.5)
279.9718|(1691.1, 658.1)
280.022|(1681.1, 661.9)
280.038|(1678.0, 656.2)
280.0713|(1662.1, 658.8)
280.0876|(1660.4, 659.3)
280.1379|(1662.1, 659.8)
280.1716|(1707.2, 675.0)
280.2213|(1751.4, 717.5)
280.2549|(1783.5, 727.1)
280.2718|(1792.4, 724.1)
280.3063|(1812.3, 739.9)
280.3547|(1813.2, 739.4)
280.3715|(1813.4, 738.9)
280.4053|(1789.6, 755.7)
280.4218|(1791.7, 756.5)
280.4561|(1795.0, 759.1)
280.4725|(1816.7, 758.6)
280.489|(1834.9, 764.4)
280.5051|(1830.0, 767.0)
280.5388|(1831.2, 767.5)
280.5555|(1831.1, 768.2)
280.5891|(1828.1, 774.0)
280.6221|(1820.7, 778.3)
280.6389|(1804.8, 782.3)
