56.75739|(958.4, 339.4)
56.76506|(960.0, 339.2)
56.78154|(963.5, 332.1)
56.79814|(965.3, 332.6)
56.83169|(965.2, 333.1)
56.84837|(965.1, 332.5)
56.88172|(965.4, 338.9)
56.8983|(965.7, 339.1)
56.91491|(964.8, 341.5)
56.93176|(962.9, 342.3)
56.94825|(956.5, 346.6)
56.96519|(936.3, 391.6)
56.98161|(822.6, 699.1)
56.99838|(821.1, 706.1)
57.03188|(814.7, 726.5)
57.04867|(794.1, 788.3)
57.06541|(795.5, 787.1)
57.08205|(804.7, 771.6)
57.09878|(789.3, 767.3)
57.11535|(793.7, 784.3)
57.13206|(778.4, 842.1)
57.1489|(773.7, 859.2)
57.18228|(766.6, 885.6)
57.19879|(765.2, 890.5)
57.21558|(756.0, 927.2)
57.2325|(750.2, 932.8)
57.24907|(750.7, 936.8)
57.28223|(752.8, 933.1)
57.29905|(753.8, 934.8)
57.33233|(753.1, 934.0)
57.34906|(750.1, 937.2)
57.36579|(746.3, 941.0)
57.38253|(746.2, 940.3)
57.39924|(737.8, 943.5)
57.41566|(736.3, 942.5)
57.43253|(738.7, 938.8)
57.44921|(738.2, 939.8)
57.48279|(738.2, 938.5)
57.4995|(735.4, 970.8)
57.51591|(737.4, 1000.4)
57.53274|(737.8, 1007.5)
57.54939|(739.4, 1023.5)
57.56605|(751.1, 1095.4)
57.58324|(751.1, 1095.8)
57.59948|(748.9, 1113.2)
57.63306|(746.2, 1166.1)
57.64962|(746.7, 1128.6)
57.66635|(746.5, 1148.7)
57.68292|(745.0, 1113.0)
57.69975|(752.8, 1046.3)
57.71631|(776.4, 1025.5)
57.73333|(797.4, 1027.3)
57.74966|(801.9, 1024.3)
57.7831|(808.3, 1016.7)
57.79983|(826.5, 1013.6)
57.81643|(841.0, 994.4)
57.83316|(848.4, 995.0)
57.84997|(846.2, 993.5)
57.86654|(844.8, 999.3)
57.88344|(843.5, 1008.8)
57.89994|(841.8, 1018.4)
57.9334|(842.6, 1028.7)
57.95008|(842.7, 1032.1)
57.96692|(844.6, 1020.4)
57.98338|(844.3, 1020.1)
58.00008|(843.9, 1016.7)
58.01664|(843.8, 1009.2)
58.05016|(835.4, 1017.5)
58.08352|(832.1, 999.0)
58.10055|(797.6, 949.7)
58.11687|(789.6, 942.4)
58.13383|(784.4, 940.4)
58.15028|(756.7, 939.4)
58.16699|(742.7, 938.5)
58.1838|(751.3, 927.0)
58.20056|(746.1, 928.4)
58.23391|(760.2, 920.5)
58.25057|(754.5, 921.6)
58.26733|(751.2, 920.8)
58.28384|(756.2, 911.0)
58.31738|(743.2, 918.1)
58.33392|(733.5, 916.5)
58.35052|(732.2, 909.3)
58.38479|(727.9, 901.8)
58.40107|(727.0, 900.6)
58.41763|(726.9, 893.9)
58.43433|(721.2, 876.9)
58.45089|(718.7, 873.9)
58.46772|(710.8, 886.2)
58.48461|(708.7, 888.7)
58.50095|(707.7, 894.0)
58.53429|(710.1, 919.5)
58.55097|(709.8, 925.4)
58.56767|(737.6, 918.0)
58.58431|(1376.9, 721.9)
58.60107|(1581.1, 669.2)
58.61773|(1595.4, 665.3)
58.63453|(1612.3, 661.0)
58.65124|(1635.5, 655.6)
58.68448|(1655.5, 647.0)
58.70145|(1654.3, 647.0)
58.718|(1636.1, 624.9)
58.7347|(1618.2, 622.9)
58.7513|(1618.2, 606.5)
58.76837|(1618.4, 602.8)
58.78487|(1634.9, 604.4)
58.80141|(1642.2, 605.8)
58.83484|(1648.0, 605.6)
58.85143|(1666.7, 605.8)
58.8683|(1673.4, 603.8)
58.88498|(1674.0, 603.5)
58.90166|(1669.1, 605.5)
58.93484|(1654.4, 589.0)
58.95163|(1661.7, 595.4)
58.98512|(926.8, 815.0)
59.0018|(858.4, 836.5)
59.01842|(762.6, 858.1)
59.03503|(764.5, 854.2)
59.05198|(765.5, 849.3)
59.06857|(765.3, 852.2)
59.08527|(762.1, 864.1)
59.10195|(762.8, 865.3)
59.13529|(762.7, 868.0)
59.15195|(763.1, 874.8)
59.16872|(763.4, 878.2)
59.18539|(758.9, 892.3)
59.20203|(744.2, 915.4)
59.21883|(734.8, 929.9)
59.23546|(723.6, 947.6)
59.252|(712.6, 965.0)
59.28566|(710.8, 967.8)
59.30212|(707.9, 980.2)
59.31913|(709.5, 980.6)
59.35231|(702.2, 982.5)
59.36909|(702.6, 980.9)
59.38559|(701.6, 979.5)
59.40244|(699.6, 957.7)
59.43583|(699.8, 955.6)
59.45255|(699.6, 955.2)
59.46928|(700.0, 952.2)
59.48584|(701.7, 948.3)
59.50259|(701.5, 949.3)
59.51913|(697.2, 972.9)
59.53597|(696.0, 976.5)
59.55284|(695.7, 977.5)
59.58628|(694.7, 990.8)
59.60279|(693.6, 987.4)
59.61996|(693.6, 986.9)
59.63631|(697.4, 963.9)
59.65271|(699.4, 964.6)
59.66951|(700.7, 962.5)
59.6862|(703.8, 958.5)
59.70295|(704.2, 956.9)
59.73651|(706.9, 940.8)
59.75304|(711.1, 925.9)
59.76957|(714.8, 916.8)
59.78633|(715.1, 912.3)
59.80337|(715.2, 909.9)
59.81975|(715.5, 908.7)
59.83649|(714.2, 910.3)
59.85316|(714.4, 908.3)
59.88654|(715.2, 914.9)
59.9034|(714.9, 917.1)
59.93665|(710.4, 923.6)
59.95342|(709.8, 924.4)
59.97002|(709.5, 921.5)
59.98698|(710.3, 918.1)
60.00361|(711.0, 913.4)
60.03693|(713.7, 899.8)
60.05349|(715.9, 894.6)
60.08694|(715.7, 894.0)
60.12039|(721.1, 892.8)
60.13704|(724.4, 890.8)
60.15369|(722.6, 895.9)
60.18709|(722.1, 903.7)
60.20371|(717.2, 911.7)
60.22042|(728.3, 886.6)
60.23708|(732.8, 886.0)
60.25386|(732.7, 886.5)
60.27055|(732.4, 886.8)
60.28717|(730.2, 887.5)
60.30406|(728.6, 889.8)
60.33731|(726.7, 895.6)
60.35394|(731.2, 887.5)
60.37072|(751.9, 893.1)
60.38755|(758.5, 894.8)
60.40412|(759.4, 896.5)
60.42077|(769.4, 903.2)
60.43744|(783.5, 904.3)
60.45435|(785.8, 905.2)
60.48754|(789.3, 908.7)
60.5211|(784.6, 906.5)
60.53786|(784.4, 905.6)
60.57101|(785.3, 882.1)
60.58773|(784.9, 885.1)
60.80462|(734.0, 887.6)
60.82142|(725.9, 857.7)
60.83816|(720.9, 839.3)
60.85477|(724.7, 848.6)
60.87151|(730.7, 829.3)
60.88816|(729.8, 836.9)
60.90504|(729.3, 841.9)
60.93837|(732.8, 823.8)
60.9719|(732.8, 823.8)
60.98827|(732.3, 828.0)
61.02175|(728.6, 828.7)
61.03853|(727.7, 829.3)
61.08854|(724.3, 830.9)
61.12182|(721.8, 832.4)
61.15527|(718.7, 844.3)
61.17221|(717.6, 842.8)
61.20557|(717.4, 843.1)
61.25536|(717.4, 842.6)
61.28898|(719.5, 901.2)
61.30556|(718.6, 883.2)
61.32241|(711.7, 862.9)
61.33903|(710.0, 859.9)
61.35583|(709.8, 856.5)
61.55603|(708.7, 820.7)
61.57273|(710.3, 817.2)
61.58937|(710.8, 815.2)
61.60613|(710.8, 818.1)
61.62284|(711.3, 820.7)
61.63953|(710.9, 824.2)
61.65609|(711.6, 819.0)
61.83986|(729.0, 770.5)
61.8566|(724.0, 784.4)
61.8732|(720.4, 788.3)
61.88983|(716.5, 794.7)
61.90663|(717.3, 794.0)
61.92326|(718.1, 793.3)
61.93998|(718.4, 794.9)
61.97337|(716.6, 833.8)
62.00683|(731.7, 849.2)
62.02348|(735.7, 859.3)
62.05682|(745.9, 882.8)
62.07367|(747.3, 908.6)
62.09024|(744.1, 923.6)
62.10706|(736.8, 937.1)
62.14035|(727.1, 973.0)
62.1571|(727.6, 968.2)
62.19036|(720.2, 964.4)
62.20712|(720.8, 967.2)
62.24068|(722.8, 1000.6)
62.2571|(724.1, 1021.7)
62.30748|(736.1, 1088.5)
63.35916|(742.8, 902.3)
63.37587|(744.0, 881.3)
63.39241|(742.5, 880.0)
63.40919|(745.0, 870.3)
63.42577|(744.4, 864.7)
63.44255|(743.5, 870.5)
63.45934|(741.6, 882.2)
63.49258|(730.7, 911.3)
63.50934|(727.5, 917.3)
63.52586|(725.4, 922.6)
63.5427|(725.7, 922.8)
63.55955|(724.2, 923.7)
63.57615|(721.6, 925.4)
63.5929|(720.3, 930.1)
63.96014|(722.5, 915.5)
63.97675|(720.6, 958.3)
63.99351|(719.1, 957.6)
64.01028|(718.6, 957.5)
64.04375|(723.3, 943.8)
65.74632|(723.8, 948.5)
65.7632|(723.8, 948.5)
65.79652|(722.5, 951.7)
65.84639|(721.1, 955.3)
74.14376|(801.2, 757.3)
74.16054|(740.8, 767.8)
74.17708|(757.8, 757.8)
74.19378|(769.0, 750.2)
74.21035|(769.5, 746.0)
74.22714|(762.4, 757.2)
74.24384|(760.7, 770.3)
74.26056|(761.8, 829.5)
74.27732|(759.6, 870.3)
74.29396|(756.9, 881.1)
74.31075|(755.5, 890.4)
74.32741|(752.4, 908.4)
74.34415|(752.0, 911.4)
74.36079|(751.6, 911.3)
74.37748|(752.9, 908.3)
74.39426|(765.2, 880.5)
74.42753|(767.8, 867.3)
74.44411|(764.5, 866.7)
74.46088|(765.3, 861.7)
74.47762|(768.3, 851.4)
74.49441|(769.0, 847.2)
74.51105|(766.0, 847.7)
74.52786|(763.6, 843.2)
74.54455|(762.2, 831.0)
74.56101|(761.4, 830.7)
74.5777|(767.1, 826.0)
74.59447|(777.1, 822.5)
74.6111|(781.7, 820.9)
74.62808|(782.4, 821.5)
74.6447|(786.9, 821.8)
74.66116|(786.1, 819.9)
74.67782|(784.5, 815.7)
74.69466|(785.3, 817.0)
74.71121|(781.4, 807.8)
74.72802|(773.6, 794.3)
74.74459|(770.5, 786.2)
74.76141|(768.6, 780.5)
74.7782|(777.9, 778.1)
74.79511|(785.0, 781.5)
74.81147|(787.2, 775.9)
74.82829|(781.5, 790.5)
74.84492|(757.4, 893.1)
74.8781|(744.2, 925.6)
74.89502|(744.3, 928.8)
74.91162|(741.9, 938.8)
74.92832|(720.3, 983.3)
74.94522|(716.8, 992.0)
74.96171|(723.0, 987.2)
74.97852|(723.1, 986.8)
74.99505|(728.8, 981.3)
75.01189|(731.9, 978.2)
75.02865|(740.5, 971.1)
75.04506|(740.0, 974.8)
75.06187|(742.9, 979.6)
75.07859|(741.3, 990.4)
75.09526|(740.6, 988.7)
75.11191|(741.9, 979.9)
75.12863|(742.7, 970.4)
75.14536|(735.8, 1003.4)
75.16216|(733.4, 1012.8)
75.17879|(731.0, 1019.0)
75.19546|(729.4, 1023.1)
75.21233|(726.3, 1031.7)
75.22881|(730.0, 1021.7)
75.24556|(732.0, 1019.6)
75.26228|(731.7, 1016.3)
75.27886|(732.2, 1033.1)
75.29565|(721.1, 1059.9)
75.32901|(713.9, 1078.2)
75.34588|(711.2, 1083.3)
75.36227|(705.2, 1099.8)
75.37914|(706.2, 1117.0)
75.39588|(708.1, 1129.4)
75.41238|(713.2, 1141.6)
75.42915|(711.4, 1144.3)
75.44585|(705.4, 1158.0)
75.47938|(703.6, 1172.9)
75.49597|(704.6, 1186.4)
75.51257|(707.3, 1194.3)
129.2857|(576.2, 170.8)
155.4292|(27.8, 1192.9)
158.0836|(1605.2, 844.0)
161.3559|(1795.8, 74.6)
167.8331|(1790.3, 545.9)
172.6912|(219.9, 1085.1)
174.4273|(1067.0, 972.1)
183.092|(1589.6, 735.6)
183.1086|(1589.6, 735.6)
185.663|(1615.0, 657.4)
197.3156|(700.7, 756.0)
197.3325|(990.7, 796.0)
197.3491|(977.6, 803.7)
197.3657|(984.2, 801.6)
197.3824|(997.1, 705.3)
197.3991|(1002.9, 656.8)
197.4326|(1006.0, 605.9)
197.4493|(1017.0, 524.3)
197.4659|(1036.2, 381.7)
197.4825|(1040.4, 360.7)
197.4993|(1048.8, 361.9)
197.5159|(1068.1, 365.9)
197.5326|(1068.0, 365.6)
197.5492|(1071.0, 366.2)
198.234|(1060.1, 318.8)
198.2504|(1066.4, 327.3)
198.2672|(1070.5, 341.1)
198.2839|(1072.5, 349.5)
198.3006|(1071.7, 362.4)
198.334|(1070.3, 366.5)
198.3508|(1071.3, 371.7)
198.3675|(1071.0, 371.5)
198.3842|(1067.9, 376.1)
198.4008|(1076.6, 375.9)
198.4176|(1076.6, 375.6)
198.4342|(1079.5, 372.6)
198.4508|(1080.5, 372.7)
198.4843|(1080.2, 372.8)
198.501|(1079.9, 373.1)
198.5176|(1079.6, 373.0)
198.5343|(1070.2, 374.9)
198.551|(1068.8, 375.3)
198.5676|(1065.1, 375.1)
198.5844|(1066.1, 373.8)
198.6012|(1065.5, 372.2)
198.8015|(922.8, 357.2)
198.8182|(912.0, 354.0)
198.8349|(910.9, 355.4)
198.8513|(909.8, 355.4)
198.8683|(909.6, 355.4)
198.8851|(907.0, 358.8)
198.9018|(905.2, 360.1)
198.935|(900.8, 356.7)
198.9516|(902.5, 356.2)
198.9683|(898.1, 352.9)
198.9849|(900.7, 353.3)
199.0019|(881.3, 355.8)
199.0184|(879.3, 356.1)
199.0352|(878.3, 356.1)
199.0518|(876.2, 356.0)
207.1319|(239.8, 1184.4)
209.7698|(1118.6, 699.9)
211.0888|(1029.8, 369.5)
211.1052|(1041.7, 445.2)
211.1219|(1045.0, 411.1)
211.1388|(1048.2, 398.4)
211.1553|(1053.0, 377.1)
211.1721|(1054.5, 366.7)
211.1888|(1086.6, 353.6)
211.7229|(926.6, 239.9)
211.7397|(920.0, 242.8)
211.7564|(920.4, 242.7)
211.7731|(919.8, 243.9)
212.0068|(1093.4, 240.6)
212.0402|(1109.5, 245.1)
212.0568|(1127.8, 249.3)
212.0902|(1155.0, 252.5)
212.6245|(1200.3, 361.0)
212.6413|(1185.7, 363.3)
212.658|(1184.5, 363.5)
212.6745|(1181.2, 363.1)
212.6912|(1180.9, 363.0)
213.0754|(1044.3, 364.8)
213.0918|(1042.4, 361.1)
213.1087|(1042.7, 358.2)
213.1254|(1043.9, 358.2)
213.142|(1045.3, 357.7)
213.2087|(1044.6, 357.6)
217.2656|(1259.8, 847.8)
217.2821|(1253.9, 840.5)
217.2989|(1253.9, 840.5)
217.3323|(1236.8, 675.3)
217.3491|(1225.5, 601.1)
217.3992|(1155.7, 525.4)
217.4493|(991.4, 359.2)
218.0166|(1051.5, 482.7)
218.0502|(1053.8, 479.4)
218.0669|(1053.8, 479.4)
218.1005|(869.6, 479.2)
218.9016|(966.1, 321.6)
218.9184|(932.0, 328.8)
218.9517|(928.6, 333.5)
218.9684|(928.0, 338.1)
219.0018|(925.6, 337.5)
219.3523|(1045.4, 350.8)
219.369|(1043.0, 351.4)
219.3859|(1043.0, 351.4)
219.4023|(1042.6, 351.4)
219.4191|(1038.7, 351.6)
219.436|(1037.8, 352.3)
219.4526|(1036.8, 353.4)
219.8197|(773.9, 456.9)
219.8365|(769.1, 453.5)
219.8531|(766.3, 454.7)
219.8699|(764.9, 455.1)
219.8864|(765.2, 454.2)
219.9035|(764.9, 455.3)
220.0869|(701.2, 447.6)
220.1036|(705.1, 437.0)
220.1203|(709.3, 431.5)
220.137|(710.8, 429.5)
220.1537|(710.2, 431.0)
220.1704|(709.3, 431.8)
220.187|(706.9, 440.8)
220.638|(428.8, 875.3)
220.6878|(428.8, 875.3)
227.3322|(474.8, 582.3)
227.349|(808.5, 530.3)
227.3656|(1069.7, 145.6)
248.3005|(1142.0, 232.6)
248.3174|(1124.2, 234.4)
248.3341|(1115.8, 234.6)
248.3505|(1112.3, 230.6)
248.3674|(1115.5, 230.8)
248.384|(1113.3, 241.7)
248.4007|(1118.7, 256.4)
248.4343|(1040.8, 411.3)
248.4509|(1036.3, 417.8)
248.4674|(1033.3, 417.5)
248.4842|(1019.4, 431.5)
248.5011|(1020.0, 433.3)
248.5175|(1016.9, 429.4)
248.5344|(1010.3, 430.7)
248.551|(1010.2, 428.2)
248.5844|(1008.8, 431.5)
248.601|(1008.5, 430.7)
248.6176|(1006.9, 427.6)
248.6346|(1007.7, 427.0)
248.651|(1009.1, 426.3)
248.6678|(1008.8, 426.1)
248.6844|(1008.3, 425.0)
248.7013|(1006.7, 419.0)
248.7178|(1008.0, 422.3)
248.7345|(1004.7, 414.7)
248.7513|(1003.5, 413.2)
248.7679|(997.5, 411.0)
248.7846|(991.1, 407.7)
248.8013|(983.1, 404.4)
248.8181|(978.4, 398.4)
248.8349|(974.4, 390.7)
248.8515|(973.0, 386.9)
248.8848|(973.5, 388.8)
248.9015|(974.0, 386.9)
248.9182|(972.8, 390.6)
248.9349|(972.5, 395.1)
248.9516|(972.5, 395.4)
248.9685|(973.4, 395.3)
249.1688|(1036.2, 63.2)
249.2021|(1033.4, 185.4)
249.2188|(1047.6, 219.9)
249.2353|(1072.8, 249.7)
249.2689|(1075.6, 246.6)
249.2856|(1072.6, 243.5)
249.3357|(1063.4, 240.1)
249.3524|(1058.6, 238.1)
249.369|(1058.1, 238.2)
249.4026|(1058.8, 242.8)
249.4192|(1060.1, 244.9)
249.4359|(1069.7, 247.3)
249.4525|(1084.7, 251.4)
249.4858|(1097.3, 251.4)
249.5192|(1128.4, 253.8)
249.536|(1133.5, 254.0)
249.5694|(1135.0, 256.1)
249.5859|(1143.3, 261.7)
249.6193|(1147.4, 264.7)
249.6528|(1161.6, 278.0)
249.6695|(1161.2, 278.0)
249.7029|(1151.9, 280.8)
249.7197|(1152.6, 280.6)
249.7363|(1148.0, 281.0)
249.7863|(1126.1, 277.5)
249.8031|(1142.6, 281.2)
249.8196|(1140.5, 281.5)
249.8532|(1140.2, 278.1)
249.8698|(1138.0, 276.9)
249.8867|(1139.5, 275.6)
249.9364|(1140.8, 269.8)
249.9532|(1141.4, 264.4)
249.97|(1140.2, 264.0)
249.9867|(1135.1, 261.9)
250.0035|(1112.6, 257.9)
250.02|(1093.3, 256.4)
250.0369|(1018.2, 254.7)
250.0533|(987.5, 254.1)
250.07|(982.6, 254.9)
250.0867|(951.8, 265.1)
250.1036|(951.6, 267.5)
250.1202|(951.4, 268.9)
250.1371|(950.9, 273.3)
250.1536|(950.6, 273.0)
250.1703|(947.7, 269.0)
250.1869|(948.2, 267.2)
250.2036|(948.7, 265.1)
250.2371|(951.7, 261.0)
250.2538|(967.5, 258.5)
250.2703|(994.2, 260.7)
250.2871|(1008.3, 263.5)
250.3041|(1048.0, 267.6)
250.3205|(1071.9, 269.3)
250.3374|(1110.9, 272.1)
250.3873|(1118.3, 271.3)
250.4041|(1115.7, 269.9)
250.4207|(1105.9, 269.3)
250.4375|(1114.5, 270.8)
250.4542|(1109.9, 265.2)
250.4709|(1112.0, 262.5)
250.4875|(1116.5, 277.8)
250.5043|(1091.2, 544.6)
250.5208|(1079.1, 598.0)
250.5378|(1077.1, 615.4)
250.5542|(1076.9, 625.5)
250.571|(1071.1, 648.6)
250.6043|(1069.6, 675.7)
250.6211|(1063.2, 661.0)
250.6543|(1059.1, 656.8)
250.6879|(1063.4, 681.3)
250.7047|(1063.5, 682.9)
250.7212|(1075.6, 692.8)
250.7379|(1075.9, 690.1)
250.7547|(1074.0, 688.7)
250.7713|(1080.9, 685.6)
250.7879|(1076.3, 686.9)
250.8214|(1071.0, 687.3)
250.8383|(1069.9, 687.2)
250.8547|(1070.8, 687.8)
250.8714|(1077.0, 693.6)
250.8883|(1075.4, 696.8)
250.9216|(987.4, 669.4)
250.9716|(979.2, 666.6)
251.0218|(969.3, 664.3)
251.0551|(967.6, 663.6)
251.0718|(963.7, 662.7)
251.0885|(962.8, 656.0)
251.1051|(965.4, 655.6)
251.1218|(963.7, 648.9)
251.1387|(962.5, 651.4)
251.1554|(961.8, 648.9)
251.172|(962.6, 649.3)
251.1887|(963.3, 649.6)
251.2053|(961.8, 649.5)
251.2221|(958.3, 650.4)
251.2388|(951.3, 650.8)
251.2723|(943.7, 650.5)
251.2888|(943.6, 650.7)
251.3054|(945.5, 651.8)
251.3222|(946.9, 651.3)
251.3391|(943.9, 653.1)
251.3556|(948.9, 654.3)
251.3724|(948.0, 654.1)
251.4057|(945.5, 651.8)
251.4224|(943.1, 649.7)
251.4391|(942.0, 647.0)
251.4557|(942.8, 649.6)
251.4725|(942.7, 648.6)
251.4892|(943.2, 648.0)
251.506|(943.4, 648.5)
251.5227|(942.4, 649.9)
251.5392|(942.1, 650.1)
251.5559|(941.6, 650.4)
251.5728|(939.4, 651.0)
251.5892|(939.4, 651.4)
251.6061|(939.6, 651.7)
251.6228|(939.6, 652.0)
251.6395|(941.9, 652.2)
251.6561|(940.9, 652.2)
251.6729|(1065.4, 659.9)
251.6895|(1071.4, 660.0)
251.723|(1076.6, 660.2)
251.7398|(1076.8, 660.9)
251.7562|(1079.6, 664.6)
251.773|(1078.9, 666.6)
251.7896|(1079.9, 666.0)
251.8065|(1081.1, 672.4)
251.823|(1082.5, 674.3)
251.8397|(1092.2, 677.8)
251.8731|(1086.6, 672.6)
251.8898|(1083.6, 670.5)
251.9066|(1082.7, 669.0)
251.9232|(1081.2, 667.9)
251.9399|(1081.0, 667.7)
251.9567|(1081.9, 668.0)
251.9898|(1081.8, 662.1)
252.0068|(1081.5, 663.8)
252.0235|(1077.9, 661.9)
252.0401|(1077.1, 661.8)
252.0567|(1077.1, 661.7)
252.0736|(1076.7, 661.5)
252.0902|(1077.9, 662.4)
252.1069|(1077.8, 662.2)
252.1235|(1078.4, 662.1)
252.1404|(1080.0, 661.8)
252.174|(1078.3, 661.1)
252.1903|(1077.6, 661.0)
252.2071|(1077.1, 659.7)
252.2238|(1077.6, 659.0)
252.2404|(1078.2, 658.8)
252.2572|(1077.8, 656.3)
252.2737|(1078.1, 655.8)
252.2905|(1078.8, 655.6)
252.324|(1079.1, 656.1)
252.3405|(1079.5, 658.1)
252.3572|(1079.5, 659.8)
252.3741|(1079.6, 658.8)
252.3906|(1080.4, 656.2)
252.4073|(1079.7, 657.2)
252.4408|(1080.5, 655.7)
252.4742|(1080.0, 656.4)
252.4908|(1078.5, 657.5)
252.5075|(1077.3, 658.4)
252.5242|(1075.6, 658.2)
252.5411|(1076.1, 658.0)
252.5576|(1076.7, 658.3)
252.5744|(1076.6, 658.8)
252.5909|(1077.9, 658.1)
252.6244|(1078.5, 662.8)
252.6411|(1077.7, 662.7)
252.6577|(1077.1, 662.3)
252.6745|(1077.2, 660.1)
252.691|(1077.5, 661.4)
252.7079|(1070.3, 655.4)
252.7245|(1035.3, 648.6)
252.7414|(1011.0, 637.3)
252.7747|(1006.3, 638.4)
252.7913|(1000.7, 635.8)
252.8081|(1001.8, 637.0)
252.8247|(1003.9, 638.2)
252.8415|(1004.8, 630.7)
252.858|(1005.6, 633.9)
252.8916|(1007.2, 641.7)
252.9249|(1008.1, 650.1)
252.9418|(1008.3, 649.9)
252.9583|(1008.4, 649.9)
252.9751|(1009.9, 652.2)
252.9918|(1012.6, 654.8)
253.0251|(1008.0, 649.1)
253.0419|(1005.8, 647.6)
253.0918|(1013.6, 657.4)
253.142|(1011.5, 666.4)
253.1752|(991.4, 678.6)
253.1919|(946.4, 682.9)
253.2254|(941.6, 683.2)
253.2423|(934.2, 685.6)
253.2754|(934.3, 685.1)
253.2923|(934.9, 689.4)
253.309|(934.2, 672.4)
253.3256|(930.2, 657.9)
253.3757|(929.3, 654.9)
253.3924|(934.1, 659.2)
253.4092|(933.2, 656.9)
253.4257|(1029.6, 288.9)
253.4425|(1042.8, 246.1)
253.4757|(1047.4, 223.9)
253.4926|(1052.1, 200.2)
253.5259|(1054.1, 202.2)
253.5427|(1055.9, 206.0)
253.5592|(1058.7, 227.4)
253.5761|(1060.2, 229.3)
253.5929|(1061.4, 229.9)
253.6095|(1064.6, 233.3)
253.6261|(1067.2, 232.4)
253.6428|(1067.8, 232.0)
253.6762|(1071.0, 231.4)
253.6929|(1071.1, 232.1)
253.7095|(1072.0, 234.1)
253.7261|(1077.2, 239.2)
253.7431|(1091.6, 248.5)
253.7595|(1114.5, 260.3)
253.7762|(1115.0, 260.7)
253.7931|(1125.8, 265.0)
253.8265|(1132.9, 266.8)
253.8431|(1135.9, 268.6)
253.8597|(1131.5, 263.8)
253.8765|(1129.3, 261.8)
253.8931|(1127.7, 263.8)
253.9265|(1131.7, 265.3)
253.9432|(1131.4, 265.3)
253.9766|(1128.0, 263.4)
253.9934|(1129.0, 263.5)
254.0101|(1066.7, 293.1)
254.0267|(984.6, 337.7)
254.06|(956.3, 358.2)
254.077|(957.3, 363.4)
254.0934|(954.8, 363.0)
254.1269|(956.0, 364.6)
254.1435|(957.0, 368.2)
254.1604|(954.7, 368.7)
254.177|(952.5, 369.4)
254.1935|(952.2, 370.9)
254.2103|(954.0, 368.3)
254.2269|(953.1, 369.0)
254.2438|(953.5, 368.8)
254.2772|(952.8, 366.2)
254.2941|(954.1, 366.7)
254.3106|(954.4, 366.2)
254.3273|(955.6, 365.7)
254.3439|(956.6, 366.9)
254.3605|(956.4, 366.0)
254.3774|(957.4, 366.8)
254.394|(958.9, 367.2)
254.4274|(957.8, 359.8)
254.4442|(958.9, 362.9)
254.461|(1092.0, 272.4)
254.4774|(1098.8, 268.3)
254.5107|(1104.9, 265.6)
254.5278|(1105.2, 264.9)
254.5443|(1108.6, 265.1)
254.5778|(1108.0, 263.8)
254.5944|(1108.4, 261.2)
254.6111|(1108.5, 261.2)
254.6278|(1110.6, 262.4)
254.6444|(1113.2, 263.4)
254.6611|(1105.2, 296.4)
254.6778|(1048.7, 540.6)
254.6945|(1029.6, 621.8)
254.7279|(1017.6, 678.5)
254.7447|(1018.0, 681.0)
254.7612|(1019.1, 682.0)
254.7946|(1017.1, 681.2)
254.8114|(1017.3, 679.6)
254.8282|(1016.7, 679.0)
254.8449|(1016.9, 679.5)
254.8782|(1016.5, 678.5)
254.8947|(1015.6, 681.0)
254.9116|(1007.3, 678.8)
254.9281|(936.1, 651.0)
254.9449|(924.4, 647.0)
254.9618|(924.1, 647.2)
254.9784|(924.3, 648.4)
254.9949|(914.6, 646.1)
255.0284|(914.7, 649.8)
255.045|(913.5, 650.6)
255.0618|(908.4, 650.7)
255.0951|(909.5, 648.4)
255.1121|(911.8, 648.8)
255.1285|(911.5, 648.5)
255.1452|(911.6, 649.2)
255.1787|(914.6, 669.5)
255.1954|(914.5, 662.8)
255.212|(914.4, 664.2)
255.2286|(914.8, 665.5)
255.2455|(914.8, 663.4)
255.262|(911.4, 653.7)
255.2788|(910.8, 650.6)
255.2956|(909.9, 647.8)
255.3289|(911.6, 646.0)
255.3456|(910.7, 646.8)
255.3623|(924.3, 642.9)
255.3789|(934.8, 640.8)
255.3956|(938.0, 643.1)
255.4124|(938.7, 644.0)
255.429|(939.1, 644.2)
255.4458|(939.9, 643.3)
255.4794|(940.5, 643.5)
255.4959|(940.6, 643.4)
255.5126|(946.0, 645.0)
255.5459|(947.1, 646.9)
255.6295|(940.1, 608.3)
255.6462|(979.6, 660.7)
255.6628|(999.9, 635.7)
255.6795|(1005.2, 630.7)
255.6963|(1014.2, 637.7)
255.7128|(1015.5, 639.5)
255.7295|(1016.3, 640.5)
255.7464|(1015.0, 640.2)
255.7798|(1015.2, 639.4)
255.7962|(1016.8, 636.7)
255.813|(1015.7, 638.3)
255.8296|(1016.1, 638.0)
255.8464|(1015.8, 643.8)
255.8631|(1017.0, 642.9)
255.8799|(1017.7, 641.5)
255.8964|(1016.3, 641.8)
255.9301|(1016.1, 641.2)
255.9467|(1018.2, 639.8)
255.9633|(1020.2, 636.3)
255.9969|(1017.9, 637.1)
256.0134|(1018.3, 638.4)
256.03|(1016.6, 643.3)
256.0468|(1017.4, 645.4)
256.0802|(1018.1, 647.2)
256.0968|(1020.5, 649.2)
256.1302|(1022.3, 645.6)
256.1471|(1022.4, 643.7)
256.1638|(1022.2, 644.6)
256.1805|(1021.2, 644.4)
256.1971|(1020.7, 644.7)
256.2305|(1019.9, 645.2)
256.2471|(1019.5, 645.3)
256.2639|(1019.3, 646.1)
256.2805|(1019.3, 645.7)
256.2971|(1019.3, 645.7)
256.314|(1019.3, 647.9)
256.3306|(1019.3, 650.4)
256.3473|(1021.1, 654.5)
256.3807|(1086.8, 650.0)
256.3973|(1092.4, 651.1)
256.414|(1157.7, 652.3)
256.4306|(1211.1, 668.5)
256.4475|(1216.3, 662.9)
256.4641|(1215.6, 662.0)
256.4809|(1211.7, 653.7)
256.4977|(1211.3, 652.3)
256.5309|(1213.0, 650.3)
256.5476|(1214.8, 646.1)
256.5812|(1596.2, 761.7)
256.5977|(1637.4, 775.3)
256.6145|(1862.6, 847.7)
256.631|(1851.6, 842.0)
256.6479|(1854.3, 835.1)
256.6813|(1905.0, 837.6)
256.7146|(1883.0, 814.7)
256.7314|(1818.0, 796.9)
256.7479|(1893.2, 821.3)
256.7646|(1888.5, 817.4)
256.7814|(1885.2, 813.5)
256.7979|(1842.3, 804.3)
256.8314|(1712.4, 752.5)
256.8482|(1620.8, 720.1)
256.8647|(1557.1, 694.6)
256.8815|(1349.2, 624.6)
256.898|(1227.8, 597.5)
256.915|(1147.7, 567.7)
256.9315|(1112.9, 552.5)
256.9484|(1112.6, 550.8)
256.9818|(1111.1, 542.6)
256.9983|(1100.4, 552.0)
257.015|(1104.6, 551.7)
257.0318|(1107.0, 554.4)
257.0485|(1109.3, 558.9)
257.0651|(1105.6, 560.1)
257.0818|(1105.9, 572.7)
257.0985|(1100.9, 591.1)
257.132|(1100.0, 599.9)
257.1653|(1102.1, 600.4)
257.1821|(1098.3, 621.3)
257.1987|(1096.8, 632.2)
257.2153|(1095.8, 635.4)
257.2322|(1096.1, 637.7)
257.2488|(1097.0, 638.3)
257.2821|(1120.7, 645.3)
257.2988|(1130.0, 648.3)
257.3157|(1153.1, 649.2)
257.3322|(1154.0, 649.1)
257.3488|(1152.3, 647.0)
257.3656|(1151.1, 645.8)
257.3823|(1154.1, 648.5)
257.399|(1154.3, 648.1)
257.4325|(1153.3, 645.2)
257.4492|(1156.5, 641.6)
257.4657|(1156.9, 640.3)
257.4826|(1156.5, 641.7)
257.4993|(1156.9, 642.9)
257.5158|(1157.4, 643.0)
257.5326|(1157.5, 643.1)
257.5493|(1158.2, 643.9)
257.5827|(1159.7, 644.2)
257.616|(1158.2, 644.0)
257.6327|(1158.5, 644.3)
257.6494|(1159.0, 646.0)
257.6661|(1160.0, 646.1)
257.6829|(1160.2, 646.4)
257.6996|(1160.2, 646.9)
257.7329|(1160.2, 647.7)
257.7496|(1161.4, 651.2)
257.7664|(1112.3, 656.4)
257.7831|(1085.1, 655.0)
257.7996|(1082.2, 654.9)
257.8164|(1080.3, 653.9)
257.8332|(1072.4, 652.4)
257.8499|(1069.4, 650.9)
257.8833|(1070.3, 654.5)
257.8998|(1072.1, 656.8)
257.9166|(1073.5, 659.6)
257.9336|(1074.0, 661.2)
257.9501|(1067.6, 659.6)
257.9666|(1049.7, 654.9)
257.9835|(1028.3, 653.0)
257.9999|(1026.4, 652.8)
258.0336|(1022.3, 648.3)
258.05|(1026.1, 643.9)
258.0669|(1025.4, 643.5)
258.0836|(1024.9, 643.0)
258.1002|(1025.1, 642.6)
258.1169|(1024.3, 642.4)
258.1336|(1023.7, 641.9)
258.1504|(1023.6, 641.8)
258.1839|(1022.2, 642.5)
258.2003|(1022.2, 643.9)
258.2173|(1022.5, 645.4)
258.2337|(1020.9, 647.4)
258.2504|(1019.4, 647.8)
258.2671|(1019.9, 647.1)
258.2839|(1019.4, 647.9)
258.3006|(1021.9, 649.2)
258.3338|(1025.7, 649.4)
258.3506|(1032.5, 653.2)
258.3672|(1034.4, 649.8)
258.384|(1034.6, 648.9)
258.4007|(1035.0, 649.7)
258.4174|(1036.8, 651.0)
258.4343|(1038.2, 651.5)
258.4509|(1037.2, 650.9)
258.4842|(1033.6, 650.7)
258.5008|(982.4, 649.8)
258.5176|(956.8, 648.6)
258.5342|(940.6, 648.4)
258.5509|(913.6, 649.6)
258.5676|(913.3, 648.1)
258.5844|(913.2, 647.1)
258.6011|(912.0, 649.1)
258.6177|(912.4, 649.9)
258.6512|(912.4, 649.4)
258.6678|(912.8, 650.7)
258.6846|(915.4, 657.0)
258.7011|(915.2, 656.8)
258.7179|(914.3, 657.8)
258.7346|(912.3, 658.7)
258.9015|(1058.4, 212.7)
258.9349|(1068.9, 253.0)
258.9515|(1067.6, 247.6)
258.9683|(1065.9, 249.1)
258.9852|(1065.0, 256.2)
259.0016|(1061.3, 270.5)
259.0183|(1064.5, 264.9)
259.035|(1063.9, 266.2)
259.0518|(1065.4, 268.9)
259.0685|(1065.7, 269.0)
259.0851|(1071.1, 264.9)
259.102|(1071.5, 265.2)
259.1187|(1073.7, 268.8)
259.1352|(1072.4, 269.6)
259.1519|(1071.8, 270.6)
259.1687|(1071.7, 270.7)
259.1854|(1070.9, 271.5)
259.2021|(1069.1, 271.8)
259.2355|(1070.9, 273.8)
259.2524|(1073.1, 274.4)
259.2687|(1074.7, 274.5)
259.2856|(1075.2, 273.0)
259.3021|(1075.5, 273.1)
259.319|(1076.2, 272.7)
259.3357|(1076.0, 272.3)
259.3525|(1075.4, 272.2)
259.3856|(1075.8, 272.0)
259.4023|(1073.7, 273.5)
259.419|(1073.5, 273.4)
259.4356|(1073.5, 272.3)
259.4525|(1074.2, 274.0)
259.4691|(1074.7, 273.9)
259.4858|(1075.6, 275.2)
259.5025|(1066.0, 284.2)
259.5192|(1028.2, 323.4)
259.5358|(994.7, 355.5)
259.5529|(985.8, 365.4)
259.5692|(980.0, 371.0)
259.5858|(977.9, 369.2)
259.6028|(973.8, 369.8)
259.6195|(971.5, 366.9)
259.6362|(972.4, 367.9)
259.6527|(972.6, 367.8)
259.6862|(977.0, 365.6)
259.7029|(978.5, 365.8)
259.7195|(978.5, 366.0)
259.7361|(980.9, 370.2)
259.753|(980.8, 370.5)
259.7697|(981.4, 373.6)
259.7865|(984.2, 389.5)
259.8364|(985.9, 407.7)
259.853|(987.4, 445.7)
259.8698|(986.4, 447.0)
259.8866|(986.1, 448.8)
259.9033|(985.7, 450.7)
259.9199|(985.3, 450.4)
259.9365|(987.1, 451.0)
259.9534|(987.3, 451.0)
259.9699|(989.7, 455.1)
259.9868|(991.2, 454.7)
260.0033|(948.1, 576.0)
260.0202|(851.5, 850.4)
260.0367|(836.7, 898.0)
260.0536|(832.8, 913.6)
260.0701|(823.5, 941.4)
260.0869|(822.6, 938.1)
260.1035|(822.7, 940.4)
260.1368|(820.4, 945.7)
260.1537|(821.0, 945.8)
260.1702|(823.2, 946.2)
260.1871|(824.2, 955.2)
260.2037|(824.5, 956.8)
260.2205|(822.2, 958.9)
260.2372|(820.9, 956.8)
260.2874|(822.5, 949.2)
260.3038|(835.7, 1033.1)
260.3206|(820.6, 1061.0)
260.3371|(819.4, 1062.9)
260.3539|(817.5, 1073.5)
260.3708|(817.3, 1061.3)
260.3874|(816.3, 1060.2)
260.404|(814.3, 1058.2)
260.4206|(814.3, 1055.1)
260.4373|(818.2, 1062.4)
260.4541|(821.0, 1077.6)
260.4708|(815.8, 1061.2)
260.4875|(814.6, 1067.7)
260.5043|(815.2, 1063.7)
260.5209|(816.6, 1058.4)
260.5375|(834.8, 1080.2)
260.5543|(837.0, 1078.5)
260.571|(841.8, 1081.2)
260.588|(841.3, 1064.5)
260.6043|(848.9, 1057.6)
260.6211|(867.2, 1069.1)
260.6377|(881.8, 1060.4)
260.6545|(883.4, 1070.8)
260.6712|(885.0, 1076.3)
260.6878|(883.9, 1074.0)
260.7379|(882.9, 1065.2)
260.7546|(882.9, 1068.9)
260.7713|(884.9, 1061.3)
260.7881|(886.2, 1066.9)
260.8048|(885.3, 1096.6)
260.8215|(887.6, 1080.9)
260.8549|(888.9, 1067.2)
260.8713|(913.4, 957.9)
260.8882|(1005.1, 501.7)
260.9048|(1009.8, 465.9)
260.9215|(1018.6, 420.7)
260.9382|(1017.6, 409.4)
260.955|(1013.0, 419.2)
260.9716|(1013.5, 420.8)
260.9883|(1017.7, 429.4)
261.005|(1020.1, 435.6)
261.0218|(1020.7, 444.4)
261.0383|(1017.8, 447.8)
261.0552|(1018.1, 447.6)
261.0717|(1014.1, 446.2)
261.0886|(1014.6, 447.1)
261.1051|(1016.2, 450.2)
261.122|(1018.9, 444.5)
261.1385|(1016.9, 444.7)
261.1719|(1016.7, 444.6)
261.1887|(1017.5, 444.5)
261.2053|(1017.0, 444.0)
261.222|(1016.9, 444.9)
261.2388|(1015.2, 449.9)
261.2555|(1013.2, 449.1)
261.2721|(1012.8, 449.7)
261.3055|(1015.3, 452.8)
261.3223|(1016.7, 457.5)
261.3389|(1026.5, 268.5)
261.3556|(1027.3, 265.0)
261.3725|(1027.8, 257.1)
261.3891|(1029.1, 240.5)
261.4058|(1033.1, 233.6)
261.439|(1034.4, 231.0)
261.4558|(1034.2, 232.7)
261.4725|(1034.1, 232.6)
261.4893|(1033.4, 234.4)
261.506|(1030.4, 235.6)
261.5226|(1028.2, 236.3)
261.5392|(1026.8, 236.7)
261.556|(1026.6, 237.0)
261.5893|(1025.2, 235.3)
261.6229|(1070.7, 247.2)
261.6395|(1074.1, 248.0)
261.6728|(1102.4, 250.9)
261.6895|(1105.4, 251.6)
261.7229|(1110.6, 248.8)
261.7565|(1113.0, 248.2)
261.7729|(1113.8, 248.6)
261.7897|(1112.5, 247.2)
261.8064|(1113.0, 247.4)
261.8231|(1113.9, 249.5)
261.84|(1114.5, 249.2)
261.8567|(1114.2, 249.8)
261.8899|(1142.1, 250.0)
261.9233|(1149.0, 251.2)
261.9397|(1139.7, 253.1)
261.9566|(1140.0, 253.1)
261.9732|(1144.6, 253.8)
261.9901|(1144.0, 254.3)
262.0066|(1144.1, 254.3)
262.0234|(1144.4, 253.1)
262.0401|(1147.1, 250.0)
262.1068|(1162.4, 235.1)
262.1402|(1166.4, 229.5)
262.157|(1122.3, 246.0)
262.1736|(1110.7, 250.2)
262.1906|(1106.2, 252.9)
262.2237|(1103.3, 254.6)
262.2403|(1085.9, 270.9)
262.257|(1087.0, 271.9)
262.2738|(1089.9, 277.8)
262.2906|(1089.5, 279.6)
262.3072|(1091.4, 280.6)
262.3405|(1090.9, 281.4)
262.374|(1092.9, 281.7)
262.3907|(1092.7, 281.6)
262.4075|(1054.6, 344.9)
262.424|(1021.5, 397.5)
262.4408|(1012.6, 413.7)
262.4576|(1003.1, 432.0)
262.4741|(997.2, 443.5)
262.491|(997.1, 443.6)
262.5243|(996.8, 443.9)
262.541|(996.0, 443.6)
262.5577|(995.3, 444.5)
262.5743|(996.3, 444.4)
262.5909|(999.4, 448.1)
262.6077|(1005.3, 460.3)
262.6245|(1018.2, 582.6)
262.6411|(1023.6, 629.0)
262.6744|(1024.5, 637.3)
262.6911|(1027.4, 674.1)
262.7079|(1027.4, 672.3)
262.7247|(1026.6, 670.3)
262.7413|(1026.0, 668.3)
262.7579|(1026.6, 664.4)
262.7746|(1024.2, 664.3)
262.7914|(1024.2, 665.4)
262.8248|(1024.1, 665.0)
262.8414|(1025.6, 665.6)
262.8582|(1029.0, 667.2)
262.8749|(1028.3, 666.4)
262.8917|(1029.5, 665.6)
262.9249|(976.8, 687.4)
262.9417|(832.1, 761.9)
262.9749|(832.0, 761.9)
262.9918|(816.8, 772.3)
263.0083|(805.9, 781.5)
263.0252|(804.2, 783.7)
263.0417|(803.1, 784.5)
263.0586|(803.1, 791.8)
263.0753|(804.9, 796.7)
263.0919|(804.8, 796.2)
263.1254|(803.7, 794.4)
263.142|(806.0, 797.2)
263.1586|(805.4, 795.6)
263.1752|(803.9, 794.3)
263.192|(801.9, 788.2)
263.2086|(802.2, 786.2)
263.2254|(804.3, 781.8)
263.2421|(804.8, 780.9)
263.2754|(805.7, 778.8)
263.2922|(807.2, 776.9)
263.3088|(808.7, 774.4)
263.3256|(808.7, 774.4)
263.3423|(808.5, 771.0)
263.3757|(808.5, 768.1)
263.3925|(808.4, 765.2)
263.4258|(819.0, 749.0)
263.4424|(888.8, 704.1)
263.4592|(891.5, 699.8)
263.4758|(998.5, 562.6)
263.5092|(1005.6, 557.8)
263.526|(1008.7, 553.7)
263.5424|(1002.9, 566.7)
263.5761|(1007.3, 557.4)
263.5927|(1007.4, 554.1)
263.6094|(1007.4, 555.0)
263.626|(1008.4, 551.6)
263.6427|(1009.0, 549.9)
263.6595|(1009.6, 548.6)
263.6761|(1008.9, 548.6)
263.6929|(1008.2, 549.1)
263.7262|(1004.4, 556.1)
263.743|(1007.5, 550.9)
263.7597|(981.9, 529.3)
263.7763|(932.6, 484.7)
263.7931|(924.3, 476.8)
263.8097|(918.6, 469.7)
263.8266|(918.1, 468.4)
263.8429|(917.6, 467.9)
263.8764|(917.0, 464.5)
263.8932|(917.5, 465.7)
263.9099|(914.6, 464.2)
263.9266|(913.4, 465.8)
263.9599|(910.1, 468.3)
263.9767|(910.0, 467.8)
263.9933|(911.1, 467.5)
264.0268|(911.8, 467.4)
264.0435|(913.2, 466.9)
264.0602|(913.1, 466.9)
264.0767|(922.6, 468.5)
264.0935|(944.2, 471.7)
264.1101|(1002.4, 480.4)
264.127|(1011.1, 480.5)
264.1435|(1031.3, 488.3)
264.177|(1035.6, 483.2)
264.1937|(1040.6, 484.3)
264.2102|(1046.2, 485.8)
264.2771|(1053.4, 485.0)
264.2939|(1051.1, 484.0)
264.3273|(1000.2, 456.8)
264.3439|(989.0, 447.4)
264.3607|(991.1, 447.0)
264.3773|(983.1, 440.4)
264.4108|(981.5, 445.3)
264.4275|(981.7, 445.5)
264.4441|(984.7, 440.7)
264.4774|(985.8, 442.1)
264.4943|(984.4, 445.0)
264.5109|(982.1, 449.2)
264.5276|(981.5, 450.1)
264.5443|(979.8, 451.1)
264.5609|(976.0, 450.2)
264.5775|(978.2, 452.2)
264.5944|(978.6, 452.4)
264.6277|(978.8, 453.4)
264.6444|(978.7, 452.1)
264.6611|(978.0, 451.1)
264.6777|(976.9, 454.1)
264.6944|(977.5, 461.6)
264.7112|(980.3, 464.5)
264.728|(982.6, 463.6)
264.7446|(983.4, 464.2)
264.778|(983.7, 464.6)
264.7947|(984.9, 463.7)
264.8281|(950.6, 487.7)
264.8616|(941.1, 497.7)
264.8781|(939.6, 499.5)
264.9283|(938.5, 504.6)
264.9451|(936.9, 503.7)
264.9619|(931.7, 494.0)
264.9951|(931.8, 490.5)
265.0119|(934.6, 487.5)
265.0284|(933.2, 488.8)
265.045|(934.6, 487.0)
265.0786|(936.7, 485.7)
265.0953|(936.5, 486.0)
265.1118|(935.9, 484.7)
265.1286|(934.2, 480.7)
265.1451|(934.4, 481.4)
265.1787|(935.8, 479.7)
265.1953|(937.8, 479.0)
265.2289|(1004.8, 489.7)
265.2454|(1013.3, 490.9)
265.2788|(1051.4, 500.7)
265.3122|(1057.2, 497.7)
265.3289|(1059.8, 497.8)
265.3456|(1061.6, 497.5)
265.3789|(1061.2, 496.3)
265.3958|(1061.6, 491.4)
265.4124|(1061.7, 491.8)
265.4457|(1058.2, 488.8)
265.4624|(1055.8, 487.0)
265.4792|(1053.2, 484.9)
265.4958|(1048.2, 491.1)
265.5294|(1041.7, 491.6)
265.546|(1021.7, 491.1)
265.5793|(973.8, 488.9)
265.5962|(958.4, 485.5)
265.6125|(949.6, 485.9)
265.6293|(944.5, 482.1)
265.6461|(943.2, 486.9)
265.6796|(946.2, 488.0)
265.6963|(946.1, 489.6)
265.7128|(941.8, 484.6)
265.7295|(943.7, 487.0)
265.7462|(944.4, 487.6)
265.763|(944.5, 487.0)
265.7797|(944.4, 486.4)
265.7962|(944.8, 486.7)
265.83|(944.2, 486.8)
265.8465|(943.9, 486.7)
265.863|(943.1, 485.8)
265.8798|(944.6, 485.3)
265.8966|(947.6, 483.6)
265.9131|(958.3, 477.5)
265.9299|(1007.6, 464.1)
265.9465|(997.2, 467.2)
265.98|(1018.8, 461.6)
265.9967|(1029.4, 465.2)
266.03|(1028.6, 467.2)
266.0468|(1029.9, 469.7)
266.0634|(1030.0, 471.2)
266.08|(1031.7, 472.6)
266.0969|(1031.8, 473.0)
266.1303|(1031.5, 474.7)
266.1469|(1030.6, 474.7)
266.1637|(1029.6, 470.3)
266.1804|(1026.4, 467.6)
266.1972|(1018.4, 446.7)
266.2136|(996.1, 396.5)
266.2304|(991.6, 387.3)
266.247|(974.0, 363.0)
266.2805|(973.3, 362.6)
266.2972|(971.3, 365.9)
266.3139|(971.2, 366.9)
266.3307|(980.6, 366.9)
266.3473|(980.8, 366.5)
266.364|(982.1, 363.5)
266.3806|(983.6, 361.6)
266.3974|(984.0, 361.4)
266.4308|(984.3, 362.1)
266.4474|(987.9, 373.0)
266.4807|(986.7, 445.8)
266.4976|(988.9, 568.2)
266.5141|(996.3, 598.6)
266.5309|(998.9, 610.4)
266.5476|(1001.0, 620.4)
266.581|(1006.5, 635.7)
266.6143|(1001.5, 633.0)
266.6312|(1001.2, 630.3)
266.6477|(1001.8, 628.9)
266.6645|(1001.3, 627.3)
266.6812|(1000.6, 628.4)
266.7313|(988.8, 636.0)
266.7477|(976.4, 635.9)
266.7646|(971.8, 639.2)
266.7813|(967.9, 642.1)
266.7981|(967.9, 642.3)
266.8148|(969.5, 645.0)
266.8313|(968.8, 644.5)
266.8481|(967.6, 643.9)
266.8815|(965.8, 642.3)
266.8982|(965.2, 640.3)
266.9317|(967.7, 643.7)
266.9482|(968.4, 646.4)
266.9648|(968.2, 646.9)
266.9817|(967.3, 650.5)
266.9985|(967.4, 650.8)
267.0318|(967.8, 650.8)
267.0651|(967.9, 651.7)
267.0819|(967.0, 650.8)
267.0985|(967.1, 650.1)
267.1151|(968.7, 648.1)
267.132|(968.6, 647.9)
267.1486|(969.6, 646.0)
267.1819|(968.5, 640.9)
267.1987|(967.4, 637.5)
267.2155|(968.9, 639.8)
267.232|(968.7, 639.9)
267.2488|(971.0, 646.1)
267.2658|(972.3, 651.2)
267.2989|(929.2, 660.4)
267.3489|(862.1, 657.8)
267.3823|(846.9, 663.8)
267.3991|(844.9, 665.3)
267.4157|(837.0, 659.8)
267.4324|(837.8, 656.8)
267.4491|(838.6, 653.9)
267.4825|(837.4, 646.4)
267.4993|(837.0, 645.0)
267.5161|(836.3, 644.4)
267.5328|(834.5, 639.9)
267.5491|(835.5, 640.8)
267.566|(836.9, 642.1)
267.5827|(837.6, 642.5)
267.5996|(838.9, 642.7)
267.6328|(838.6, 642.4)
267.6494|(838.4, 642.6)
267.6663|(844.6, 643.5)
267.6827|(896.0, 641.4)
267.6997|(883.3, 641.8)
267.7163|(894.3, 641.6)
267.7328|(903.2, 639.7)
267.7495|(916.2, 637.7)
267.783|(915.7, 635.4)
267.7997|(917.0, 638.4)
267.8163|(919.8, 643.4)
267.833|(920.7, 644.8)
267.8499|(918.9, 647.3)
267.8664|(918.9, 647.8)
267.8831|(919.3, 648.1)
267.9|(924.4, 652.6)
267.9333|(923.2, 649.4)
267.9499|(915.6, 696.2)
267.9671|(897.7, 801.1)
267.9834|(881.3, 909.2)
268|(874.3, 940.7)
268.0166|(863.0, 976.8)
268.0335|(847.2, 1028.6)
268.0502|(844.5, 1128.2)
268.0669|(842.7, 1128.2)
268.1002|(825.4, 1095.9)
268.1169|(827.9, 1089.7)
268.1335|(844.4, 1097.6)
268.1502|(831.4, 1074.1)
268.1669|(831.5, 1071.2)
268.1836|(832.5, 1071.6)
268.2005|(828.2, 1052.5)
268.2337|(825.5, 1037.8)
268.2505|(825.3, 1034.3)
268.2674|(870.7, 1055.3)
268.2838|(885.2, 1054.3)
268.3005|(889.4, 1060.6)
268.3171|(890.6, 1059.6)
268.334|(894.2, 1058.7)
268.3506|(900.7, 1061.4)
268.3839|(912.6, 1073.4)
268.4006|(927.1, 1089.4)
268.4174|(923.6, 1084.7)
268.4342|(921.1, 1073.5)
268.4507|(921.7, 1068.8)
268.4676|(920.8, 1060.0)
268.4843|(915.9, 1030.8)
268.501|(927.2, 949.3)
268.5176|(929.4, 906.8)
268.5343|(967.6, 633.6)
268.5511|(967.4, 623.0)
268.5676|(973.3, 542.4)
268.5843|(965.6, 536.8)
268.601|(967.7, 536.8)
268.6178|(971.3, 533.7)
268.6344|(979.2, 535.1)
268.6512|(979.1, 536.1)
268.6843|(976.8, 538.6)
268.7015|(977.3, 537.8)
268.7179|(973.2, 556.5)
268.7346|(968.6, 575.7)
268.7512|(966.2, 597.5)
268.768|(965.3, 597.7)
268.7847|(965.0, 602.0)
268.8013|(965.0, 602.2)
268.8347|(963.1, 602.5)
268.8514|(963.8, 603.5)
268.8683|(964.0, 612.9)
268.8848|(964.0, 613.2)
268.9015|(964.0, 614.2)
268.9182|(963.8, 614.1)
268.935|(963.7, 614.2)
268.9517|(964.1, 616.0)
268.9683|(964.3, 616.9)
268.985|(964.0, 619.0)
269.0018|(963.4, 619.3)
269.0183|(962.3, 620.2)
269.035|(955.7, 622.7)
269.0518|(947.0, 625.1)
269.0684|(931.5, 629.8)
269.0852|(917.3, 633.1)
269.102|(911.1, 633.6)
269.1351|(883.0, 641.9)
269.1518|(884.1, 639.5)
269.1686|(884.7, 639.3)
269.1853|(884.2, 639.4)
269.2021|(883.2, 640.7)
269.2187|(885.6, 639.6)
269.2356|(885.1, 635.6)
269.2854|(885.5, 635.0)
269.3022|(883.2, 635.1)
269.3188|(881.9, 635.0)
269.3356|(881.3, 635.3)
269.3524|(872.3, 646.7)
269.3693|(863.9, 657.8)
269.3856|(851.5, 679.8)
269.4025|(837.4, 711.3)
269.4189|(833.9, 721.2)
269.4359|(800.6, 831.5)
269.4524|(803.5, 841.0)
269.4692|(804.1, 843.4)
269.4857|(801.7, 849.8)
269.5026|(801.8, 850.3)
269.5192|(802.6, 853.3)
269.5361|(801.2, 855.1)
269.5525|(800.6, 854.5)
269.5859|(796.7, 853.8)
269.6027|(795.9, 849.2)
269.6193|(796.3, 842.8)
269.6361|(800.3, 834.6)
269.653|(800.6, 834.5)
269.6694|(800.6, 835.5)
269.6863|(796.5, 834.9)
269.7194|(795.4, 834.7)
269.7363|(796.2, 835.5)
269.7529|(779.0, 826.0)
269.7696|(774.3, 823.2)
269.7863|(767.9, 814.4)
269.8031|(759.5, 813.8)
269.8198|(758.2, 813.5)
269.853|(755.2, 814.8)
270.0534|(827.1, 914.0)
270.0702|(814.5, 916.8)
270.0868|(808.5, 909.6)
270.1036|(805.0, 911.0)
270.1203|(802.7, 929.6)
270.1371|(802.5, 972.8)
270.2037|(751.4, 993.3)
270.2372|(672.2, 897.6)
270.2705|(649.6, 883.5)
270.3707|(673.4, 785.4)
270.4041|(758.3, 814.7)
271.2389|(941.6, 640.1)
271.2554|(948.3, 665.1)
271.2724|(947.6, 657.3)
271.2889|(947.7, 651.5)
271.3057|(946.3, 655.5)
271.339|(943.2, 670.8)
271.3723|(922.8, 670.9)
271.389|(915.7, 671.6)
271.406|(917.0, 674.0)
271.4225|(893.2, 671.3)
271.4392|(892.8, 670.7)
271.4558|(898.2, 670.7)
271.4726|(887.4, 663.3)
271.4892|(883.2, 651.0)
271.5226|(881.6, 651.3)
271.5393|(882.9, 648.3)
271.5559|(882.8, 649.4)
271.573|(885.8, 652.2)
271.5893|(888.1, 657.6)
271.6062|(888.2, 662.1)
271.6227|(887.9, 664.0)
271.6396|(886.9, 674.1)
272.0067|(883.0, 669.4)
272.0233|(880.8, 670.9)
272.0402|(880.8, 670.9)
272.0569|(881.6, 669.9)
272.0735|(888.8, 661.1)
272.0901|(890.5, 654.9)
272.1236|(889.8, 650.6)
272.1402|(888.5, 649.1)
272.1569|(888.1, 648.9)
272.1737|(888.3, 648.7)
272.1903|(884.9, 666.1)
272.2071|(885.0, 664.3)
272.2236|(885.5, 659.7)
272.2404|(884.9, 658.4)
272.4407|(729.7, 730.1)
272.4574|(722.9, 727.7)
272.4742|(723.7, 729.0)
272.5074|(740.9, 737.0)
272.5245|(767.6, 714.9)
272.541|(774.7, 708.7)
272.7581|(947.0, 641.8)
272.7747|(949.0, 631.9)
272.7915|(951.0, 632.9)
272.8248|(951.2, 632.1)
272.8416|(951.2, 632.0)
272.8749|(951.0, 631.2)
272.8916|(951.2, 631.6)
272.9083|(951.9, 632.5)
272.925|(947.8, 650.6)
272.9582|(924.5, 651.6)
272.9752|(925.6, 651.8)
272.9916|(923.6, 655.5)
273.0251|(921.9, 656.3)
273.0417|(920.1, 656.3)
273.6763|(990.7, 234.7)
273.6928|(993.3, 236.8)
273.7095|(991.4, 236.5)
273.7263|(988.6, 238.1)
273.7437|(988.5, 237.5)
273.7764|(988.0, 238.5)
273.7931|(985.6, 242.8)
273.8098|(1048.5, 243.3)
273.8265|(1093.1, 252.1)
273.843|(1103.8, 254.2)
273.8599|(1103.6, 254.6)
273.8764|(1103.1, 254.4)
273.8931|(1105.4, 255.6)
273.9267|(1104.3, 253.7)
273.9433|(1104.2, 253.2)
273.9601|(1105.4, 252.2)
273.9933|(1105.1, 252.8)
274.01|(1105.8, 253.5)
274.0267|(1107.3, 258.1)
274.0434|(1108.7, 258.8)
274.077|(1118.2, 257.9)
274.0934|(1119.0, 258.3)
274.1101|(1127.5, 258.7)
274.1269|(1140.8, 255.3)
274.1436|(1146.7, 259.9)
274.1769|(1147.5, 257.3)
274.1937|(1147.6, 255.0)
274.2271|(1149.8, 255.1)
274.2439|(1150.5, 254.0)
274.2604|(1150.5, 254.6)
274.2771|(1150.4, 257.2)
274.3106|(1038.5, 338.7)
274.3272|(999.7, 353.4)
274.3439|(1002.1, 355.7)
274.3774|(999.0, 357.2)
274.3941|(987.8, 362.5)
274.4107|(990.0, 365.0)
274.444|(989.9, 370.0)
274.4608|(991.5, 375.8)
274.4776|(991.1, 376.2)
274.4941|(988.1, 375.9)
274.5275|(986.9, 375.4)
274.5442|(989.6, 373.3)
274.5609|(990.2, 372.9)
274.5776|(988.7, 371.0)
274.5943|(987.1, 369.2)
274.611|(986.9, 368.7)
274.6277|(986.6, 370.6)
274.6445|(980.1, 373.3)
274.6778|(925.6, 419.8)
274.6945|(921.7, 423.1)
274.7112|(904.9, 442.4)
274.728|(905.5, 443.9)
274.7446|(901.2, 446.9)
274.7615|(901.6, 448.9)
274.7779|(902.2, 449.7)
274.7946|(900.9, 452.6)
274.8282|(901.1, 452.6)
274.8448|(902.1, 452.2)
274.8615|(901.7, 450.3)
274.8949|(903.4, 450.4)
274.9116|(904.1, 451.9)
274.9282|(913.5, 460.5)
274.945|(932.1, 463.7)
274.9783|(1000.1, 475.0)
274.9952|(997.2, 471.8)
275.0119|(1033.6, 474.3)
275.0283|(1053.8, 475.2)
275.045|(1052.7, 478.9)
275.0617|(1055.5, 479.1)
275.0786|(1055.8, 478.5)
275.0953|(1057.7, 478.9)
275.1287|(1059.5, 477.8)
275.1452|(1058.9, 478.1)
275.1619|(1059.5, 477.1)
275.1787|(1058.5, 477.0)
275.1953|(1059.2, 475.5)
275.212|(1059.6, 476.0)
275.2287|(1059.3, 476.7)
275.2454|(1059.3, 481.2)
275.2789|(1059.8, 478.1)
275.2957|(1059.5, 475.8)
275.3121|(1058.5, 475.5)
275.3458|(1044.3, 490.7)
275.3623|(1018.7, 525.7)
275.379|(1006.3, 544.7)
275.3958|(998.5, 558.2)
275.429|(965.4, 609.1)
275.4458|(962.6, 607.5)
275.4791|(961.1, 607.8)
275.4961|(961.0, 608.4)
275.5126|(963.5, 608.7)
275.5291|(962.8, 606.3)
275.5462|(962.9, 606.5)
275.5793|(963.1, 606.1)
275.596|(964.4, 606.2)
275.6293|(966.7, 601.6)
275.6628|(1078.6, 657.7)
275.6796|(1067.1, 654.8)
275.7296|(1063.0, 656.5)
275.7463|(1090.9, 661.1)
275.7629|(1091.9, 660.8)
275.7796|(1090.2, 656.7)
275.7963|(1095.3, 655.2)
275.8132|(1096.6, 655.7)
275.8297|(1096.9, 656.0)
275.8465|(1096.2, 655.7)
275.8799|(1096.6, 660.6)
275.8965|(1078.9, 656.4)
275.9299|(986.3, 628.3)
275.9466|(983.2, 634.4)
275.9802|(979.6, 633.9)
275.9968|(995.7, 634.8)
276.0302|(947.9, 626.3)
276.0469|(947.5, 625.7)
276.0802|(928.9, 613.0)
276.0968|(927.2, 609.0)
276.1136|(927.9, 606.1)
276.1302|(930.2, 600.5)
276.147|(931.5, 600.1)
276.1803|(931.3, 599.4)
276.1969|(931.0, 597.7)
276.2137|(933.7, 598.4)
276.2303|(934.4, 610.0)
276.2471|(934.0, 633.5)
276.2638|(932.2, 634.2)
276.2804|(932.5, 634.7)
276.2972|(937.9, 631.5)
276.3307|(947.2, 629.8)
276.3472|(1045.0, 632.8)
276.3809|(1074.3, 635.0)
276.3973|(1111.4, 634.6)
276.414|(1168.5, 636.2)
276.4307|(1168.3, 635.8)
276.4474|(1167.6, 634.2)
276.4809|(1163.7, 633.9)
276.5141|(1162.6, 631.9)
276.5313|(1161.5, 630.1)
276.5477|(1158.9, 624.4)
276.5643|(1156.1, 623.7)
276.5811|(1158.8, 625.8)
276.5976|(1151.2, 628.8)
276.6311|(1146.1, 627.5)
276.6476|(1066.5, 618.6)
276.6646|(1032.4, 614.8)
276.6811|(998.5, 608.2)
276.6979|(966.5, 606.5)
276.7147|(966.2, 607.0)
276.7312|(962.5, 605.6)
276.748|(962.6, 606.2)
276.7815|(962.1, 605.8)
276.798|(971.4, 612.1)
276.8146|(974.4, 613.8)
276.8315|(977.3, 611.6)
276.8481|(978.9, 613.7)
276.8647|(979.2, 614.1)
276.8814|(978.3, 613.6)
276.8983|(977.5, 614.1)
276.9315|(977.1, 611.5)
276.9649|(976.8, 611.1)
276.9818|(977.0, 611.2)
276.9982|(976.4, 609.7)
277.0151|(978.9, 611.0)
277.0316|(978.2, 609.4)
277.0485|(978.1, 606.6)
277.0818|(978.7, 606.1)
277.0986|(979.5, 608.7)
277.1152|(978.7, 608.4)
277.1318|(977.8, 609.1)
277.1486|(976.2, 606.7)
277.1652|(975.8, 606.4)
277.182|(976.3, 606.7)
277.1988|(976.5, 606.8)
277.2321|(975.1, 605.7)
277.2488|(973.8, 606.7)
277.2654|(973.6, 607.0)
277.2822|(973.1, 605.2)
277.299|(972.7, 605.1)
277.3155|(970.8, 604.1)
277.3322|(970.0, 603.6)
277.349|(967.7, 602.2)
277.3824|(957.3, 593.2)
277.399|(973.9, 559.6)
277.4325|(981.4, 528.7)
277.4491|(987.8, 496.5)
277.4825|(992.4, 479.3)
277.4992|(999.0, 456.9)
277.5326|(996.0, 488.5)
277.5491|(997.5, 490.0)
277.566|(997.6, 493.7)
277.5826|(993.5, 494.9)
277.5994|(994.4, 495.6)
277.6161|(996.6, 495.8)
277.6327|(995.2, 496.1)
277.6495|(1006.9, 497.3)
277.6828|(985.4, 511.8)
277.6996|(981.4, 514.9)
277.7162|(978.3, 517.5)
277.7328|(971.4, 511.4)
277.7497|(971.4, 509.9)
277.7662|(971.8, 508.4)
277.783|(972.1, 508.5)
277.7997|(972.4, 508.1)
278.1502|(1014.2, 546.0)
278.1669|(1021.1, 567.6)
278.1836|(1031.8, 589.3)
278.2004|(1043.3, 617.0)
278.2172|(1039.8, 608.6)
278.2339|(1033.6, 592.6)
278.2505|(1043.3, 607.5)
279.1353|(1054.6, 186.6)
279.1854|(1080.0, 247.0)
279.2019|(1091.1, 257.4)
279.2187|(1092.4, 259.5)
279.2353|(1093.9, 261.7)
279.2522|(1094.8, 264.0)
279.2688|(1094.8, 264.5)
279.2856|(1095.2, 265.1)
279.3022|(1096.6, 266.8)
280.4041|(1164.0, 251.3)
280.4375|(1168.0, 257.1)
280.4543|(1170.2, 255.9)
280.4875|(1178.5, 262.4)
280.5208|(1173.0, 253.9)
280.5376|(1171.8, 252.4)
280.5709|(1169.2, 249.2)
280.5878|(1168.8, 249.2)
280.6045|(1164.9, 253.7)
280.6213|(1165.2, 253.4)
280.6711|(1117.6, 314.8)
280.7044|(1061.2, 375.1)
280.7214|(1054.3, 383.8)
280.7549|(1065.9, 388.3)
280.7881|(1064.6, 388.3)
280.8047|(1060.3, 387.8)
281.0386|(1529.6, 561.2)
281.0552|(1525.0, 563.3)
281.0719|(1487.1, 548.4)
281.0885|(1478.8, 545.2)
281.1219|(1251.6, 446.7)
281.1385|(1061.6, 372.0)
281.1554|(1043.5, 365.8)
281.172|(1013.5, 355.0)
281.1888|(1048.9, 365.9)
281.2055|(1010.2, 360.2)
281.2387|(1007.5, 368.4)
281.3556|(1004.7, 377.7)
281.4391|(1002.8, 360.9)
281.4558|(995.1, 357.9)
281.4726|(996.6, 360.7)
281.4893|(997.9, 362.5)
281.5061|(997.3, 361.6)
281.5225|(966.0, 374.9)
281.5394|(931.3, 366.2)
281.7565|(901.6, 339.4)
281.7729|(908.6, 339.6)
281.7899|(913.5, 340.0)
281.8232|(917.0, 344.2)
281.8398|(917.0, 345.3)
282.0569|(1003.0, 440.3)
282.0735|(998.7, 414.8)
282.0903|(1001.2, 413.1)
282.1069|(1002.9, 416.0)
282.1237|(1003.3, 424.7)
282.1402|(1005.1, 431.4)
282.3406|(1036.4, 475.9)
282.3575|(1028.6, 473.9)
282.374|(1023.3, 502.3)
282.3909|(1024.8, 497.7)
282.4073|(1017.3, 495.4)
282.424|(1033.0, 495.2)
282.4575|(1033.0, 493.4)
282.4741|(1027.9, 490.5)
282.4908|(1037.5, 487.2)
282.5075|(1035.7, 488.9)
282.5242|(1034.2, 486.2)
282.5409|(1033.0, 487.2)
282.5576|(1032.4, 482.4)
282.5742|(1032.8, 481.5)
282.5912|(1033.1, 482.8)
282.6244|(1033.7, 481.3)
282.641|(1034.2, 479.7)
282.6579|(1034.4, 479.6)
282.6745|(1036.3, 482.8)
282.6912|(1033.0, 480.5)
282.7246|(1032.4, 479.2)
282.7414|(1031.6, 476.3)
282.7746|(1030.7, 474.7)
282.7913|(1030.2, 474.3)
282.808|(1041.1, 359.0)
282.8246|(1046.7, 282.1)
282.8414|(1048.5, 262.7)
282.8581|(1052.0, 221.7)
282.8748|(1052.2, 218.5)
282.8916|(1052.2, 217.2)
282.925|(1051.2, 217.4)
282.9415|(1054.2, 217.6)
282.9583|(1053.7, 219.9)
282.9749|(1053.8, 219.4)
282.9917|(1054.1, 220.0)
283.0083|(1054.2, 222.7)
283.0254|(1051.5, 225.3)
283.0416|(1050.3, 226.7)
283.0751|(1052.3, 226.7)
283.0919|(1055.5, 226.8)
283.1085|(1057.3, 225.3)
283.1253|(1076.5, 322.8)
283.1419|(1077.4, 325.4)
283.1752|(1080.2, 329.5)
283.1921|(1082.6, 334.2)
283.2255|(1087.1, 337.1)
283.242|(1085.7, 336.1)
283.2589|(1082.4, 329.7)
283.2755|(1082.8, 329.6)
283.3089|(1085.3, 329.0)
283.3256|(1082.4, 330.8)
283.3422|(1081.7, 332.2)
283.3757|(1079.7, 333.6)
283.3924|(1079.7, 331.0)
283.4091|(1080.3, 329.6)
283.4257|(1080.1, 329.9)
283.4425|(1084.1, 342.3)
283.459|(1116.5, 429.1)
283.4757|(1118.2, 432.6)
283.4925|(1116.0, 434.8)
283.5259|(1113.5, 431.0)
283.5429|(1113.7, 439.6)
283.5593|(1114.0, 440.3)
283.576|(1115.5, 441.3)
283.5925|(1119.9, 440.8)
283.6264|(1119.0, 438.4)
283.6428|(1119.4, 438.0)
283.6761|(1119.2, 437.2)
283.6931|(1118.5, 435.8)
283.7263|(1013.6, 449.1)
283.7597|(1005.4, 450.1)
283.7764|(1005.6, 450.0)
283.8265|(984.4, 452.9)
283.843|(983.7, 452.3)
283.8599|(978.4, 447.5)
283.8932|(978.0, 444.2)
283.9098|(978.2, 445.1)
283.9266|(979.1, 443.3)
283.9432|(979.4, 442.4)
283.9766|(979.6, 441.8)
283.9933|(978.6, 446.2)
284.01|(976.7, 455.3)
284.0267|(975.2, 459.6)
284.0434|(974.8, 460.1)
284.0601|(971.7, 459.1)
284.0768|(969.3, 459.1)
284.0936|(967.5, 459.4)
284.1269|(967.3, 459.8)
284.1436|(967.6, 460.8)
284.1602|(970.9, 464.9)
284.1769|(971.5, 464.1)
284.2104|(1053.5, 474.8)
284.2271|(1053.6, 475.5)
284.2437|(1055.3, 476.1)
284.3272|(1059.5, 479.9)
284.3439|(1061.1, 479.1)
284.3608|(1059.4, 485.8)
284.3773|(1059.4, 486.0)
284.394|(1060.3, 484.7)
284.4274|(1062.5, 481.2)
284.4442|(1061.4, 481.0)
284.4607|(1061.1, 481.0)
284.4774|(1059.3, 486.9)
284.4942|(1044.0, 484.6)
284.5108|(920.6, 475.9)
284.5275|(908.9, 475.6)
284.5443|(903.8, 475.4)
284.5778|(887.5, 473.7)
284.5944|(887.4, 473.7)
284.6277|(890.3, 476.4)
284.6611|(891.2, 477.3)
284.6778|(894.9, 481.2)
284.6945|(899.0, 486.0)
284.728|(896.6, 481.1)
284.7447|(897.9, 474.6)
284.7614|(898.5, 477.7)
284.7947|(894.3, 475.9)
284.8114|(892.4, 475.3)
284.8281|(887.6, 473.0)
284.8447|(888.8, 474.1)
284.8781|(893.3, 479.4)
284.8948|(893.6, 479.7)
284.9116|(905.5, 479.2)
284.9283|(984.4, 537.9)
284.9449|(1015.8, 567.4)
284.9616|(1020.9, 571.4)
284.9782|(1022.5, 572.9)
284.9952|(1032.0, 581.3)
285.029|(1035.0, 586.7)
285.045|(1035.7, 587.2)
285.0619|(1036.9, 587.4)
285.0786|(1037.7, 588.8)
285.0952|(1038.7, 591.0)
285.1118|(1037.3, 592.2)
285.1292|(1033.6, 592.4)
285.1453|(1035.7, 593.4)
285.1788|(1035.4, 593.1)
285.1954|(1036.2, 589.7)
285.2119|(1036.3, 589.3)
285.2286|(1035.9, 585.8)
285.2459|(1036.0, 586.2)
285.2621|(1036.6, 589.6)
285.2787|(1036.2, 589.3)
285.2956|(1034.8, 588.7)
285.329|(1034.3, 589.2)
285.3456|(1029.0, 585.1)
285.379|(902.9, 434.6)
285.3959|(897.8, 432.8)
285.4123|(899.2, 430.3)
285.4292|(900.1, 432.0)
285.4457|(901.0, 433.6)
285.4792|(896.5, 434.2)
285.496|(899.9, 435.9)
285.5292|(902.2, 430.6)
285.5459|(899.6, 431.1)
285.5626|(899.1, 431.2)
285.5793|(900.6, 433.7)
285.6294|(900.5, 434.2)
285.6461|(900.7, 436.4)
285.6627|(1027.5, 532.4)
285.6793|(1061.1, 557.7)
285.6964|(1060.5, 557.1)
285.7129|(1061.7, 558.6)
285.7295|(1061.9, 558.7)
285.7462|(1062.2, 558.4)
285.7797|(1068.2, 557.2)
285.7964|(1067.6, 557.9)
285.8297|(1067.6, 557.5)
285.8464|(1068.4, 555.7)
285.863|(1069.2, 553.2)
285.8798|(1068.9, 553.0)
285.8965|(1069.1, 553.7)
285.9299|(1069.5, 552.8)
285.9467|(1068.1, 552.9)
285.9634|(1064.6, 553.3)
285.98|(1063.5, 574.9)
285.9968|(1063.1, 577.9)
286.0133|(1063.2, 584.0)
286.0302|(1063.2, 588.2)
286.0469|(1063.1, 600.9)
286.0801|(1062.9, 606.7)
286.0969|(1062.2, 614.2)
286.1135|(1060.8, 611.3)
286.1302|(1059.9, 597.9)
286.1467|(1056.3, 600.8)
286.1636|(1056.3, 599.1)
286.1803|(1056.5, 600.0)
286.1972|(1057.8, 598.9)
286.2304|(1059.0, 605.7)
286.2469|(946.7, 382.3)
286.2805|(926.3, 341.5)
286.2972|(921.2, 330.6)
286.3138|(914.4, 316.2)
286.3304|(916.5, 313.7)
286.3472|(916.3, 311.5)
286.3808|(919.1, 310.6)
286.3973|(919.2, 310.6)
286.414|(921.8, 309.4)
286.4309|(920.2, 306.5)
286.4473|(919.1, 304.6)
286.4641|(919.9, 306.1)
286.4808|(921.8, 307.4)
286.4976|(922.6, 306.4)
286.5308|(922.8, 306.1)
286.5475|(923.4, 305.5)
286.5643|(928.0, 305.4)
286.5809|(926.1, 305.2)
286.5977|(928.0, 305.4)
286.6144|(937.3, 311.0)
286.6311|(939.5, 312.8)
286.6479|(1041.4, 387.2)
286.6812|(1056.0, 396.2)
286.6978|(1061.9, 405.3)
286.7146|(1062.2, 401.2)
286.7313|(1062.6, 400.7)
286.7479|(1063.3, 399.3)
286.7647|(1062.2, 412.2)
286.7813|(1062.1, 410.6)
286.7981|(1062.3, 409.0)
286.8815|(1055.0, 374.6)
286.898|(1033.8, 401.8)
286.9149|(1022.1, 402.9)
286.9315|(1024.2, 411.8)
286.9482|(1021.4, 424.7)
286.9816|(1015.2, 436.0)
286.9983|(1012.2, 455.8)
287.015|(1011.2, 477.4)
287.0318|(1009.1, 493.4)
287.0484|(1008.4, 495.9)
287.0652|(1007.9, 494.0)
287.0819|(1008.7, 493.8)
287.0986|(1009.6, 495.1)
287.1318|(1009.1, 494.5)
287.1485|(1008.6, 496.8)
287.1652|(1008.9, 500.7)
287.182|(1008.2, 500.6)
287.1988|(1007.2, 500.3)
287.2153|(1008.9, 500.4)
287.2321|(1009.0, 500.3)
287.2487|(1008.9, 500.4)
287.2822|(1010.7, 501.2)
287.299|(1011.0, 502.4)
287.3158|(1009.7, 501.7)
287.3322|(1010.1, 501.3)
287.3487|(1010.6, 499.8)
287.3656|(1010.4, 500.0)
287.3823|(1010.6, 499.4)
287.3989|(1010.3, 499.2)
287.4325|(1010.4, 499.6)
287.449|(1015.1, 505.1)
287.4659|(1015.0, 504.8)
287.4823|(1014.6, 503.8)
287.4992|(1014.2, 500.7)
287.5161|(1013.4, 498.7)
287.5326|(1012.9, 495.8)
287.5492|(1012.3, 494.9)
287.5827|(1010.3, 492.4)
287.5995|(1014.1, 485.4)
287.616|(1015.2, 486.1)
287.6327|(1013.8, 486.4)
287.6494|(1013.8, 486.6)
287.666|(1009.6, 489.2)
287.6828|(1007.7, 488.2)
287.6997|(1004.9, 485.9)
287.733|(1008.5, 483.8)
287.7495|(1008.5, 484.2)
287.7662|(1008.5, 485.5)
287.7829|(1008.6, 486.3)
287.7995|(1007.5, 487.6)
287.8163|(1006.8, 487.2)
287.8332|(1006.2, 487.0)
287.8497|(1006.5, 486.3)
287.8665|(1006.4, 485.8)
287.8831|(1005.6, 486.0)
287.8999|(1005.7, 486.1)
287.9165|(1004.7, 488.1)
287.9332|(1005.4, 494.1)
287.9499|(1006.6, 492.7)
287.9666|(1007.2, 492.5)
287.9834|(1006.8, 492.8)
288.0001|(1006.0, 493.6)
288.0335|(1005.8, 495.8)
288.05|(1007.5, 499.0)
288.0667|(1008.6, 499.4)
288.0834|(1007.9, 499.4)
288.1003|(1003.9, 499.7)
288.1169|(1004.4, 501.3)
288.1336|(1000.8, 503.4)
288.1505|(999.8, 502.8)
288.1836|(997.5, 501.8)
288.2003|(997.0, 499.2)
288.2173|(998.6, 497.3)
288.2339|(999.5, 497.7)
288.2504|(997.3, 497.2)
288.2672|(997.6, 496.7)
288.2838|(997.9, 496.4)
288.3006|(998.3, 496.2)
288.3172|(998.6, 493.5)
288.3505|(998.9, 488.0)
288.3675|(998.3, 493.4)
288.3839|(998.8, 500.3)
288.4009|(999.3, 501.6)
288.4175|(999.5, 501.9)
288.4341|(998.4, 499.5)
288.4507|(1000.6, 500.1)
288.4842|(999.0, 496.4)
288.5011|(1001.9, 495.0)
288.5175|(1003.4, 496.2)
288.5342|(1004.5, 498.0)
288.5509|(1005.0, 499.5)
288.5679|(1004.5, 500.2)
288.5843|(1004.3, 499.8)
288.601|(1004.3, 500.2)
288.6344|(1002.5, 504.1)
288.651|(1001.0, 503.1)
288.6678|(1001.0, 501.0)
288.6846|(1001.9, 502.4)
288.7012|(1002.7, 503.0)
288.718|(1005.7, 507.7)
288.7345|(1005.0, 506.5)
288.7512|(1005.4, 507.5)
288.768|(1004.9, 507.1)
288.7846|(1005.0, 506.7)
288.8014|(1005.5, 507.5)
288.818|(1004.9, 504.7)
288.8347|(1008.6, 499.9)
288.8514|(1031.2, 521.6)
288.8682|(1035.6, 528.0)
288.8854|(1049.7, 546.0)
288.9016|(1060.4, 558.7)
288.9349|(1064.1, 565.2)
288.9515|(1064.8, 566.5)
288.9683|(1060.3, 561.5)
288.985|(1066.2, 558.7)
289.0018|(1063.7, 555.5)
289.0184|(1064.2, 554.3)
289.0352|(1063.6, 553.8)
289.0352|(1062.5, 554.6)
289.0851|(1062.9, 555.0)
289.1018|(1060.5, 560.2)
289.1184|(1064.0, 561.6)
289.1353|(1064.5, 562.2)
289.1519|(1059.8, 559.0)
289.1688|(1062.2, 558.9)
289.1852|(1070.5, 557.8)
289.202|(1139.7, 570.9)
289.2186|(1158.1, 577.8)
289.2354|(1165.7, 562.4)
289.252|(1167.5, 567.0)
289.2688|(1196.9, 586.0)
289.2854|(1193.1, 584.4)
289.3022|(1181.7, 578.6)
289.3188|(1183.6, 579.4)
289.3357|(1188.1, 580.7)
289.3522|(1185.9, 588.5)
289.3857|(1194.3, 588.9)
289.4025|(1188.3, 586.3)
289.419|(1171.9, 565.0)
289.4359|(1096.8, 447.9)
289.4527|(1088.4, 434.1)
289.4693|(1084.6, 428.3)
289.4858|(1079.4, 419.5)
289.5359|(1044.9, 357.2)
289.5525|(1045.6, 363.9)
289.5693|(1046.8, 365.0)
289.5861|(1047.5, 365.7)
289.6027|(1049.6, 364.9)
289.6196|(1048.2, 365.5)
289.6362|(1044.4, 363.3)
289.6527|(1044.1, 362.9)
289.6695|(1045.1, 362.4)
289.6862|(1043.7, 362.9)
289.7029|(1044.3, 362.8)
289.7196|(1046.2, 363.8)
289.7361|(1047.0, 363.0)
289.753|(1052.0, 360.8)
289.7696|(1049.3, 361.9)
289.7865|(1042.7, 362.6)
289.803|(1041.1, 363.9)
289.8365|(989.3, 297.1)
289.853|(982.7, 285.4)
289.8698|(979.3, 279.7)
289.8867|(979.7, 280.9)
289.9032|(975.4, 270.4)
289.92|(977.5, 276.4)
289.9367|(977.9, 275.3)
289.9868|(974.4, 279.4)
290.0034|(974.2, 279.2)
290.0202|(974.4, 277.7)
290.0368|(975.1, 273.4)
290.0535|(976.9, 268.7)
290.0703|(976.9, 269.6)
290.1036|(998.7, 265.5)
290.1201|(1013.0, 263.6)
290.137|(1031.3, 261.7)
290.1536|(1069.8, 257.6)
290.1705|(1073.7, 257.2)
290.1871|(1098.6, 254.4)
290.2037|(1105.0, 254.9)
290.2204|(1109.3, 254.6)
290.2371|(1113.1, 253.9)
290.2537|(1111.2, 254.7)
290.2706|(1111.5, 253.2)
290.2873|(1110.7, 253.6)
290.304|(1110.0, 253.8)
290.3205|(1108.6, 253.3)
290.3372|(1108.4, 251.5)
290.3539|(1108.6, 250.0)
290.3709|(1108.6, 249.4)
290.3872|(1109.3, 252.2)
290.4207|(1110.0, 251.6)
290.4377|(1110.3, 251.6)
290.4541|(1111.2, 251.9)
290.4708|(1110.6, 247.6)
290.4875|(1110.3, 245.0)
290.5042|(1108.1, 241.5)
290.5209|(1106.6, 240.0)
290.5541|(1107.2, 242.9)
290.571|(1109.8, 247.3)
290.5875|(1077.4, 284.4)
290.6044|(1065.7, 294.2)
290.6212|(1054.9, 303.4)
290.6377|(1041.4, 314.9)
290.6544|(1027.0, 325.9)
290.6712|(1017.9, 332.8)
290.6877|(1019.1, 332.9)
290.7045|(1019.1, 333.1)
290.7212|(1015.9, 339.1)
290.7381|(1018.2, 337.0)
290.7546|(1017.7, 337.0)
290.7714|(1015.4, 337.6)
290.788|(1012.0, 336.6)
290.8047|(1011.4, 337.9)
290.8214|(1011.2, 337.1)
290.8382|(1010.6, 336.8)
290.8714|(1005.2, 336.1)
290.888|(1006.9, 336.1)
290.9048|(893.5, 373.9)
290.9217|(894.5, 373.8)
290.9383|(900.7, 371.8)
290.955|(892.8, 373.4)
290.9718|(896.8, 367.7)
291.005|(897.7, 363.3)
291.0218|(901.7, 364.2)
291.0383|(899.8, 370.4)
291.0551|(899.9, 373.2)
291.0718|(900.3, 374.9)
291.0886|(898.4, 376.9)
291.1053|(897.0, 377.3)
291.1219|(896.3, 377.4)
291.1386|(896.5, 377.9)
291.1552|(896.3, 376.7)
291.172|(896.9, 372.8)
291.1885|(896.7, 374.1)
291.2054|(897.1, 372.5)
291.2221|(896.6, 373.0)
291.2387|(895.9, 373.9)
291.2553|(895.8, 373.3)
291.2721|(894.3, 375.1)
291.2888|(897.1, 375.2)
291.3223|(895.8, 375.1)
291.339|(896.9, 376.5)
291.3555|(898.3, 375.4)
291.3724|(898.5, 374.4)
291.3889|(898.2, 378.2)
291.4058|(902.3, 373.0)
291.4224|(895.6, 377.1)
291.4391|(850.3, 344.4)
291.4726|(804.9, 311.3)
291.4891|(762.2, 281.9)
291.5058|(736.8, 261.9)
291.5226|(723.2, 250.8)
291.5392|(722.5, 251.1)
291.5561|(721.8, 249.3)
291.5893|(725.8, 253.9)
291.6227|(726.3, 254.6)
291.6394|(723.3, 249.6)
291.6561|(724.0, 248.6)
291.6728|(728.7, 243.9)
291.6894|(728.8, 243.6)
291.7064|(729.7, 243.0)
291.7229|(728.5, 244.4)
291.7396|(730.5, 244.6)
291.7729|(731.2, 245.1)
291.7899|(731.4, 244.9)
291.8064|(731.4, 245.8)
291.823|(751.9, 246.8)
291.8397|(919.8, 251.2)
291.8564|(1016.9, 251.8)
291.873|(1037.4, 252.9)
291.9233|(1043.8, 252.4)
291.9398|(1047.6, 256.5)
291.9567|(1049.0, 259.0)
291.9735|(1049.5, 259.2)
291.99|(1047.5, 262.4)
292.0065|(1055.4, 267.5)
292.0402|(1051.7, 263.8)
292.0734|(1053.4, 269.9)
292.0901|(1052.2, 269.2)
292.107|(1052.3, 271.2)
292.1234|(1051.8, 273.2)
292.1403|(1052.9, 273.7)
292.1736|(1055.0, 272.3)
292.1903|(1060.4, 270.0)
292.2237|(1079.0, 269.6)
292.2406|(1084.8, 270.5)
292.257|(1091.7, 270.9)
292.2738|(1127.1, 276.5)
292.3072|(1140.0, 276.7)
292.3241|(1138.8, 277.3)
292.3406|(1137.9, 273.4)
292.5409|(1138.9, 267.8)
292.5576|(1138.9, 267.8)
292.5743|(1136.6, 269.1)
292.5909|(1120.1, 271.6)
292.6243|(1122.6, 268.8)
292.6411|(1121.9, 270.2)
292.8415|(1171.1, 272.9)
292.8582|(1162.9, 275.9)
292.8748|(1158.0, 269.4)
292.8915|(1160.6, 265.9)
292.9083|(1158.8, 266.5)
292.9247|(1156.9, 268.5)
292.9416|(1155.9, 268.4)
292.9749|(1153.3, 270.1)
292.9916|(1157.0, 276.5)
293.0084|(1157.4, 272.7)
293.0251|(1158.3, 276.1)
293.0418|(1156.0, 266.5)
293.0752|(1161.9, 268.5)
293.0918|(1162.0, 267.2)
293.1252|(1159.9, 268.0)
293.142|(1153.4, 269.3)
293.1585|(1073.9, 279.3)
293.1755|(1050.4, 286.3)
293.2087|(1026.6, 291.7)
293.2256|(1035.8, 292.8)
293.2756|(1058.0, 288.1)
293.2922|(1052.7, 285.7)
293.3089|(1052.8, 285.0)
293.3255|(1054.5, 287.1)
293.3424|(1051.9, 285.5)
293.3589|(1050.7, 283.9)
293.3755|(1045.4, 287.9)
293.3923|(1046.3, 292.4)
293.4257|(1048.1, 292.6)
293.4425|(1046.3, 298.1)
293.459|(1045.9, 299.6)
293.4759|(1046.8, 308.5)
293.4924|(1050.7, 313.9)
293.5093|(1051.3, 314.4)
293.5261|(1054.8, 309.3)
293.5426|(1053.6, 312.1)
296.4474|(768.5, 675.1)
296.4642|(779.7, 695.4)
296.4808|(770.9, 698.2)
296.4975|(767.5, 698.6)
296.5146|(765.5, 692.7)
296.5309|(763.7, 684.7)
296.5477|(762.9, 675.1)
296.5811|(761.1, 663.8)
296.5976|(763.2, 656.3)
296.6143|(765.4, 658.2)
296.631|(765.8, 660.0)
296.6477|(766.9, 661.9)
296.6812|(766.3, 658.4)
296.6978|(766.6, 658.2)
301.2892|(1032.1, 406.9)
301.3058|(1038.3, 401.9)
301.3228|(1039.3, 402.7)
301.3559|(1041.5, 401.7)
301.3726|(1040.6, 395.4)
301.3894|(1040.8, 392.8)
301.4061|(1041.0, 390.8)
301.4228|(1041.2, 391.1)
301.4395|(1042.0, 390.6)
301.4564|(1042.7, 391.7)
301.4897|(1044.4, 390.9)
301.7067|(959.4, 386.4)
301.7233|(959.4, 386.4)
301.7399|(956.1, 386.2)
301.7568|(957.7, 386.1)
301.7732|(958.8, 385.4)
301.7901|(964.6, 378.7)
301.8235|(964.7, 378.4)
301.8399|(965.4, 375.9)
301.8568|(964.8, 375.8)
301.8734|(964.1, 377.2)
301.8902|(960.9, 377.7)
301.9068|(958.4, 375.9)
301.9235|(961.7, 375.7)
301.9403|(963.2, 370.1)
301.9568|(962.6, 370.6)
301.9736|(965.4, 367.2)
301.9903|(966.2, 367.3)
302.007|(965.2, 364.3)
302.0238|(966.9, 362.4)
302.0405|(967.1, 362.1)
302.0572|(979.4, 356.3)
302.0737|(987.9, 354.6)
302.0904|(1012.6, 358.0)
302.1239|(1102.7, 377.0)
302.1406|(1112.9, 381.3)
302.1575|(1111.6, 376.2)
302.174|(1116.7, 380.9)
302.1906|(1115.8, 383.8)
302.2072|(1115.1, 385.2)
302.2241|(1111.6, 390.7)
302.2741|(1109.8, 394.0)
302.441|(1187.7, 313.4)
302.4579|(1173.4, 368.7)
302.4748|(1168.7, 375.0)
302.4913|(1165.1, 380.1)
302.5078|(1164.2, 386.2)
302.5247|(1164.6, 387.2)
302.5412|(1165.0, 388.5)
302.5746|(1166.8, 395.8)
302.5916|(1162.0, 390.0)
302.6079|(1160.0, 383.5)
302.6246|(1152.6, 378.5)
302.6414|(1153.3, 379.3)
302.6582|(1150.2, 376.0)
302.6749|(1151.2, 376.1)
302.7083|(1150.9, 382.0)
302.7251|(1152.1, 382.9)
302.7417|(1156.7, 381.7)
302.7583|(1160.3, 384.8)
302.7751|(1160.6, 384.9)
302.7917|(1161.8, 390.1)
302.8083|(1162.5, 389.2)
302.8419|(1167.2, 394.8)
302.8751|(1172.9, 407.4)
302.8919|(1173.2, 406.3)
302.9084|(1185.5, 413.3)
302.9251|(1573.3, 629.8)
302.9417|(1657.1, 670.2)
302.9584|(1704.5, 693.8)
302.9753|(1741.4, 710.3)
302.9919|(1742.1, 710.0)
303.0421|(1745.5, 707.8)
303.0588|(1740.2, 706.1)
303.0753|(1733.3, 698.0)
303.092|(1727.9, 691.3)
303.1255|(1713.5, 675.6)
303.1756|(1704.3, 680.8)
303.1927|(1677.5, 690.0)
303.209|(1454.7, 662.1)
303.2256|(1281.9, 645.8)
303.2423|(1050.4, 621.0)
303.2592|(1044.2, 637.3)
303.2758|(1043.6, 639.3)
303.2924|(1043.4, 636.6)
