562.0452|(1411.6, 476.1)
562.9366|(1734.4, 564.9)
562.97|(1734.4, 564.9)
562.9868|(1407.5, 275.4)
567.1771|(729.9, 503.6)
586.1422|(832.0, 626.9)
586.1588|(748.7, 613.1)
586.1755|(759.9, 606.5)
586.1923|(808.3, 607.0)
586.2088|(794.9, 603.8)
586.2424|(800.4, 588.9)
586.2755|(812.4, 578.0)
586.2922|(827.8, 574.0)
586.3093|(836.6, 571.5)
586.3256|(850.9, 559.4)
586.3426|(775.2, 531.3)
586.3758|(742.2, 521.6)
586.3925|(781.4, 547.9)
586.4259|(771.6, 629.7)
586.4428|(834.5, 628.6)
586.4592|(1052.5, 966.4)
586.4761|(1015.8, 964.1)
586.5093|(927.3, 1058.1)
586.5261|(928.4, 1045.0)
586.5427|(658.6, 1011.0)
586.5928|(671.3, 1004.1)
586.6095|(688.3, 1023.1)
586.6262|(841.4, 1103.0)
586.6429|(1009.7, 1124.7)
586.6595|(995.3, 1109.4)
586.6763|(986.0, 1101.5)
586.693|(1008.8, 1111.3)
586.7263|(1070.5, 1130.0)
586.743|(940.3, 1108.4)
586.7598|(990.5, 1127.4)
586.7766|(907.6, 1117.1)
586.793|(759.2, 1078.2)
586.8099|(684.0, 1058.0)
586.8266|(689.5, 1062.3)
586.8433|(703.4, 1068.6)
586.8766|(720.6, 1080.6)
586.8933|(717.2, 1072.9)
586.9101|(725.0, 1054.0)
586.9266|(726.6, 1044.9)
586.9434|(725.8, 1055.0)
586.9601|(721.6, 1068.2)
586.977|(721.1, 1065.9)
586.9935|(722.1, 1065.3)
587.0269|(721.1, 1066.5)
587.0436|(723.1, 1064.4)
587.0603|(723.2, 1068.1)
587.0769|(722.4, 1079.4)
587.0936|(720.5, 1094.5)
587.1104|(719.2, 1093.2)
587.127|(720.0, 1090.5)
587.1438|(719.6, 1089.9)
596.3926|(681.7, 649.5)
596.4092|(682.9, 650.2)
596.426|(682.9, 650.2)
596.476|(685.9, 721.3)
596.4927|(688.0, 763.1)
596.5093|(689.3, 699.1)
596.5261|(689.4, 698.4)
596.5593|(696.9, 646.4)
596.576|(697.8, 631.1)
596.5928|(695.7, 634.6)
596.6262|(696.2, 605.3)
596.6431|(697.7, 600.2)
596.6597|(698.6, 601.7)
596.6763|(700.7, 599.8)
596.6929|(707.0, 584.9)
596.7266|(707.4, 588.6)
596.743|(708.1, 588.7)
596.7764|(709.4, 588.3)
596.7932|(707.3, 596.6)
596.8099|(708.9, 598.6)
596.8266|(704.5, 596.3)
596.8433|(703.8, 592.0)
596.8599|(701.1, 588.7)
596.8767|(699.6, 591.3)
596.8934|(699.9, 609.8)
596.9268|(702.7, 613.3)
596.9435|(713.5, 635.5)
596.9603|(712.3, 635.0)
596.9767|(714.5, 647.0)
597.0102|(713.7, 657.8)
597.027|(711.8, 667.0)
597.0436|(712.0, 662.8)
597.0769|(711.0, 668.1)
597.0938|(714.3, 674.6)
597.1103|(715.5, 676.7)
597.1271|(715.8, 679.9)
597.1437|(715.9, 680.8)
597.1605|(718.0, 678.5)
597.1771|(720.6, 675.4)
597.1936|(729.3, 654.5)
597.2272|(733.5, 631.7)
597.244|(726.1, 619.4)
597.2607|(693.5, 593.5)
597.2773|(672.2, 592.7)
597.3108|(662.8, 597.5)
597.3273|(657.3, 595.5)
597.3441|(654.7, 587.7)
597.3774|(652.4, 589.4)
597.4276|(656.8, 587.4)
597.4442|(662.2, 591.8)
597.4612|(665.1, 593.0)
597.4776|(665.5, 591.6)
597.4943|(664.4, 589.7)
597.5278|(662.3, 587.7)
597.5444|(659.7, 583.0)
597.5611|(659.3, 582.5)
597.5778|(653.7, 580.0)
597.5946|(635.3, 581.9)
597.6111|(636.0, 581.4)
597.6446|(633.8, 581.9)
597.6946|(630.8, 588.1)
597.7115|(620.8, 610.0)
597.728|(616.1, 617.2)
597.7447|(619.6, 612.3)
597.7614|(624.8, 604.7)
597.7781|(626.6, 599.7)
597.7948|(646.3, 559.3)
597.8283|(654.3, 541.5)
597.845|(658.5, 533.2)
597.8617|(663.4, 516.4)
597.8951|(670.3, 492.3)
597.9117|(671.5, 490.9)
597.9286|(671.4, 486.2)
597.945|(672.1, 489.3)
597.9785|(671.9, 488.9)
597.9952|(672.2, 491.8)
598.0118|(672.9, 493.7)
598.0285|(674.5, 494.0)
598.0452|(675.2, 490.2)
598.0618|(675.8, 487.5)
598.0787|(676.8, 485.8)
598.0953|(677.1, 485.4)
598.1287|(678.2, 483.3)
598.1453|(677.9, 485.7)
598.162|(676.4, 492.8)
598.1789|(671.1, 554.3)
598.1956|(658.6, 760.6)
598.2122|(662.1, 833.6)
598.2289|(664.5, 848.2)
598.2456|(661.5, 860.2)
598.2789|(664.8, 917.0)
598.2957|(676.6, 981.7)
598.3123|(672.8, 966.3)
598.3458|(671.6, 961.9)
598.3625|(671.5, 961.1)
598.3791|(670.6, 957.2)
598.4293|(663.8, 961.3)
598.446|(671.3, 968.7)
598.4792|(679.3, 966.7)
598.4962|(678.0, 960.9)
598.5126|(680.8, 956.0)
598.5294|(681.4, 956.2)
598.5461|(680.8, 960.6)
598.5795|(673.5, 906.4)
598.6128|(668.1, 907.1)
598.6296|(663.9, 918.0)
598.6461|(660.7, 922.6)
598.663|(658.2, 929.7)
598.6796|(656.8, 933.2)
598.6962|(658.8, 931.3)
600.5494|(752.5, 881.6)
600.5663|(774.8, 836.2)
600.5828|(784.9, 832.5)
600.5995|(791.6, 829.9)
600.6163|(791.6, 830.1)
600.6331|(784.0, 838.4)
600.6495|(780.5, 852.6)
611.9519|(697.5, 372.9)
620.7998|(655.0, 481.9)
620.8163|(656.6, 476.4)
620.8333|(656.9, 471.2)
620.85|(654.4, 469.3)
620.8666|(656.0, 461.2)
620.8835|(660.6, 447.2)
620.9|(672.9, 431.4)
620.9333|(694.6, 401.1)
620.95|(699.6, 397.7)
620.9833|(703.7, 396.2)
621.0002|(704.1, 396.7)
621.0337|(730.2, 420.0)
621.0503|(734.9, 424.4)
621.4008|(706.8, 554.4)
621.4342|(704.5, 569.4)
621.4509|(705.4, 571.7)
621.4677|(705.5, 572.7)
621.4845|(707.1, 566.9)
621.6846|(744.0, 567.5)
621.7013|(726.4, 583.2)
621.7181|(732.6, 574.8)
621.7346|(730.2, 576.3)
621.7515|(734.0, 571.3)
621.7681|(736.1, 568.8)
621.7849|(738.1, 569.0)
621.8015|(741.1, 566.3)
621.8181|(743.3, 565.9)
621.8351|(762.0, 570.9)
621.8514|(793.8, 573.4)
621.8683|(796.4, 573.9)
621.885|(805.4, 574.6)
621.9017|(810.7, 573.7)
621.9183|(814.0, 573.5)
621.9351|(814.2, 570.9)
622.7364|(741.9, 720.7)
622.7531|(742.3, 681.0)
622.7697|(736.4, 678.0)
622.7865|(739.3, 671.4)
622.8033|(713.1, 646.9)
622.8199|(724.3, 661.3)
622.8367|(721.2, 650.7)
622.8533|(745.8, 659.5)
622.8868|(792.9, 652.2)
622.9033|(806.5, 637.3)
622.9199|(807.5, 635.4)
622.9368|(807.7, 641.1)
622.9702|(811.8, 652.3)
623.0035|(810.9, 664.6)
623.02|(809.7, 668.6)
623.0369|(807.7, 669.3)
623.0535|(805.5, 669.8)
623.0704|(811.2, 679.4)
623.0871|(748.0, 694.1)
623.1038|(746.0, 694.5)
623.1204|(740.9, 696.1)
623.1369|(735.7, 698.7)
623.1539|(719.9, 705.5)
623.1705|(714.3, 709.9)
623.1873|(708.8, 713.6)
623.2039|(702.1, 718.8)
623.2204|(697.4, 718.1)
623.2373|(699.7, 733.8)
623.2539|(689.7, 727.8)
623.2706|(689.0, 727.5)
623.2873|(692.3, 729.1)
623.3207|(695.4, 729.4)
623.3374|(699.9, 725.1)
623.3541|(701.1, 724.0)
623.3709|(702.3, 722.1)
623.3875|(702.2, 723.8)
623.4042|(700.9, 729.0)
623.4209|(722.8, 717.9)
623.4543|(714.6, 721.8)
623.4709|(764.0, 710.4)
623.4875|(754.6, 687.6)
623.5043|(777.7, 687.2)
623.5211|(802.2, 695.1)
623.5378|(842.5, 689.2)
623.5543|(870.7, 691.0)
623.6713|(861.6, 706.6)
623.6879|(890.4, 692.3)
623.7048|(921.7, 699.9)
623.7213|(902.4, 694.0)
623.7381|(919.8, 696.9)
623.7715|(941.2, 698.8)
623.7881|(939.8, 701.1)
623.8048|(931.1, 713.8)
623.8215|(930.4, 712.9)
623.8383|(930.5, 713.7)
623.8551|(933.7, 727.4)
623.8716|(997.8, 754.5)
623.8883|(1025.0, 756.1)
624.0887|(1035.2, 726.1)
624.1053|(1029.0, 709.4)
624.1221|(1025.8, 709.2)
624.1387|(1013.1, 703.3)
624.2391|(1008.0, 705.0)
624.2554|(1075.9, 678.7)
624.2723|(1096.0, 688.8)
624.2888|(1108.2, 698.5)
624.3059|(1109.0, 706.5)
624.3223|(1113.3, 717.1)
624.3391|(1116.7, 724.8)
624.3726|(1115.7, 726.3)
624.3891|(1116.8, 734.2)
624.4059|(1116.7, 736.7)
624.4227|(1116.9, 738.6)
624.4393|(1124.7, 755.8)
624.456|(1125.3, 757.1)
624.4893|(1115.8, 755.1)
624.5228|(1071.8, 738.2)
624.5392|(947.1, 691.6)
624.5562|(892.6, 671.2)
624.5728|(841.9, 664.6)
624.5895|(848.4, 668.9)
624.6062|(793.3, 683.3)
624.6229|(732.9, 693.3)
624.6396|(734.9, 709.1)
624.673|(733.7, 710.0)
624.6896|(731.4, 708.5)
624.7065|(732.1, 691.9)
624.7231|(734.5, 680.2)
624.7397|(734.4, 679.5)
624.8232|(747.4, 710.0)
624.8566|(744.1, 502.4)
624.8733|(736.4, 537.7)
624.89|(729.1, 559.5)
624.9068|(706.4, 579.2)
624.9234|(701.0, 585.0)
624.9401|(703.5, 581.2)
624.9734|(710.4, 581.4)
624.9901|(713.5, 575.8)
625.007|(713.4, 576.4)
625.0236|(714.5, 572.3)
625.0403|(714.2, 573.3)
625.0569|(715.2, 566.2)
625.0738|(715.2, 567.9)
625.0904|(715.7, 562.1)
625.1237|(718.7, 562.5)
625.1404|(721.0, 563.1)
625.1572|(720.5, 562.9)
625.1739|(714.7, 567.1)
625.2072|(718.2, 569.2)
625.2239|(733.9, 568.7)
625.2407|(748.3, 568.0)
625.274|(762.1, 567.1)
625.2906|(782.8, 568.1)
625.3073|(783.3, 569.4)
625.3241|(783.6, 570.2)
625.3408|(783.6, 570.7)
625.3574|(784.4, 562.4)
625.374|(784.7, 561.4)
625.3908|(775.3, 576.8)
625.4242|(777.3, 573.2)
625.441|(779.6, 572.4)
625.4576|(781.3, 571.7)
625.4742|(779.3, 573.1)
625.491|(773.7, 578.6)
625.5076|(772.3, 583.3)
625.5243|(771.7, 587.0)
625.5411|(764.1, 601.4)
625.5745|(758.3, 602.2)
625.5911|(754.2, 597.5)
625.608|(755.9, 603.7)
625.6246|(757.5, 579.2)
625.658|(728.3, 513.5)
625.6746|(726.5, 511.1)
625.6913|(731.1, 493.8)
625.7247|(731.0, 492.4)
625.7416|(730.2, 490.3)
625.7581|(735.2, 476.5)
625.7916|(740.5, 472.4)
625.8082|(742.0, 469.8)
625.8248|(738.1, 467.9)
625.8415|(737.4, 468.6)
625.8754|(740.4, 468.3)
625.8915|(738.9, 468.3)
625.9083|(732.0, 482.9)
625.9252|(724.7, 501.7)
625.9417|(727.0, 507.9)
625.9752|(730.6, 509.5)
625.9919|(743.6, 492.4)
626.0251|(756.6, 477.2)
626.0419|(760.6, 463.9)
626.0586|(762.0, 462.3)
626.0754|(758.7, 462.8)
626.1086|(758.9, 462.1)
626.1255|(757.2, 461.6)
626.1755|(761.7, 461.8)
626.1923|(763.5, 465.3)
626.209|(762.8, 466.3)
626.2255|(763.7, 468.4)
626.2423|(764.1, 469.9)
626.2589|(782.3, 487.4)
626.2755|(787.3, 489.4)
626.2923|(791.8, 488.0)
626.3256|(797.0, 491.7)
626.3425|(798.1, 489.1)
626.359|(798.4, 489.2)
626.3759|(800.8, 487.9)
626.3924|(800.2, 488.7)
626.426|(802.8, 486.9)
626.4424|(803.3, 486.8)
626.476|(803.2, 487.5)
626.4927|(802.2, 490.1)
626.5261|(810.1, 504.6)
626.5595|(812.4, 505.6)
626.5761|(811.8, 505.1)
626.6262|(815.1, 502.8)
626.6429|(814.5, 502.9)
626.6595|(808.4, 502.6)
626.693|(808.0, 507.3)
626.7097|(807.1, 499.4)
626.7263|(806.4, 492.7)
626.7431|(807.7, 488.6)
626.8932|(783.8, 644.8)
626.9268|(727.2, 726.6)
626.9433|(729.7, 746.1)
626.9602|(730.3, 749.6)
626.9767|(734.1, 760.6)
626.9933|(732.1, 776.5)
627.0104|(725.6, 783.1)
627.0267|(727.1, 785.3)
627.0436|(727.0, 785.2)
627.077|(727.2, 784.7)
627.0938|(721.4, 775.4)
627.1104|(693.8, 851.8)
627.1437|(689.0, 867.2)
627.1605|(688.2, 869.5)
627.1938|(683.6, 878.1)
627.244|(696.4, 883.9)
627.2773|(697.6, 883.3)
627.294|(696.5, 883.6)
627.3275|(694.3, 884.8)
627.3441|(697.4, 880.9)
627.5611|(721.1, 991.9)
627.5945|(717.5, 984.4)
627.6111|(713.2, 987.5)
627.6446|(707.0, 988.5)
627.8283|(715.4, 936.1)
627.8616|(698.8, 982.6)
627.8786|(697.6, 981.2)
628.0118|(694.3, 926.4)
628.0453|(694.8, 909.1)
628.0619|(695.8, 918.6)
628.0952|(696.8, 919.8)
628.1455|(694.8, 940.7)
628.1788|(704.1, 913.3)
628.1954|(703.0, 914.5)
628.2289|(716.3, 891.7)
628.2457|(734.7, 863.7)
628.4627|(758.2, 851.2)
628.4791|(754.0, 846.5)
628.4959|(746.3, 818.1)
628.5128|(746.7, 828.4)
628.5293|(753.9, 822.3)
628.5461|(755.1, 825.4)
628.7297|(685.9, 644.0)
628.7633|(684.9, 662.5)
628.7797|(683.0, 661.6)
628.7966|(682.7, 659.6)
628.8131|(682.1, 659.3)
628.8298|(679.7, 656.3)
628.8466|(678.9, 654.8)
628.8799|(674.9, 652.0)
628.8966|(672.9, 646.7)
628.9138|(669.3, 648.4)
628.93|(667.5, 648.6)
628.9467|(669.3, 638.7)
628.9634|(706.3, 417.9)
628.9802|(717.5, 336.3)
628.9969|(720.0, 316.4)
629.0303|(722.0, 302.1)
629.047|(726.6, 297.5)
629.0636|(726.9, 296.8)
629.0804|(731.5, 295.2)
629.0969|(733.2, 295.5)
629.1137|(736.0, 293.1)
629.1304|(743.0, 289.4)
629.1472|(743.5, 293.6)
629.1805|(738.6, 227.5)
629.197|(741.1, 204.2)
629.2141|(742.1, 202.6)
629.2304|(747.2, 195.8)
629.2473|(746.3, 196.4)
629.2639|(746.5, 197.1)
629.2806|(746.9, 197.5)
629.2974|(746.7, 197.9)
629.3308|(740.2, 198.0)
629.3474|(737.6, 198.9)
629.3641|(738.6, 199.5)
629.3807|(744.8, 199.0)
629.3974|(747.4, 199.2)
629.4141|(751.1, 199.6)
629.4309|(757.0, 199.9)
629.4477|(756.0, 199.1)
629.4812|(715.3, 197.5)
629.4976|(714.2, 197.4)
629.5143|(705.4, 197.2)
629.531|(701.6, 198.2)
629.5476|(698.2, 198.9)
629.5644|(690.9, 199.6)
629.5812|(687.9, 200.2)
629.5978|(683.9, 201.0)
629.6312|(686.3, 204.0)
629.6479|(687.1, 203.4)
629.6646|(688.9, 200.5)
629.6812|(688.8, 200.5)
629.6981|(689.4, 201.1)
629.7148|(689.3, 200.4)
629.7314|(687.8, 206.8)
629.7481|(693.2, 227.9)
629.7648|(692.7, 261.6)
629.7982|(694.3, 301.8)
629.8149|(695.3, 320.3)
629.8315|(696.0, 347.6)
629.8483|(695.9, 348.0)
629.8647|(693.5, 349.6)
629.8817|(694.9, 350.1)
629.8985|(696.6, 350.1)
629.9316|(689.7, 350.4)
629.9485|(689.9, 352.3)
629.9651|(690.8, 352.8)
629.9818|(687.5, 353.8)
629.9986|(686.8, 354.3)
630.015|(685.2, 356.0)
630.032|(686.1, 356.0)
630.0485|(688.1, 357.3)
630.0821|(715.7, 386.8)
630.0985|(726.2, 399.1)
630.1154|(726.3, 399.4)
630.132|(727.1, 400.6)
630.1487|(734.8, 402.2)
630.1654|(735.7, 401.3)
630.1823|(735.5, 400.9)
630.199|(733.8, 401.9)
630.2156|(741.9, 405.0)
630.2323|(741.4, 405.9)
630.2656|(756.1, 421.5)
630.2823|(760.7, 425.5)
630.3163|(771.2, 433.0)
630.3325|(778.5, 433.1)
630.3827|(782.3, 437.0)
630.3992|(781.1, 439.7)
630.4159|(782.2, 439.3)
630.4325|(784.3, 437.7)
630.4493|(783.1, 438.2)
630.4659|(777.0, 441.6)
630.4826|(778.2, 441.0)
630.4993|(777.0, 441.4)
630.5327|(778.9, 438.4)
630.566|(739.7, 422.6)
630.5828|(725.6, 416.3)
630.6163|(713.1, 411.5)
630.6329|(713.4, 410.4)
630.6663|(713.2, 411.0)
630.6996|(715.1, 412.4)
630.7165|(712.1, 427.2)
630.733|(712.2, 434.7)
630.7498|(714.1, 441.5)
630.7665|(714.3, 442.4)
630.7833|(714.4, 443.4)
630.8|(712.7, 440.0)
630.8331|(713.7, 441.0)
630.8499|(712.3, 453.2)
630.8666|(701.2, 619.9)
630.8832|(694.7, 681.2)
630.9001|(694.6, 696.0)
630.9169|(693.3, 722.6)
630.9334|(692.7, 722.2)
630.9501|(692.0, 720.9)
630.9834|(692.1, 721.5)
631.0001|(690.3, 724.5)
631.0168|(690.1, 724.5)
631.0335|(689.6, 725.3)
631.0503|(690.2, 725.8)
631.0669|(690.9, 724.1)
631.0836|(691.4, 723.2)
631.1005|(692.9, 722.1)
631.1171|(692.8, 722.3)
631.1337|(693.7, 722.2)
631.1505|(694.3, 718.5)
631.167|(695.8, 711.7)
631.1837|(695.3, 711.8)
631.2006|(695.2, 711.8)
631.2172|(695.9, 709.9)
631.234|(696.7, 709.9)
631.2505|(696.8, 709.1)
631.2839|(693.5, 709.9)
631.3007|(693.0, 712.2)
631.3174|(692.0, 714.9)
631.334|(692.5, 712.6)
631.3507|(698.8, 711.2)
631.3675|(700.2, 712.7)
631.3841|(699.7, 713.0)
631.4009|(699.8, 712.3)
631.4343|(698.2, 713.7)
631.451|(698.9, 709.9)
631.4675|(698.9, 709.9)
631.4843|(698.6, 711.0)
631.5011|(702.1, 707.2)
631.5176|(703.1, 707.2)
631.5343|(702.8, 706.5)
631.5512|(701.0, 704.9)
631.5678|(701.4, 703.8)
631.5844|(701.2, 697.9)
631.6012|(701.7, 700.5)
631.6179|(701.1, 696.7)
631.6346|(700.0, 689.9)
631.668|(717.2, 602.7)
631.6847|(722.5, 567.3)
631.7181|(725.9, 536.8)
631.7513|(722.0, 538.8)
631.768|(721.2, 538.8)
631.7847|(721.9, 537.9)
631.8016|(722.1, 535.7)
631.8182|(725.6, 531.1)
631.835|(728.7, 534.1)
631.8849|(729.0, 538.4)
631.9016|(726.6, 540.8)
631.9184|(725.2, 541.4)
631.9352|(724.1, 542.7)
631.9519|(723.4, 541.4)
631.9686|(722.4, 541.3)
632.0018|(721.5, 544.7)
632.0186|(721.4, 544.5)
632.0353|(721.6, 545.9)
632.0519|(719.2, 551.2)
632.0687|(713.5, 580.6)
632.1021|(780.2, 620.5)
632.1187|(762.9, 631.9)
632.152|(761.2, 633.1)
632.1855|(692.1, 699.1)
632.2021|(695.5, 700.2)
632.2355|(715.8, 845.2)
632.2524|(721.8, 880.5)
632.2691|(725.0, 899.9)
632.2856|(723.7, 893.7)
632.486|(610.8, 1037.0)
632.5027|(649.1, 1050.6)
632.5193|(657.6, 1039.4)
632.5527|(662.7, 1032.1)
632.5695|(663.0, 1029.5)
632.6028|(664.2, 1026.3)
632.6362|(668.2, 1027.7)
632.653|(675.4, 1030.8)
632.6863|(685.6, 1016.5)
632.7031|(690.2, 1017.7)
632.7365|(687.5, 1027.7)
633.1038|(692.3, 545.9)
633.137|(698.2, 539.6)
633.1538|(697.9, 538.0)
633.1705|(697.7, 536.1)
633.1873|(697.8, 535.3)
633.2205|(697.8, 531.3)
633.2372|(696.6, 529.8)
633.2708|(696.7, 527.0)
633.2872|(696.0, 527.0)
633.3209|(671.3, 579.9)
633.3708|(670.1, 582.8)
633.4209|(670.9, 580.7)
633.4543|(676.7, 571.4)
633.5211|(699.0, 583.4)
633.5376|(703.4, 591.6)
633.5543|(712.3, 598.5)
633.5712|(715.7, 601.7)
633.5878|(724.9, 605.7)
633.6046|(728.7, 607.6)
633.6379|(731.1, 610.7)
633.6713|(731.4, 614.4)
633.688|(731.1, 614.5)
633.7215|(729.9, 614.3)
633.738|(730.3, 612.1)
633.7715|(727.6, 611.8)
633.7879|(727.7, 611.1)
633.8215|(726.6, 605.5)
633.8383|(730.9, 593.8)
633.855|(729.8, 595.7)
633.8716|(729.4, 594.5)
633.8884|(735.3, 425.3)
633.9051|(742.2, 234.8)
633.9385|(742.7, 225.0)
633.9885|(734.9, 218.2)
634.0051|(734.4, 219.4)
634.0385|(742.7, 208.9)
634.0719|(748.7, 203.7)
634.0887|(750.9, 203.1)
634.1221|(747.3, 200.6)
634.1387|(749.1, 202.1)
634.1554|(713.8, 208.5)
634.1722|(701.7, 209.4)
634.1888|(700.5, 210.1)
634.2055|(695.9, 210.1)
634.2221|(698.5, 211.0)
634.239|(695.2, 212.3)
634.2723|(694.8, 212.4)
634.289|(690.1, 217.5)
634.3055|(690.7, 215.9)
634.3225|(693.4, 218.6)
634.339|(692.3, 220.1)
634.3557|(693.7, 220.1)
634.3724|(694.5, 220.4)
634.3893|(696.8, 220.9)
634.4225|(694.8, 218.2)
634.4393|(695.4, 218.7)
634.456|(698.8, 210.4)
634.4725|(712.2, 156.7)
634.4893|(711.1, 141.5)
634.5227|(722.2, 135.5)
634.5394|(720.2, 135.8)
634.5728|(729.7, 136.0)
634.5895|(728.5, 136.9)
634.6061|(726.1, 138.4)
634.6229|(724.2, 139.1)
634.6396|(723.2, 139.4)
634.6566|(720.4, 140.1)
634.6729|(717.5, 139.8)
634.6896|(714.1, 140.5)
634.723|(710.8, 139.5)
634.7397|(710.6, 138.4)
634.7565|(709.2, 140.5)
634.773|(715.1, 142.0)
634.7899|(725.8, 143.5)
634.8065|(734.5, 148.3)
634.8399|(733.0, 148.6)
634.8733|(730.5, 148.7)
634.8901|(729.4, 147.7)
634.9067|(729.1, 148.9)
634.9238|(727.1, 151.8)
634.9402|(728.4, 151.6)
634.9734|(729.2, 151.0)
634.9903|(730.0, 150.7)
635.0236|(732.2, 149.5)
635.0403|(732.1, 149.6)
635.0569|(735.9, 151.2)
635.0736|(743.4, 156.6)
635.0904|(741.6, 154.3)
635.1069|(752.4, 155.3)
635.1238|(757.0, 156.1)
635.1404|(774.1, 159.4)
635.1738|(784.8, 160.7)
635.1904|(785.5, 163.1)
635.2075|(784.9, 162.2)
635.2238|(785.7, 163.0)
635.2406|(777.4, 159.4)
635.2572|(722.6, 171.3)
635.2739|(685.5, 176.3)
635.2908|(681.4, 179.3)
635.3241|(661.9, 183.2)
635.3408|(671.6, 197.5)
635.3575|(662.0, 186.5)
635.3741|(662.8, 192.9)
635.3908|(658.5, 191.2)
635.4241|(654.2, 190.3)
635.4409|(648.4, 193.6)
635.4743|(650.5, 189.7)
635.491|(650.2, 190.6)
635.5076|(648.9, 187.4)
635.5245|(650.4, 185.0)
635.5576|(651.0, 184.3)
635.5745|(652.0, 179.0)
635.5911|(652.1, 180.5)
635.6247|(651.7, 181.3)
635.6412|(652.0, 179.9)
635.6578|(651.8, 180.4)
635.6746|(651.3, 181.4)
635.6912|(651.1, 182.1)
635.7079|(651.4, 181.4)
635.7247|(651.6, 182.6)
635.7413|(648.4, 182.3)
635.7748|(650.6, 181.1)
635.7915|(651.3, 181.6)
635.8082|(651.6, 183.5)
635.8249|(671.7, 183.1)
635.8416|(727.3, 170.7)
635.8751|(726.2, 171.6)
635.8917|(733.2, 170.8)
635.925|(734.9, 172.2)
635.9419|(734.9, 171.0)
635.9584|(734.6, 170.3)
635.9752|(732.3, 168.8)
636.0084|(731.4, 169.5)
636.0253|(733.0, 170.0)
636.0418|(733.5, 170.9)
636.0753|(737.7, 172.5)
636.092|(739.4, 172.6)
636.1088|(740.0, 172.4)
636.1254|(739.9, 171.9)
636.142|(742.3, 172.0)
636.1588|(798.2, 161.6)
636.1755|(805.0, 160.5)
636.1921|(809.8, 160.7)
636.2255|(814.9, 159.6)
636.2423|(815.6, 158.9)
636.259|(818.4, 157.4)
636.2756|(819.6, 156.7)
636.2922|(823.3, 156.4)
636.3089|(823.7, 156.5)
636.3258|(824.3, 156.2)
636.3424|(825.7, 156.3)
636.3758|(824.9, 156.1)
636.3925|(825.7, 155.9)
636.4091|(825.7, 155.9)
636.4261|(823.8, 155.6)
636.4592|(828.5, 154.9)
636.476|(835.5, 153.6)
636.4927|(843.2, 154.5)
636.526|(849.6, 153.9)
636.5428|(868.1, 152.7)
636.5595|(867.6, 155.3)
636.5928|(867.5, 155.1)
636.6096|(867.5, 155.9)
636.6261|(866.6, 157.8)
636.643|(866.9, 157.2)
636.6762|(869.3, 154.6)
636.6931|(869.7, 154.4)
636.7096|(870.4, 155.2)
636.7263|(870.0, 157.1)
636.743|(871.6, 159.6)
636.7597|(872.4, 160.3)
636.7764|(875.0, 159.1)
636.7932|(883.5, 157.7)
636.8267|(895.4, 155.5)
636.8431|(896.7, 157.0)
636.8599|(908.9, 159.6)
636.8765|(909.3, 158.8)
636.9102|(908.2, 156.7)
636.9268|(908.9, 157.5)
636.9434|(905.3, 154.0)
636.9767|(904.4, 154.3)
636.9935|(904.3, 152.5)
637.0103|(788.3, 149.1)
637.0436|(776.5, 149.1)
637.0605|(776.1, 149.9)
637.0768|(775.0, 151.4)
637.0936|(775.7, 152.0)
637.127|(777.1, 153.2)
637.1437|(776.3, 152.5)
637.1605|(776.7, 152.2)
637.1771|(777.1, 151.8)
637.1938|(778.2, 151.6)
637.2105|(777.6, 152.0)
637.2272|(775.2, 151.5)
637.244|(765.9, 150.5)
637.2772|(754.8, 151.0)
637.2939|(745.7, 154.1)
637.3107|(742.0, 154.3)
637.3275|(739.1, 153.3)
637.3439|(736.5, 153.2)
637.3609|(734.9, 152.3)
637.3773|(734.9, 151.8)
637.3941|(734.9, 150.4)
637.4276|(731.9, 151.5)
637.4444|(729.9, 151.8)
637.461|(725.8, 153.0)
637.4943|(709.7, 157.6)
637.5111|(707.5, 158.2)
637.5277|(705.2, 155.8)
637.5445|(706.5, 156.9)
637.5779|(709.1, 151.7)
637.5945|(709.0, 153.6)
637.6279|(712.0, 159.7)
637.6447|(714.0, 156.7)
637.678|(714.6, 157.0)
637.6948|(714.1, 154.6)
637.7281|(801.2, 152.2)
637.7447|(809.9, 152.5)
637.778|(826.1, 151.9)
637.7948|(829.1, 151.9)
637.8116|(828.4, 152.8)
637.8283|(829.5, 156.4)
637.8449|(828.7, 157.6)
637.8784|(828.9, 157.5)
637.895|(829.8, 158.3)
637.9116|(830.9, 158.5)
637.9453|(831.0, 157.0)
637.9617|(830.1, 154.9)
637.9784|(828.5, 152.7)
637.9952|(829.5, 152.5)
638.0284|(831.3, 152.1)
638.0454|(828.9, 155.3)
638.0786|(829.8, 156.1)
638.0953|(833.5, 155.3)
638.1121|(838.2, 153.9)
638.1287|(836.5, 153.9)
638.1454|(837.9, 154.0)
638.1787|(837.7, 153.6)
638.1955|(834.3, 154.6)
638.2121|(827.9, 156.2)
638.2289|(829.1, 155.6)
638.2455|(831.5, 153.7)
638.2623|(827.5, 149.8)
638.2789|(824.2, 151.1)
638.2957|(793.7, 150.8)
638.329|(765.0, 150.0)
638.3458|(730.0, 151.6)
638.3624|(727.8, 151.8)
638.3789|(726.6, 151.8)
638.3959|(726.0, 152.0)
638.4125|(722.8, 152.6)
638.4291|(721.1, 152.7)
638.4459|(719.9, 153.0)
638.4794|(709.4, 153.7)
638.496|(702.9, 153.3)
638.5295|(689.3, 151.0)
638.5461|(687.7, 151.1)
638.5627|(684.6, 149.5)
638.5795|(685.2, 150.6)
638.5961|(684.4, 150.6)
638.6297|(683.2, 149.0)
638.663|(679.5, 149.3)
638.6796|(674.1, 149.5)
638.6965|(671.0, 148.5)
638.713|(671.0, 148.3)
638.7299|(671.3, 149.0)
638.7464|(671.5, 148.7)
638.7797|(671.5, 149.4)
638.7964|(677.1, 151.6)
638.8131|(682.5, 152.1)
638.8298|(705.3, 153.0)
638.8465|(701.2, 153.8)
638.8635|(712.8, 152.2)
638.88|(717.0, 151.8)
638.8967|(722.1, 149.9)
638.93|(716.9, 152.2)
638.9466|(716.9, 152.0)
638.9634|(717.5, 152.4)
638.9804|(717.1, 151.1)
638.9968|(717.3, 150.4)
639.0302|(720.9, 150.4)
639.0469|(719.6, 148.9)
639.0804|(785.6, 150.3)
639.1136|(812.6, 146.8)
639.1303|(807.0, 148.6)
639.1638|(807.2, 150.4)
639.1804|(807.6, 150.7)
639.1973|(812.6, 151.9)
639.2305|(812.2, 152.6)
639.2472|(811.6, 149.5)
639.2639|(812.8, 149.5)
639.2805|(812.2, 147.6)
639.2972|(809.8, 146.6)
639.314|(809.0, 146.2)
639.3307|(809.4, 146.0)
639.3474|(810.4, 146.1)
639.3807|(811.2, 145.8)
639.3975|(857.0, 149.8)
639.4141|(862.2, 150.7)
639.4309|(874.1, 150.8)
639.4477|(872.5, 151.4)
639.4643|(873.5, 151.7)
639.4809|(870.8, 149.4)
639.4977|(868.8, 147.8)
639.5313|(869.9, 148.1)
639.5644|(867.1, 145.7)
639.5812|(867.5, 145.9)
639.5977|(867.4, 146.1)
639.6145|(869.2, 147.6)
639.6313|(869.3, 147.5)
639.6478|(870.6, 146.4)
639.6813|(884.6, 143.2)
639.6979|(889.6, 141.9)
639.7147|(897.2, 141.9)
639.7314|(901.9, 145.4)
639.7482|(903.4, 147.0)
639.7649|(904.6, 148.0)
639.7816|(904.8, 146.0)
639.7983|(906.2, 145.4)
639.8315|(909.2, 145.5)
639.8481|(911.0, 145.8)
639.8649|(910.2, 146.7)
639.8815|(899.6, 143.4)
639.8984|(827.1, 121.6)
639.915|(823.3, 120.5)
639.9318|(827.9, 121.9)
639.9483|(822.9, 120.3)
639.9819|(814.8, 118.6)
639.9985|(813.6, 118.7)
640.0154|(813.9, 120.0)
640.0317|(814.7, 119.6)
640.0485|(813.8, 121.1)
640.0651|(810.3, 120.6)
640.082|(789.5, 119.7)
640.0987|(748.6, 119.4)
640.1152|(720.1, 126.2)
640.1487|(690.1, 140.4)
640.1655|(685.6, 142.4)
640.1819|(682.6, 147.0)
640.1988|(682.4, 147.7)
640.2156|(681.6, 148.2)
640.2322|(680.6, 150.3)
640.249|(680.9, 151.1)
640.2823|(677.1, 151.9)
640.299|(678.7, 150.9)
640.3157|(678.5, 150.6)
640.3323|(678.8, 149.1)
640.3489|(677.1, 146.5)
640.3658|(677.7, 144.8)
640.3824|(678.8, 145.3)
640.3991|(682.9, 147.8)
640.4325|(683.4, 147.0)
640.4492|(678.6, 146.2)
640.466|(676.2, 146.1)
640.4827|(675.3, 145.3)
640.4994|(675.4, 145.3)
640.5161|(679.0, 146.1)
640.5327|(679.5, 146.4)
640.566|(687.3, 146.6)
640.5996|(701.1, 147.2)
640.6162|(707.7, 147.0)
640.6497|(742.1, 144.1)
640.6664|(748.3, 144.6)
640.683|(754.1, 145.7)
640.6996|(751.5, 148.3)
640.7329|(755.8, 147.0)
640.7498|(753.6, 148.8)
640.7663|(752.0, 146.1)
640.783|(753.8, 138.9)
640.7999|(760.4, 121.2)
640.8166|(762.9, 124.0)
640.8332|(770.5, 116.7)
640.8499|(801.0, 115.2)
640.8832|(814.4, 110.2)
640.8999|(836.3, 108.9)
640.9166|(841.3, 108.0)
640.9334|(845.8, 109.0)
640.95|(850.9, 110.0)
640.9668|(851.5, 110.1)
640.9835|(851.3, 109.3)
641.0002|(849.9, 106.9)
641.0169|(849.0, 107.4)
641.0335|(849.8, 107.0)
641.0504|(853.3, 112.0)
641.0669|(854.2, 112.5)
641.0837|(856.3, 113.6)
641.1003|(858.1, 109.5)
641.1171|(865.0, 109.4)
641.1339|(891.2, 107.8)
641.1505|(912.0, 111.0)
641.1837|(934.2, 115.3)
641.2006|(935.4, 115.8)
641.217|(937.1, 117.1)
641.2339|(937.0, 116.7)
641.2506|(937.9, 116.0)
641.2673|(935.5, 116.6)
641.284|(934.2, 116.5)
641.3341|(936.1, 114.3)
641.3506|(936.1, 113.8)
641.3675|(936.9, 113.9)
641.3842|(936.7, 114.3)
641.4008|(937.8, 114.7)
641.4175|(940.9, 113.1)
641.4342|(948.6, 109.7)
641.4509|(957.3, 109.8)
641.4676|(968.1, 109.1)
641.4843|(982.5, 109.3)
641.501|(982.7, 107.6)
641.5177|(982.3, 106.5)
641.5342|(982.4, 106.0)
641.5511|(988.7, 103.0)
641.5677|(988.7, 103.4)
641.5845|(995.7, 105.2)
641.6345|(1011.1, 112.9)
641.6513|(1017.5, 109.8)
641.6678|(1024.3, 110.9)
641.6844|(1024.2, 110.5)
641.7013|(1025.3, 110.5)
641.7181|(1027.3, 110.8)
641.7348|(1026.5, 104.7)
641.7847|(1005.2, 106.1)
641.8014|(908.5, 119.0)
641.8182|(862.5, 125.8)
641.8349|(843.7, 127.5)
641.8516|(791.0, 132.2)
641.8683|(791.0, 131.7)
641.8849|(792.9, 131.6)
641.9017|(791.3, 131.7)
641.9183|(791.4, 131.7)
641.9349|(792.1, 134.3)
641.9517|(793.6, 137.0)
641.9685|(793.4, 140.2)
641.9851|(790.8, 141.4)
642.0185|(784.2, 142.2)
642.0352|(781.5, 141.5)
642.0853|(777.0, 140.1)
642.1019|(807.7, 141.3)
642.1185|(830.3, 143.5)
642.1355|(844.8, 145.4)
642.1522|(854.8, 146.5)
642.1686|(885.7, 150.2)
642.1855|(911.3, 152.1)
642.2356|(912.7, 150.5)
642.2521|(913.2, 147.6)
642.2691|(913.2, 146.7)
642.2858|(912.8, 145.4)
642.3022|(913.6, 143.7)
642.319|(913.4, 144.5)
642.319|(913.4, 149.8)
642.3522|(913.6, 153.1)
642.3691|(913.6, 155.1)
642.3857|(913.6, 156.3)
642.4025|(913.7, 155.9)
642.4191|(913.7, 155.2)
642.4359|(913.4, 152.3)
642.4526|(899.6, 154.4)
642.4691|(809.3, 170.4)
642.4861|(796.7, 172.4)
642.5026|(788.6, 174.8)
642.5193|(784.1, 175.6)
642.5364|(784.5, 176.7)
642.5526|(780.9, 179.0)
642.5695|(783.6, 178.7)
642.5862|(780.1, 180.0)
642.6028|(779.0, 180.2)
642.6196|(777.6, 181.4)
642.6362|(777.7, 181.1)
642.6696|(776.5, 181.0)
642.6864|(776.8, 180.6)
642.703|(777.5, 179.5)
642.7197|(778.6, 180.4)
642.7363|(779.2, 180.6)
642.7532|(780.2, 181.4)
642.7699|(779.4, 181.7)
642.8032|(777.8, 182.5)
642.8198|(768.4, 182.6)
642.8366|(757.6, 182.3)
642.8531|(751.6, 183.5)
642.8699|(748.4, 184.3)
642.8867|(739.6, 185.8)
642.9034|(738.4, 187.5)
642.92|(735.7, 188.0)
642.9368|(735.9, 187.5)
642.9534|(736.8, 188.0)
642.9702|(737.6, 190.8)
642.9868|(737.5, 191.6)
643.0034|(736.7, 193.1)
643.0203|(736.2, 193.4)
643.0369|(732.7, 193.2)
643.0536|(732.9, 191.9)
643.0703|(733.2, 191.5)
643.0869|(733.8, 191.3)
643.1204|(732.5, 190.9)
643.1371|(730.4, 191.1)
643.1538|(714.0, 199.5)
643.1705|(700.8, 207.7)
643.1872|(698.6, 208.1)
643.2039|(695.9, 209.3)
643.2205|(693.8, 215.1)
643.254|(695.5, 213.2)
643.2707|(695.3, 216.3)
643.2873|(692.7, 216.2)
643.304|(691.8, 215.0)
643.3207|(691.4, 214.0)
643.3373|(689.2, 213.0)
643.3541|(689.6, 213.4)
643.3708|(691.9, 215.2)
643.3875|(692.7, 215.5)
643.4041|(693.8, 216.4)
643.4209|(697.7, 216.7)
643.4374|(709.9, 215.5)
643.4542|(712.5, 213.5)
643.471|(743.8, 204.2)
643.4877|(750.3, 203.2)
643.5042|(754.1, 202.1)
643.5211|(761.5, 199.9)
643.5377|(755.6, 195.4)
643.5716|(752.2, 194.5)
643.5877|(750.2, 193.6)
643.6046|(731.1, 179.9)
643.6213|(732.9, 179.6)
643.6378|(730.3, 175.3)
643.6545|(732.5, 173.2)
643.6711|(731.5, 173.3)
643.7215|(742.4, 174.3)
643.7548|(757.6, 174.4)
643.7715|(796.6, 173.7)
643.8051|(852.6, 169.7)
643.8383|(854.7, 173.8)
643.8716|(855.9, 174.3)
643.8882|(856.2, 174.0)
643.9052|(854.9, 179.8)
643.9218|(855.5, 181.8)
643.9385|(857.7, 180.1)
643.9551|(859.5, 180.3)
643.9717|(859.7, 179.9)
643.9884|(863.5, 175.9)
644.0218|(862.0, 169.4)
644.0386|(863.7, 172.2)
644.0553|(846.6, 146.6)
644.072|(842.5, 137.6)
644.0886|(842.2, 137.4)
644.1053|(839.9, 134.8)
644.122|(840.4, 135.1)
644.1388|(842.1, 137.0)
644.1721|(841.4, 137.9)
644.1889|(844.6, 137.5)
644.2054|(845.9, 137.0)
644.2222|(846.7, 137.3)
644.2388|(847.1, 137.8)
644.2557|(844.2, 148.1)
644.2889|(810.9, 182.4)
644.3223|(773.3, 218.1)
644.3391|(758.5, 231.7)
644.3559|(738.2, 255.2)
644.3726|(732.0, 262.5)
644.3892|(735.1, 261.5)
644.4225|(734.5, 264.7)
644.4393|(732.3, 271.8)
644.4725|(732.5, 273.2)
644.4894|(733.3, 281.3)
644.506|(736.8, 302.3)
644.5228|(735.6, 321.8)
644.5394|(733.2, 463.2)
644.5559|(730.6, 577.7)
644.5727|(729.6, 585.6)
644.5893|(726.9, 646.8)
644.623|(726.1, 647.5)
644.6393|(726.3, 649.6)
644.6563|(725.7, 649.3)
644.6729|(721.8, 648.2)
644.6896|(719.8, 671.1)
644.7062|(677.1, 855.0)
644.7399|(678.3, 924.0)
644.7731|(675.2, 951.2)
644.7898|(679.6, 982.2)
644.8067|(686.6, 1007.2)
644.8232|(702.5, 1002.2)
644.84|(691.4, 992.9)
644.8734|(695.9, 983.3)
644.89|(690.9, 977.8)
644.9234|(699.0, 949.9)
644.9401|(701.8, 938.4)
644.9567|(727.2, 888.3)
644.9735|(717.5, 903.2)
645.0068|(716.5, 904.4)
645.0236|(712.1, 916.5)
645.0402|(712.6, 920.0)
645.0737|(711.0, 922.8)
645.0904|(702.5, 938.7)
645.1071|(697.8, 940.6)
645.1238|(697.1, 940.1)
645.1404|(694.1, 938.7)
645.1572|(703.5, 926.2)
645.1736|(713.7, 915.9)
645.1905|(716.0, 915.2)
645.2236|(715.8, 915.3)
645.2406|(712.3, 916.7)
645.2573|(711.5, 917.1)
645.274|(713.3, 916.3)
645.2907|(711.1, 913.9)
645.3072|(714.3, 904.7)
645.324|(716.0, 902.7)
645.3408|(716.9, 902.1)
645.3739|(715.4, 903.8)
645.3909|(712.6, 904.9)
645.4076|(712.3, 907.8)
645.4244|(714.6, 907.2)
645.4578|(717.9, 904.1)
645.4742|(719.6, 901.7)
645.4911|(723.8, 895.8)
645.5244|(722.3, 898.7)
645.5411|(720.3, 904.0)
645.5579|(720.3, 908.3)
645.5912|(716.2, 913.4)
645.608|(715.8, 915.7)
645.6245|(720.0, 914.0)
645.6412|(719.6, 914.2)
645.6744|(716.5, 908.2)
645.6913|(717.9, 908.9)
645.708|(717.7, 905.7)
645.7248|(710.5, 893.5)
645.7414|(699.2, 881.5)
645.758|(696.9, 878.2)
645.775|(697.1, 878.2)
645.7915|(696.9, 877.7)
645.8249|(695.1, 876.6)
645.8416|(695.9, 877.0)
645.8583|(694.7, 872.2)
645.8751|(693.8, 880.0)
645.8916|(693.6, 883.4)
645.9084|(690.8, 882.3)
645.925|(690.3, 881.4)
645.9417|(689.2, 882.5)
646.1422|(711.8, 941.7)
646.1589|(720.9, 907.0)
646.1754|(718.3, 907.7)
646.1922|(714.5, 910.9)
646.2088|(709.8, 917.2)
646.2256|(706.8, 925.3)
646.2422|(705.9, 927.9)
646.593|(727.3, 888.0)
646.6263|(717.6, 909.2)
646.6429|(707.9, 930.3)
646.6763|(695.7, 951.0)
646.693|(692.0, 957.1)
646.8932|(659.3, 943.9)
646.91|(674.2, 971.8)
646.9434|(679.0, 964.6)
646.96|(682.0, 963.6)
646.9935|(685.1, 963.9)
647.0435|(696.5, 985.8)
647.077|(697.0, 989.4)
647.0937|(694.9, 991.7)
647.1271|(694.6, 990.2)
647.1436|(695.9, 964.7)
658.4794|(739.8, 472.8)
658.496|(774.5, 466.6)
658.5126|(774.5, 461.5)
658.5294|(775.2, 456.6)
658.5461|(775.6, 454.9)
658.5793|(775.4, 454.5)
658.5962|(775.0, 454.0)
658.6129|(751.3, 453.8)
658.6296|(745.1, 487.4)
658.6463|(741.3, 498.5)
658.663|(730.2, 579.5)
658.6797|(730.6, 582.3)
658.73|(735.4, 560.3)
658.7463|(737.8, 545.1)
658.763|(730.7, 551.6)
658.7799|(731.5, 551.4)
658.7964|(730.1, 556.9)
658.8131|(724.2, 562.8)
658.8298|(722.4, 565.7)
658.8466|(723.9, 565.8)
658.8799|(720.6, 574.9)
658.9135|(715.5, 591.6)
658.9301|(715.4, 600.8)
658.9466|(711.3, 607.1)
658.9634|(710.5, 612.1)
658.9802|(709.3, 616.9)
658.9967|(706.2, 626.2)
659.0302|(703.7, 627.3)
659.0469|(694.7, 630.0)
659.0635|(689.3, 634.1)
659.0802|(682.4, 639.6)
659.097|(683.6, 639.3)
659.1137|(682.2, 641.4)
659.1304|(680.5, 644.1)
659.1472|(683.1, 644.2)
660.2322|(921.2, 41.4)
661.117|(484.1, 5.1)
661.1503|(434.0, 157.4)
661.167|(493.7, 136.8)
661.1838|(436.1, 174.2)
661.2005|(528.4, 208.4)
661.2172|(601.7, 192.4)
661.2339|(640.5, 176.8)
661.2505|(666.0, 171.6)
661.4342|(739.9, 144.8)
661.4508|(730.1, 145.0)
661.4844|(734.3, 141.0)
661.5012|(741.5, 141.4)
661.5346|(737.2, 145.0)
661.5677|(778.1, 147.4)
661.5842|(793.7, 147.1)
661.6178|(821.4, 148.9)
661.6346|(818.6, 149.5)
661.6679|(820.8, 148.4)
661.718|(822.0, 148.9)
661.7515|(827.1, 152.6)
661.7684|(825.5, 152.4)
661.8181|(820.1, 155.2)
661.8349|(820.1, 154.7)
661.8682|(665.4, 217.8)
661.9018|(669.7, 216.8)
661.9182|(670.8, 217.2)
661.9351|(668.9, 222.2)
661.9517|(677.3, 221.4)
661.9852|(670.4, 223.9)
662.0186|(668.7, 224.7)
662.0352|(669.8, 224.4)
662.0685|(686.7, 199.4)
662.0853|(683.8, 198.8)
662.1187|(667.3, 180.2)
662.1522|(651.0, 175.0)
662.3356|(666.6, 181.0)
662.3525|(640.6, 175.8)
662.369|(647.6, 177.1)
662.3859|(652.6, 177.7)
662.4025|(653.0, 177.9)
662.4193|(651.9, 176.5)
662.436|(645.0, 173.9)
662.4692|(648.2, 168.7)
662.4859|(652.0, 166.3)
662.5027|(693.4, 151.3)
662.5195|(690.5, 151.6)
662.5361|(692.4, 151.0)
662.5527|(683.6, 151.6)
662.5695|(684.6, 151.0)
662.5861|(694.1, 143.6)
662.6195|(691.1, 145.0)
662.6364|(697.5, 140.4)
662.6528|(701.9, 138.6)
662.6697|(707.3, 135.1)
662.6865|(705.2, 135.7)
662.703|(704.6, 135.9)
662.7363|(705.0, 137.6)
662.77|(705.4, 135.6)
662.7864|(705.5, 135.9)
662.8031|(705.1, 136.6)
662.8198|(702.2, 135.9)
662.8367|(699.3, 136.2)
662.8533|(702.7, 136.9)
662.8699|(712.1, 136.3)
662.8866|(756.3, 130.6)
662.9367|(759.8, 128.1)
662.9868|(772.5, 122.8)
663.0203|(792.5, 112.7)
663.0703|(810.3, 109.1)
663.087|(853.7, 107.5)
663.1036|(867.2, 110.2)
663.1204|(865.8, 109.5)
663.1373|(922.1, 114.2)
663.1539|(920.3, 113.5)
663.1872|(927.7, 114.3)
663.2206|(926.8, 115.2)
663.2372|(925.0, 114.9)
663.254|(925.9, 118.2)
663.2707|(918.3, 117.2)
663.2874|(918.1, 117.0)
663.3206|(916.5, 119.0)
663.3375|(915.6, 121.7)
663.3709|(913.3, 121.5)
663.3875|(913.0, 121.9)
663.4042|(903.2, 122.6)
663.4208|(904.9, 123.3)
663.4376|(789.1, 224.7)
663.4545|(739.9, 272.3)
663.4709|(719.5, 296.8)
663.4876|(701.0, 317.2)
663.7045|(668.8, 575.5)
663.7217|(675.2, 568.6)
663.738|(675.2, 573.2)
663.7714|(675.9, 576.9)
663.7882|(675.9, 577.2)
668.9467|(826.3, 532.2)
668.9637|(821.7, 530.7)
668.9801|(803.9, 525.3)
668.9968|(787.3, 524.6)
669.0135|(784.6, 527.9)
669.0303|(765.2, 532.1)
669.0468|(755.0, 536.6)
669.0803|(742.8, 539.9)
669.0969|(738.3, 516.9)
669.1137|(747.0, 497.3)
669.1304|(748.9, 493.0)
669.147|(758.6, 472.0)
669.1638|(766.2, 464.7)
669.1805|(767.5, 463.8)
669.1972|(768.4, 464.3)
669.2306|(743.8, 508.5)
669.2472|(718.7, 555.7)
669.264|(706.3, 609.7)
669.2807|(706.2, 610.1)
669.2972|(699.3, 617.5)
669.314|(700.6, 623.6)
669.3308|(698.5, 617.5)
669.3475|(698.2, 632.4)
669.3807|(693.8, 635.0)
669.3975|(692.7, 635.2)
669.4142|(691.3, 636.7)
669.4308|(678.4, 654.8)
669.4475|(676.9, 661.7)
669.4643|(674.5, 667.2)
669.4811|(671.1, 671.3)
669.4977|(672.9, 678.8)
669.5311|(672.8, 675.8)
669.5477|(677.0, 674.1)
669.5644|(785.8, 705.3)
669.5812|(807.0, 706.8)
669.5978|(804.3, 701.5)
669.6146|(821.5, 709.1)
669.6313|(826.9, 710.3)
669.648|(835.3, 712.5)
669.6812|(835.1, 711.6)
669.7148|(835.1, 711.8)
669.7314|(835.4, 711.5)
669.7479|(839.6, 700.7)
669.7647|(838.3, 700.1)
669.7816|(839.0, 699.6)
669.7982|(840.4, 694.8)
669.8316|(843.0, 695.0)
669.8484|(839.1, 686.5)
669.8649|(823.0, 691.6)
669.8817|(796.5, 701.3)
669.8983|(742.6, 722.6)
669.9152|(738.5, 725.8)
669.9317|(742.3, 724.8)
669.9483|(670.0, 756.3)
669.9817|(663.6, 758.3)
669.9987|(662.4, 757.6)
670.0152|(659.2, 757.1)
670.032|(653.0, 753.3)
670.0488|(651.2, 754.5)
670.0652|(650.8, 755.2)
670.0818|(651.1, 754.6)
670.0986|(657.3, 756.2)
670.132|(662.4, 757.4)
670.1486|(662.7, 762.3)
670.1654|(662.1, 763.9)
670.1821|(662.2, 765.3)
670.1988|(665.3, 775.8)
670.2157|(672.8, 801.6)
670.2321|(675.7, 811.7)
670.249|(677.2, 819.8)
670.2658|(678.0, 824.0)
670.2823|(683.5, 861.5)
670.299|(679.0, 880.6)
670.3157|(677.7, 886.6)
670.3322|(673.4, 896.6)
670.3491|(675.4, 901.7)
670.3658|(676.6, 896.1)
670.3825|(679.9, 891.7)
670.3991|(686.3, 871.4)
670.5995|(725.3, 572.8)
670.6161|(725.9, 582.1)
670.6329|(725.0, 581.6)
670.6497|(725.8, 584.7)
670.6663|(723.6, 586.4)
670.683|(724.0, 585.7)
670.6996|(723.3, 584.5)
670.7164|(723.8, 584.1)
670.7331|(728.7, 579.9)
670.7498|(728.5, 579.4)
670.7665|(729.0, 579.3)
670.783|(730.3, 579.3)
670.7997|(731.8, 578.9)
670.8165|(732.4, 577.2)
670.8331|(730.6, 577.6)
670.8499|(725.9, 581.2)
670.8666|(727.7, 576.4)
670.8834|(727.8, 574.9)
670.8999|(727.3, 574.7)
670.9166|(745.8, 635.7)
670.9335|(748.3, 643.8)
670.95|(753.2, 678.2)
670.9667|(754.2, 681.0)
670.9835|(762.0, 673.0)
671.0168|(762.0, 677.8)
671.0336|(764.2, 672.7)
671.0502|(763.2, 672.2)
671.0669|(752.1, 673.6)
671.0835|(751.5, 673.0)
671.1005|(754.2, 672.9)
671.1171|(754.6, 670.4)
671.1338|(765.8, 664.2)
671.1505|(767.8, 664.3)
671.167|(769.3, 665.0)
671.1837|(769.9, 666.2)
671.2005|(773.7, 679.2)
671.2172|(775.1, 677.7)
671.2339|(776.7, 684.2)
671.2506|(776.2, 686.1)
671.2672|(776.4, 687.1)
671.2841|(776.2, 692.1)
671.3004|(776.6, 688.8)
671.334|(773.2, 705.6)
671.3507|(773.3, 706.7)
671.3675|(772.1, 714.1)
671.3841|(771.8, 714.9)
671.4009|(771.0, 718.6)
671.4177|(771.1, 719.3)
671.4343|(767.6, 714.1)
671.4676|(755.3, 716.3)
671.4843|(750.8, 718.0)
671.501|(742.4, 730.1)
671.5176|(723.3, 754.0)
671.5344|(721.7, 754.6)
671.5511|(717.2, 758.9)
671.5676|(710.5, 762.5)
671.6011|(709.0, 767.3)
674.6227|(1188.7, 591.6)
676.0085|(601.0, 249.0)
676.0251|(637.9, 249.8)
676.0418|(635.2, 251.3)
676.0587|(635.0, 250.7)
676.0752|(644.4, 241.4)
676.1254|(637.4, 248.0)
676.1421|(646.8, 239.7)
676.1589|(657.5, 240.4)
676.1922|(671.1, 240.1)
676.2089|(682.5, 226.9)
676.2255|(687.5, 222.5)
676.2423|(688.2, 222.2)
676.2757|(777.8, 480.8)
676.2923|(786.9, 516.0)
676.309|(785.8, 522.3)
676.3257|(789.7, 545.1)
676.3423|(784.6, 565.1)
676.359|(789.0, 564.3)
676.3757|(788.6, 564.8)
676.3926|(786.5, 568.0)
676.593|(771.2, 552.6)
676.6095|(779.5, 562.4)
676.6262|(792.8, 578.1)
676.6429|(787.1, 571.3)
676.6595|(873.1, 604.8)
676.6762|(904.8, 617.3)
676.6931|(992.7, 652.1)
676.793|(1104.0, 693.6)
680.249|(1413.0, 479.6)
681.1169|(816.9, 372.8)
681.1339|(778.3, 371.9)
681.1504|(759.5, 371.6)
681.167|(769.3, 395.4)
681.2005|(772.5, 460.1)
682.1353|(959.1, 541.8)
682.1521|(953.7, 522.8)
682.1855|(952.9, 517.3)
682.2021|(951.0, 515.8)
682.2358|(954.7, 526.0)
684.4391|(1540.3, 959.1)
686.5762|(790.5, 195.2)
686.5927|(803.3, 190.1)
686.6263|(797.3, 193.8)
686.6431|(788.5, 192.1)
686.743|(786.4, 195.6)
687.5446|(638.7, 611.6)
692.3356|(824.1, 380.0)
693.1036|(830.9, 428.4)
693.1204|(772.9, 438.8)
693.1371|(775.3, 434.7)
693.1537|(778.4, 430.8)
693.1705|(789.6, 446.3)
693.1871|(790.0, 464.0)
693.2205|(778.8, 461.6)
693.2372|(784.0, 481.1)
693.254|(790.1, 495.5)
693.2706|(792.4, 504.7)
693.2874|(793.0, 511.7)
693.304|(793.9, 512.6)
693.3374|(798.3, 519.4)
693.3707|(796.0, 515.1)
693.3875|(795.7, 514.8)
693.4042|(796.8, 512.4)
693.4208|(797.2, 511.3)
693.4376|(798.7, 510.0)
693.4543|(800.4, 510.7)
693.4708|(800.2, 510.1)
693.4879|(800.6, 522.5)
693.521|(793.6, 514.7)
693.5377|(793.1, 515.5)
693.5546|(785.1, 519.7)
693.5713|(782.9, 518.0)
693.5878|(779.4, 519.3)
693.6044|(770.4, 518.9)
693.6213|(775.7, 521.5)
693.6377|(775.3, 521.8)
693.6712|(770.6, 516.1)
693.6879|(770.6, 515.1)
693.7048|(775.4, 516.5)
693.7213|(776.4, 516.8)
693.7382|(775.4, 516.0)
693.7548|(778.0, 515.5)
693.7714|(778.7, 515.9)
693.788|(778.9, 514.6)
696.5427|(773.8, 444.5)
696.576|(789.7, 440.9)
696.5928|(790.8, 441.3)
696.6094|(787.5, 446.0)
696.6262|(786.5, 455.7)
696.643|(783.1, 467.2)
696.6764|(783.3, 468.5)
696.693|(785.0, 470.2)
696.7097|(785.3, 470.5)
696.7264|(783.5, 469.6)
696.7432|(781.6, 468.6)
696.7598|(782.7, 470.1)
696.7763|(783.5, 473.5)
696.7932|(782.2, 475.1)
696.8266|(781.5, 473.4)
696.8432|(779.9, 472.4)
696.8599|(776.9, 475.8)
696.8766|(776.7, 471.6)
696.8932|(777.6, 471.7)
696.91|(778.8, 472.3)
696.9434|(781.9, 473.7)
696.9935|(782.8, 474.4)
697.0267|(833.1, 512.2)
697.0435|(835.7, 515.1)
697.0602|(837.0, 516.9)
697.0769|(838.1, 516.7)
697.0939|(838.3, 516.2)
698.1119|(669.6, 894.2)
698.5128|(696.1, 148.6)
698.5293|(685.3, 151.2)
698.5461|(686.2, 152.9)
698.5627|(685.3, 155.6)
698.5797|(685.8, 156.8)
698.5961|(697.5, 151.5)
698.6129|(697.1, 149.2)
698.6296|(689.9, 147.3)
698.6464|(693.3, 146.9)
698.6628|(698.0, 143.0)
698.6796|(707.0, 139.5)
698.6962|(718.3, 137.6)
698.713|(716.8, 138.1)
698.7297|(719.7, 140.7)
698.7798|(758.2, 145.9)
698.7963|(771.8, 148.3)
698.8132|(774.9, 148.4)
698.8465|(778.7, 148.9)
698.8633|(792.4, 145.0)
698.88|(793.2, 145.0)
698.8967|(799.9, 144.4)
698.9301|(801.8, 144.2)
698.9466|(799.5, 145.0)
698.9634|(798.8, 146.7)
698.9801|(800.1, 145.9)
698.9967|(797.9, 146.9)
699.0136|(801.6, 145.7)
699.0303|(796.7, 145.7)
699.0468|(797.0, 145.7)
699.2305|(875.8, 137.8)
699.2472|(870.5, 119.2)
699.2639|(866.6, 126.1)
699.2805|(864.1, 130.9)
699.2973|(862.7, 134.7)
699.3143|(863.1, 134.6)
699.3307|(868.9, 143.6)
699.3808|(867.6, 147.9)
699.3974|(869.8, 147.6)
699.4142|(860.8, 145.7)
699.431|(862.6, 142.9)
699.4474|(849.6, 132.3)
699.4643|(848.7, 132.2)
699.4808|(839.4, 130.6)
699.5144|(829.3, 128.4)
699.5477|(787.8, 124.0)
699.5648|(797.1, 120.3)
699.5811|(796.0, 120.2)
699.5978|(777.0, 121.5)
699.6144|(764.6, 123.3)
699.6312|(719.9, 132.6)
699.648|(718.7, 133.9)
699.6812|(678.9, 141.4)
699.6982|(677.7, 139.2)
699.7147|(678.8, 140.5)
699.7313|(679.8, 139.9)
699.748|(678.7, 140.8)
699.7647|(678.8, 141.3)
699.7816|(677.4, 139.7)
699.798|(676.3, 140.0)
699.8314|(676.4, 142.8)
699.8483|(674.7, 142.7)
699.8649|(668.2, 156.7)
699.8815|(668.7, 155.0)
699.8984|(668.4, 149.4)
699.9152|(668.8, 148.4)
699.9316|(668.5, 148.7)
699.9484|(667.7, 151.2)
699.9651|(668.6, 147.8)
699.9818|(668.0, 147.7)
699.9985|(667.8, 147.8)
700.0151|(667.5, 147.8)
700.0319|(668.8, 147.4)
700.0486|(669.9, 146.6)
700.0652|(670.3, 145.7)
700.0818|(670.3, 145.7)
700.0987|(669.3, 145.3)
700.132|(668.2, 145.8)
700.1488|(675.1, 146.1)
700.1653|(694.3, 145.3)
700.1821|(728.3, 145.9)
700.1989|(716.6, 146.0)
700.2156|(721.5, 146.2)
700.2323|(738.1, 149.5)
700.2822|(740.9, 151.8)
700.299|(741.1, 153.6)
700.3157|(742.6, 155.2)
700.3323|(742.6, 155.7)
700.3491|(743.5, 154.2)
700.3657|(743.5, 155.2)
700.3824|(743.5, 155.0)
700.399|(743.6, 154.5)
700.4158|(722.8, 142.2)
700.4324|(715.3, 140.0)
700.4661|(715.0, 139.7)
700.4826|(719.2, 139.5)
700.5159|(716.4, 140.4)
700.5328|(712.6, 141.2)
700.5661|(703.7, 143.5)
700.5827|(700.2, 145.0)
700.5994|(696.4, 142.1)
700.783|(705.0, 69.1)
700.8833|(705.0, 69.1)
700.9|(723.6, 91.6)
700.9167|(725.0, 105.2)
700.9335|(724.2, 112.9)
700.9501|(718.8, 127.3)
700.9668|(715.7, 136.3)
700.9836|(716.3, 142.6)
701.0001|(716.3, 145.3)
701.0336|(720.6, 159.5)
701.0504|(794.2, 152.0)
701.0668|(833.8, 157.4)
701.0836|(835.9, 159.4)
701.1004|(839.1, 161.1)
701.1171|(840.5, 162.4)
701.1337|(840.5, 170.0)
701.1838|(838.3, 172.3)
701.2005|(845.5, 170.0)
701.2171|(846.1, 169.7)
701.2339|(844.9, 169.7)
701.2506|(845.4, 169.0)
701.2673|(848.3, 164.1)
701.284|(848.2, 163.2)
701.3007|(846.6, 162.7)
701.3174|(847.3, 166.3)
701.334|(847.9, 167.9)
701.3506|(847.6, 168.8)
701.3673|(846.4, 170.8)
701.3842|(845.3, 177.2)
701.4008|(847.8, 178.7)
701.4174|(856.1, 186.8)
701.4342|(856.9, 192.4)
701.451|(856.5, 192.4)
701.4675|(859.6, 196.7)
701.4845|(859.8, 197.0)
701.501|(854.1, 198.4)
701.5176|(852.7, 199.0)
701.5345|(852.1, 198.4)
701.5511|(852.4, 197.4)
701.5679|(852.1, 195.9)
701.5844|(793.1, 180.5)
701.6179|(771.2, 174.5)
701.6346|(774.5, 175.9)
701.6512|(759.5, 179.0)
701.668|(759.1, 182.7)
701.6846|(760.9, 191.3)
701.7015|(762.6, 189.7)
701.7181|(763.8, 181.9)
701.7515|(763.4, 183.1)
701.7681|(764.9, 174.4)
701.7846|(764.5, 167.7)
701.8014|(755.9, 175.1)
701.8182|(755.8, 175.5)
701.8351|(755.7, 175.7)
701.8516|(756.8, 171.5)
701.8682|(756.2, 171.2)
701.8849|(742.8, 171.0)
701.9017|(739.7, 171.7)
701.9185|(735.5, 171.4)
701.935|(731.4, 171.3)
701.9518|(730.6, 171.3)
701.9684|(727.4, 172.6)
701.9852|(727.0, 174.1)
702.0018|(725.5, 175.2)
702.0186|(727.7, 173.1)
702.0352|(728.3, 172.0)
702.0687|(715.0, 170.5)
702.0852|(713.6, 170.5)
702.1019|(708.5, 170.5)
702.1187|(708.4, 170.6)
702.1354|(706.7, 171.0)
702.1522|(702.0, 170.8)
702.1688|(700.3, 171.1)
702.2021|(697.3, 173.9)
702.219|(695.7, 174.9)
702.2355|(689.3, 177.9)
702.2522|(689.4, 177.2)
702.2689|(692.1, 178.1)
702.2857|(695.6, 177.9)
702.3024|(695.9, 176.2)
702.3358|(696.4, 176.1)
702.3524|(696.8, 175.5)
702.3692|(702.7, 175.3)
702.3859|(718.2, 173.0)
702.4025|(721.6, 172.8)
702.4193|(734.9, 169.2)
702.4359|(740.1, 167.1)
702.4525|(748.4, 162.2)
702.4691|(758.6, 155.5)
702.486|(758.4, 153.5)
702.5193|(758.5, 150.8)
702.5361|(759.3, 151.0)
702.5527|(779.7, 145.5)
702.5696|(798.0, 141.1)
702.5861|(802.7, 141.1)
702.603|(805.0, 140.7)
702.6194|(817.6, 153.1)
702.6362|(819.0, 151.5)
702.6696|(817.4, 151.3)
702.6862|(816.5, 156.4)
702.703|(816.1, 154.3)
702.7198|(814.9, 150.5)
702.7364|(806.5, 142.6)
702.7532|(747.1, 139.8)
702.7864|(736.4, 140.3)
702.8033|(747.4, 139.9)
702.8199|(685.5, 142.2)
702.8365|(685.6, 144.3)
702.8533|(685.7, 144.7)
702.8699|(679.8, 145.4)
702.8865|(678.1, 142.6)
702.9034|(678.3, 142.5)
702.9198|(680.5, 142.9)
702.9367|(681.5, 141.9)
702.97|(682.1, 144.5)
702.9868|(681.8, 143.8)
703.0035|(677.9, 143.4)
703.0203|(678.0, 143.6)
703.0369|(678.2, 143.7)
703.0535|(677.2, 143.7)
703.0702|(675.2, 143.0)
703.087|(674.4, 142.8)
703.1203|(676.6, 143.3)
703.137|(674.4, 145.6)
703.1538|(674.6, 145.7)
703.1705|(674.8, 146.0)
703.1873|(675.9, 146.4)
703.2039|(680.0, 144.3)
703.2372|(680.9, 144.6)
703.2706|(677.5, 136.4)
703.2874|(672.9, 132.8)
703.3041|(692.5, 143.7)
703.3209|(719.3, 157.2)
703.3374|(724.8, 154.2)
703.3708|(729.9, 158.6)
703.3876|(734.1, 160.5)
703.4208|(737.5, 162.5)
703.4377|(736.1, 160.5)
703.4543|(735.1, 159.8)
703.4711|(736.6, 159.6)
703.4875|(736.5, 159.7)
703.5042|(739.0, 158.1)
703.5211|(739.3, 157.9)
703.5377|(739.2, 158.6)
703.5712|(739.7, 158.9)
703.6046|(738.6, 161.8)
703.6212|(753.3, 174.6)
703.638|(727.5, 168.7)
703.6545|(701.6, 173.5)
703.688|(678.5, 187.3)
703.738|(664.6, 179.6)
703.7549|(662.2, 180.0)
703.7714|(664.4, 182.3)
703.788|(661.7, 170.9)
703.8215|(661.4, 172.2)
703.8384|(661.8, 174.8)
703.8714|(662.2, 176.9)
703.8882|(660.5, 176.7)
703.9052|(661.4, 176.6)
703.9216|(660.5, 177.3)
703.9385|(661.5, 177.7)
703.955|(663.6, 176.9)
703.9718|(698.2, 168.9)
703.9883|(700.4, 167.9)
704.0219|(708.2, 165.5)
704.0386|(735.6, 163.6)
704.0551|(736.5, 163.6)
704.0718|(736.6, 163.5)
704.0887|(733.4, 161.1)
704.1053|(733.8, 160.4)
704.1219|(730.4, 162.8)
704.1387|(729.5, 164.7)
704.1721|(727.9, 165.4)
704.1888|(727.9, 164.9)
704.2056|(728.1, 165.4)
704.2223|(728.0, 165.9)
704.239|(715.7, 175.9)
704.2555|(714.9, 175.1)
704.2723|(715.4, 176.7)
704.2889|(714.2, 177.0)
704.3224|(710.1, 178.1)
704.3391|(700.2, 179.7)
704.356|(701.7, 181.4)
704.3724|(704.0, 186.8)
704.4059|(726.8, 212.7)
704.4224|(739.3, 219.5)
704.4391|(759.4, 222.4)
704.4726|(763.7, 221.8)
704.4894|(758.4, 221.1)
704.5061|(770.6, 219.3)
704.5226|(772.1, 220.1)
704.5392|(772.7, 224.5)
704.5561|(773.2, 225.9)
704.5725|(774.1, 226.3)
704.6229|(774.3, 228.1)
704.6561|(767.7, 216.4)
704.673|(764.2, 215.0)
704.6896|(721.0, 203.0)
704.7064|(705.3, 204.2)
704.723|(703.0, 204.9)
704.7396|(702.8, 204.8)
704.7731|(696.4, 198.3)
704.7899|(707.8, 196.3)
704.8065|(704.7, 196.1)
704.8233|(708.9, 196.0)
704.8566|(723.7, 182.9)
704.8732|(724.3, 182.1)
704.8899|(729.2, 176.5)
705.1072|(719.2, 147.5)
705.1238|(714.7, 147.7)
705.1404|(705.4, 146.7)
705.157|(703.7, 150.4)
705.1738|(697.8, 163.8)
705.1905|(695.0, 170.4)
705.2238|(693.6, 173.1)
705.2406|(694.8, 173.6)
705.2573|(694.2, 183.0)
705.274|(692.3, 184.9)
705.2906|(691.8, 183.0)
705.3072|(692.0, 182.7)
705.324|(692.0, 183.2)
705.3407|(696.2, 180.8)
705.3743|(696.4, 180.1)
705.3907|(695.5, 181.2)
705.4075|(752.8, 181.6)
705.4409|(759.2, 181.5)
705.4575|(759.2, 184.9)
705.4742|(752.6, 188.8)
705.491|(754.0, 188.8)
705.5244|(752.9, 190.3)
705.5411|(750.4, 190.2)
705.5577|(748.9, 188.9)
705.5745|(747.6, 188.6)
705.5911|(741.6, 191.5)
705.6245|(747.0, 192.9)
705.6413|(743.9, 191.1)
705.6746|(771.0, 190.7)
705.6912|(787.4, 186.8)
705.7079|(817.2, 186.2)
705.7246|(826.8, 189.6)
705.7412|(836.3, 188.3)
705.7581|(838.1, 186.6)
705.7748|(837.8, 184.9)
705.7914|(838.2, 181.0)
705.825|(842.7, 178.5)
705.8415|(852.0, 174.3)
705.8585|(861.1, 172.8)
705.8916|(874.8, 174.0)
705.9084|(883.5, 174.9)
705.925|(885.1, 172.3)
705.9417|(883.7, 171.4)
705.9752|(883.0, 171.9)
705.9918|(880.3, 173.5)
706.0251|(876.9, 176.0)
706.0419|(876.5, 176.2)
706.0586|(876.4, 179.0)
706.0753|(868.6, 176.8)
706.0919|(863.1, 174.7)
706.1254|(830.2, 159.9)
706.142|(822.4, 157.2)
706.1588|(783.7, 142.5)
706.1754|(774.7, 139.8)
706.1921|(765.9, 137.5)
706.2087|(765.8, 138.2)
706.2255|(766.1, 139.3)
706.2422|(766.6, 139.8)
706.2756|(765.7, 140.9)
706.2925|(770.0, 143.3)
706.309|(737.1, 141.2)
706.3424|(729.9, 142.4)
706.3592|(728.8, 139.7)
706.3758|(729.2, 138.7)
706.3925|(727.3, 138.0)
706.426|(727.5, 137.4)
706.4426|(725.1, 138.4)
706.4758|(722.4, 139.8)
706.4926|(724.3, 140.8)
706.5092|(722.9, 142.0)
706.526|(717.4, 143.1)
706.5427|(717.0, 143.4)
706.576|(715.7, 145.5)
706.5928|(715.2, 149.5)
706.6094|(714.2, 149.8)
706.6262|(712.8, 149.8)
706.6429|(710.7, 150.4)
706.6596|(711.5, 150.1)
706.6762|(712.6, 150.0)
706.6931|(713.6, 150.1)
706.7264|(713.8, 150.5)
706.7429|(713.7, 150.5)
706.7597|(717.1, 155.8)
706.7765|(717.2, 156.0)
706.7932|(716.4, 155.0)
706.8099|(716.5, 154.9)
706.8265|(716.6, 155.6)
706.8433|(718.4, 154.8)
706.8766|(718.1, 154.5)
706.8932|(717.2, 154.9)
706.9266|(706.0, 153.1)
706.9434|(700.3, 151.2)
706.96|(697.3, 149.2)
706.9767|(697.1, 149.2)
706.9934|(694.8, 148.7)
707.0269|(691.0, 146.2)
707.0602|(685.1, 143.8)
707.0768|(684.9, 142.2)
707.0936|(696.9, 138.8)
707.1103|(710.6, 135.6)
707.127|(711.4, 135.1)
707.1437|(717.4, 132.5)
707.1772|(720.2, 131.5)
707.1938|(721.9, 129.6)
707.2106|(721.4, 133.4)
707.2271|(722.9, 144.3)
707.2438|(721.3, 143.0)
707.2606|(720.2, 143.5)
707.2772|(716.4, 146.6)
707.2941|(717.0, 148.0)
707.3274|(722.9, 150.0)
707.3442|(749.1, 152.8)
707.3607|(769.3, 154.9)
707.3774|(784.5, 154.5)
707.3942|(796.1, 155.0)
707.4107|(808.5, 156.3)
707.4274|(807.8, 157.2)
707.4442|(805.6, 158.7)
707.7947|(717.8, 129.6)
707.8116|(733.1, 136.6)
707.8282|(737.6, 138.9)
707.8452|(733.4, 137.5)
707.8616|(737.3, 139.4)
707.8783|(730.4, 145.3)
707.8951|(730.2, 146.6)
709.1471|(897.6, 171.4)
709.1971|(903.8, 169.7)
709.2307|(902.6, 172.3)
709.2806|(902.0, 173.4)
709.2973|(841.3, 184.3)
709.3307|(841.4, 183.8)
709.3475|(845.6, 179.3)
709.3642|(845.9, 179.0)
709.3808|(843.7, 181.7)
709.5811|(942.4, 131.9)
709.5978|(915.7, 138.1)
709.6312|(910.4, 140.0)
709.6479|(903.1, 148.8)
709.6815|(913.7, 143.6)
709.7314|(1006.3, 109.3)
709.7481|(1011.6, 107.7)
709.7647|(1009.7, 109.1)
709.7816|(1005.7, 111.7)
709.7982|(999.2, 115.7)
709.8148|(1000.8, 115.2)
709.8315|(1000.9, 115.9)
709.8483|(1005.5, 113.7)
710.0485|(717.9, 103.4)
710.0652|(735.6, 95.5)
710.0818|(724.6, 95.9)
710.0986|(729.9, 95.5)
710.1154|(710.2, 96.0)
710.1321|(691.4, 97.2)
710.1653|(688.0, 101.2)
710.1823|(691.0, 99.7)
710.1989|(687.4, 102.1)
710.2155|(682.2, 110.4)
710.2322|(677.1, 118.2)
710.249|(677.6, 117.7)
710.2657|(682.1, 118.8)
710.2989|(681.4, 119.5)
710.3156|(683.4, 119.7)
710.3322|(704.1, 117.8)
710.3658|(724.3, 115.1)
710.3824|(727.7, 114.9)
710.3992|(746.7, 112.0)
710.4159|(747.3, 111.9)
710.4326|(748.0, 110.6)
710.4492|(753.3, 109.5)
710.4825|(772.1, 112.5)
710.4994|(775.1, 113.5)
710.5161|(777.8, 112.4)
710.5327|(778.1, 111.0)
710.5494|(778.6, 110.0)
710.5662|(778.6, 108.6)
710.5829|(780.0, 111.2)
710.6328|(780.0, 110.5)
710.6495|(782.6, 110.1)
710.666|(785.7, 108.9)
710.683|(786.8, 108.3)
710.6997|(785.6, 108.5)
710.7162|(778.7, 109.4)
710.7333|(760.1, 111.7)
710.7497|(743.9, 118.3)
710.7664|(740.6, 119.7)
710.7832|(731.1, 125.0)
710.7997|(721.8, 129.9)
710.8167|(705.0, 140.8)
710.8331|(701.6, 142.9)
710.8499|(702.1, 141.2)
710.8666|(702.1, 141.1)
710.8833|(702.8, 141.9)
710.9001|(703.5, 142.4)
710.9335|(704.9, 142.4)
710.9499|(717.9, 144.0)
710.9667|(785.0, 148.4)
710.9834|(814.9, 151.9)
711.0002|(821.9, 153.8)
711.017|(841.6, 156.5)
711.0336|(871.7, 159.6)
711.0836|(875.3, 161.6)
711.1003|(878.0, 162.8)
711.1169|(878.3, 162.4)
711.1339|(880.2, 161.7)
711.1505|(880.7, 161.0)
711.1671|(879.5, 164.3)
711.2006|(879.7, 165.0)
711.2173|(878.3, 167.2)
711.2339|(875.1, 171.9)
711.2506|(874.7, 172.3)
711.2672|(874.6, 172.7)
711.2839|(873.6, 175.5)
711.3007|(874.4, 175.4)
711.3173|(875.6, 173.0)
711.3339|(876.8, 172.0)
711.3508|(876.9, 171.9)
711.3674|(877.8, 171.1)
711.3842|(877.2, 171.3)
711.4007|(877.7, 170.7)
711.4174|(881.2, 169.8)
711.4343|(879.7, 170.5)
711.4508|(878.7, 169.7)
711.4677|(877.5, 168.6)
711.4843|(873.8, 166.3)
711.5177|(828.3, 168.1)
711.5343|(829.9, 168.6)
711.5679|(810.4, 171.0)
711.5846|(804.7, 171.1)
711.6177|(776.4, 185.8)
711.6679|(774.4, 180.5)
711.6848|(773.8, 185.4)
711.7013|(777.1, 184.9)
711.7182|(775.4, 187.8)
711.7348|(775.4, 188.2)
711.7514|(776.0, 187.2)
711.7848|(775.1, 187.5)
711.9852|(761.9, 163.7)
712.0017|(721.8, 153.5)
712.0352|(699.0, 146.3)
712.0686|(686.9, 141.5)
712.1187|(688.7, 136.8)
712.152|(694.9, 128.9)
712.1687|(696.3, 126.5)
712.1856|(699.3, 123.7)
712.2021|(697.6, 130.7)
712.2357|(698.9, 125.8)
712.2689|(697.7, 126.3)
712.2854|(697.7, 119.0)
712.3023|(690.1, 118.5)
712.3192|(691.9, 118.1)
712.3356|(688.9, 119.5)
712.3691|(691.8, 112.8)
712.386|(693.9, 109.7)
712.4191|(695.1, 109.0)
712.4359|(696.7, 106.1)
712.4525|(756.7, 110.4)
712.4693|(794.5, 113.4)
712.4858|(819.1, 101.5)
712.5027|(818.4, 102.8)
712.5193|(819.7, 101.7)
712.5359|(815.5, 107.6)
712.5695|(815.1, 105.8)
712.586|(811.9, 111.2)
712.6195|(811.5, 114.4)
712.6531|(820.8, 117.9)
712.6863|(836.2, 120.3)
712.7363|(889.7, 122.0)
712.7531|(897.5, 123.3)
712.7698|(898.5, 124.7)
712.7866|(889.6, 127.0)
712.8199|(905.8, 119.8)
712.8365|(908.8, 119.5)
712.87|(905.8, 119.6)
712.8866|(904.8, 119.9)
712.9033|(903.2, 121.9)
712.92|(902.0, 121.5)
712.9367|(901.2, 120.5)
712.9534|(902.0, 120.5)
712.9701|(904.7, 123.1)
712.9868|(909.6, 118.4)
713.0202|(918.5, 117.5)
713.0367|(923.1, 116.8)
713.0536|(930.3, 116.2)
713.0703|(928.2, 115.2)
713.1038|(958.0, 110.9)
713.137|(959.4, 110.6)
713.1872|(964.7, 107.6)
713.2037|(978.4, 101.9)
713.2205|(970.5, 110.6)
713.2373|(962.3, 112.4)
713.2709|(962.9, 112.6)
713.2872|(961.9, 113.4)
713.6379|(862.8, 88.9)
713.6545|(857.1, 93.4)
713.688|(851.2, 96.6)
713.7214|(848.0, 92.8)
713.7379|(850.6, 93.3)
713.7714|(814.8, 89.1)
713.7881|(808.0, 93.4)
713.8215|(809.1, 92.9)
713.855|(812.1, 91.7)
713.8716|(809.9, 91.4)
713.9216|(806.2, 94.6)
713.9384|(805.1, 95.0)
713.9718|(810.0, 99.0)
713.9885|(810.0, 103.1)
714.0052|(806.5, 109.5)
714.0219|(806.5, 107.9)
714.0718|(803.8, 110.1)
714.0886|(800.5, 107.3)
714.1053|(887.8, 101.7)
714.1221|(913.7, 100.3)
714.1385|(928.3, 99.2)
714.1552|(927.5, 99.4)
714.1721|(926.6, 98.9)
714.1887|(921.6, 99.2)
714.2221|(924.2, 98.4)
714.2389|(924.9, 99.6)
714.2557|(925.0, 100.2)
714.2724|(926.0, 104.2)
714.289|(922.9, 107.3)
714.306|(921.8, 107.8)
714.3222|(922.9, 108.0)
714.339|(919.4, 110.2)
714.3726|(925.0, 108.3)
714.3892|(942.4, 115.1)
714.4059|(955.5, 115.7)
714.4392|(965.3, 122.7)
714.456|(967.4, 123.6)
714.4727|(980.4, 128.7)
714.4892|(982.2, 129.7)
714.5225|(983.2, 130.2)
714.5394|(983.2, 130.2)
714.556|(983.7, 130.4)
714.5729|(981.1, 127.4)
714.5895|(987.5, 122.5)
714.606|(988.1, 120.8)
714.6229|(987.4, 121.5)
714.6396|(985.4, 116.0)
714.6728|(982.9, 112.7)
714.6898|(969.7, 112.5)
714.7064|(889.1, 104.6)
714.723|(863.6, 106.1)
714.7563|(817.7, 107.8)
714.773|(810.6, 107.9)
714.8231|(807.2, 108.0)
714.8566|(810.2, 98.4)
714.89|(816.1, 91.4)
714.9067|(816.4, 91.8)
714.9234|(817.4, 91.8)
714.9401|(817.3, 92.7)
714.9734|(814.8, 99.7)
714.9902|(814.9, 105.9)
715.0237|(822.6, 104.6)
715.0402|(835.0, 106.9)
715.0569|(835.3, 105.4)
715.0737|(834.5, 107.5)
715.0904|(834.7, 106.2)
715.1238|(832.2, 111.7)
715.1404|(827.9, 114.9)
715.1572|(812.0, 124.1)
715.1736|(817.4, 120.9)
715.1906|(826.3, 116.0)
715.207|(829.9, 112.9)
715.2238|(826.0, 115.3)
715.2406|(833.5, 110.6)
715.274|(836.1, 109.0)
715.2907|(842.1, 102.2)
715.3074|(849.4, 95.7)
715.3239|(848.8, 96.2)
715.3411|(834.2, 96.6)
715.3574|(800.2, 96.0)
715.3741|(779.4, 98.9)
715.3909|(763.5, 100.7)
715.4242|(741.2, 98.9)
715.4411|(742.2, 99.9)
715.4577|(746.8, 104.7)
715.4742|(747.9, 105.3)
715.4909|(753.0, 106.6)
715.5075|(752.1, 108.5)
715.5244|(751.6, 110.1)
715.5411|(752.3, 113.2)
715.5744|(750.9, 117.9)
715.5911|(748.4, 118.2)
715.608|(768.7, 116.2)
715.6245|(885.1, 108.8)
715.6411|(894.3, 106.9)
715.6746|(894.2, 106.4)
715.6912|(894.0, 106.1)
715.7248|(906.4, 108.6)
715.7414|(913.6, 109.0)
715.758|(921.9, 109.7)
715.7916|(922.3, 106.1)
715.8082|(923.1, 104.3)
715.8248|(923.0, 104.6)
715.8415|(918.1, 103.5)
715.8749|(920.3, 102.2)
715.8917|(918.6, 103.3)
715.9084|(915.7, 102.9)
715.9249|(915.1, 103.4)
715.9417|(922.8, 106.0)
715.9584|(950.7, 112.2)
715.975|(961.0, 114.6)
715.9919|(964.3, 115.2)
716.0251|(970.2, 116.6)
716.0418|(971.2, 116.5)
716.0585|(972.0, 116.4)
716.0753|(969.7, 116.2)
716.0919|(969.1, 118.1)
716.1086|(968.7, 118.6)
716.1254|(967.7, 118.5)
716.142|(968.4, 118.6)
716.1755|(963.1, 119.2)
716.1922|(950.3, 118.8)
716.2087|(943.9, 120.0)
716.2255|(946.5, 118.1)
716.2423|(947.4, 114.5)
716.259|(945.9, 116.6)
716.2756|(948.4, 109.8)
716.2922|(948.2, 109.3)
716.3425|(930.8, 105.3)
716.3759|(915.5, 107.0)
716.3925|(916.6, 106.7)
716.4257|(867.8, 98.5)
716.4426|(860.2, 98.5)
716.476|(845.9, 97.5)
716.5092|(827.1, 105.0)
716.5261|(827.0, 105.2)
716.5428|(824.1, 103.6)
716.5594|(826.2, 104.1)
716.5762|(827.3, 103.6)
716.5929|(829.5, 105.4)
716.6262|(828.8, 105.6)
716.6429|(830.6, 106.2)
716.6595|(833.3, 110.3)
716.6763|(848.6, 106.3)
716.6931|(862.8, 107.1)
716.7097|(871.3, 113.9)
716.7263|(870.2, 113.1)
716.743|(869.3, 112.5)
716.7766|(885.8, 125.0)
716.7933|(888.7, 122.6)
716.8266|(888.5, 121.7)
716.8433|(887.8, 114.1)
716.86|(893.0, 111.9)
716.8766|(895.3, 112.1)
716.8934|(898.8, 112.0)
716.9268|(942.3, 114.6)
716.9601|(942.0, 115.5)
716.9767|(937.7, 117.3)
716.9934|(934.3, 116.4)
717.0101|(932.0, 115.2)
717.0269|(930.6, 114.8)
717.0436|(938.0, 112.1)
717.0769|(930.9, 117.0)
717.1104|(931.6, 117.9)
717.127|(952.5, 135.2)
717.1437|(959.0, 137.6)
717.1604|(966.3, 132.5)
717.1771|(979.1, 126.6)
717.194|(974.3, 128.8)
717.2271|(979.5, 119.2)
717.2439|(980.4, 118.2)
717.2604|(985.8, 119.2)
717.2772|(987.3, 118.2)
717.294|(986.9, 118.1)
717.3106|(987.1, 117.7)
717.3273|(1005.3, 116.4)
717.3441|(1004.2, 116.5)
717.3777|(1015.3, 117.4)
717.4108|(1014.2, 120.6)
717.4274|(1013.1, 121.8)
717.4609|(1013.9, 120.1)
717.4777|(1013.9, 120.9)
727.5945|(766.2, 753.2)
727.6113|(786.7, 749.5)
727.6278|(799.8, 747.0)
727.6445|(801.6, 746.6)
727.6611|(792.3, 763.7)
727.6779|(785.8, 773.4)
727.6946|(781.2, 785.2)
727.8783|(711.6, 982.5)
727.895|(711.6, 982.5)
727.9117|(719.9, 988.8)
727.9283|(719.7, 1004.0)
727.945|(719.1, 1002.9)
727.9617|(720.0, 1004.8)
727.9784|(725.3, 1003.7)
727.9951|(732.1, 1004.9)
728.0286|(754.7, 1005.5)
728.0454|(763.9, 992.5)
728.0619|(784.1, 986.6)
728.0786|(788.1, 985.3)
728.0953|(793.4, 973.9)
728.1118|(807.9, 940.1)
728.1288|(810.2, 933.9)
728.1455|(812.1, 928.5)
728.1786|(815.5, 923.1)
728.2122|(815.2, 922.9)
728.2288|(815.9, 921.2)
728.2623|(822.8, 914.8)
728.279|(824.0, 913.3)
728.3289|(822.8, 921.9)
728.3457|(823.6, 916.8)
728.3622|(822.4, 924.1)
728.3958|(823.8, 916.5)
728.4125|(821.3, 917.3)
728.4293|(817.4, 919.6)
728.4459|(811.2, 930.5)
728.4791|(810.6, 933.2)
728.496|(810.9, 936.7)
728.5127|(804.4, 941.1)
728.5292|(804.2, 941.3)
728.546|(800.3, 943.7)
728.5627|(798.0, 939.8)
728.5796|(796.0, 937.3)
728.5961|(797.5, 941.0)
728.6295|(793.4, 944.3)
728.6629|(802.4, 946.7)
728.6796|(803.2, 948.0)
728.713|(814.7, 940.1)
728.7297|(817.6, 936.4)
728.7631|(820.6, 989.9)
728.7797|(821.2, 991.2)
728.7964|(821.5, 990.5)
728.8131|(823.5, 974.8)
728.8298|(833.2, 954.0)
728.8466|(833.6, 954.9)
728.8631|(833.7, 955.2)
728.8799|(831.6, 952.1)
728.8966|(831.2, 951.2)
728.93|(833.8, 946.5)
728.9467|(833.8, 945.6)
728.9634|(834.6, 943.4)
728.9966|(838.4, 931.9)
729.0137|(837.9, 933.7)
729.047|(835.3, 938.2)
729.0803|(829.3, 1003.8)
729.0968|(818.8, 1008.3)
729.1137|(823.0, 1008.7)
729.1304|(810.7, 1011.8)
729.147|(812.3, 1014.9)
729.1636|(810.7, 1027.9)
729.1805|(802.1, 1053.5)
729.1971|(799.2, 1058.3)
729.2138|(799.3, 1060.4)
729.2303|(798.7, 1064.2)
729.2471|(788.2, 1043.8)
729.2638|(789.5, 1045.2)
729.2805|(803.9, 1034.4)
729.314|(802.5, 1028.8)
729.3475|(807.4, 1015.0)
729.3809|(813.2, 958.4)
729.3973|(813.4, 962.4)
729.4308|(820.9, 971.0)
729.4476|(820.2, 964.5)
729.4642|(825.3, 956.4)
729.4811|(824.6, 936.4)
729.5144|(826.1, 940.6)
729.5311|(826.4, 922.2)
729.5477|(823.6, 902.6)
729.5645|(823.7, 908.1)
729.5814|(823.7, 903.2)
729.5978|(819.4, 920.1)
729.6147|(817.9, 922.8)
729.6312|(818.7, 921.2)
729.648|(819.9, 929.5)
729.6646|(829.2, 937.6)
729.6813|(832.9, 915.9)
729.6978|(835.3, 881.8)
729.7145|(838.2, 861.4)
729.7313|(841.8, 838.8)
729.748|(844.1, 839.0)
729.7648|(844.2, 839.9)
729.7815|(845.0, 847.6)
729.798|(844.9, 840.3)
729.8148|(854.8, 831.8)
729.8314|(853.2, 830.3)
729.8483|(853.3, 829.7)
729.8649|(853.6, 829.5)
729.8817|(853.9, 829.2)
729.8983|(853.4, 831.2)
729.915|(850.2, 836.9)
729.9317|(856.6, 817.8)
730.299|(748.3, 809.1)
730.3156|(750.3, 809.6)
730.3323|(752.7, 805.9)
730.3491|(753.6, 806.1)
730.3824|(754.5, 804.0)
730.4158|(750.9, 813.0)
730.4324|(749.8, 815.9)
730.4658|(745.3, 834.0)
730.4826|(745.9, 831.7)
730.5161|(748.4, 823.5)
730.5495|(768.7, 828.0)
730.7499|(855.4, 894.7)
730.7664|(832.8, 849.5)
730.7831|(832.8, 859.6)
730.7999|(833.0, 866.8)
730.8166|(832.9, 867.5)
730.8331|(835.6, 853.5)
732.3858|(925.5, 877.6)
732.4023|(924.8, 918.3)
732.4193|(930.0, 901.6)
732.4359|(927.8, 908.9)
732.4526|(931.7, 904.2)
732.4861|(929.5, 901.1)
734.072|(849.1, 903.6)
734.1053|(848.5, 885.3)
734.1221|(850.8, 863.4)
734.1388|(841.8, 869.8)
734.3391|(879.7, 925.3)
734.3557|(874.2, 875.6)
734.3724|(864.7, 849.5)
734.389|(858.7, 835.3)
734.4224|(857.7, 834.4)
734.4393|(856.8, 834.4)
734.4725|(855.1, 834.9)
734.4893|(854.1, 836.2)
734.5227|(860.7, 840.3)
734.5562|(861.7, 840.9)
734.5726|(862.6, 840.8)
734.6228|(862.3, 837.2)
734.6395|(860.8, 836.7)
734.6564|(850.9, 842.4)
734.6729|(847.3, 856.6)
734.7063|(843.1, 850.9)
734.723|(798.8, 842.2)
734.7732|(768.7, 833.1)
734.8066|(766.5, 831.0)
734.8232|(767.0, 831.5)
734.8399|(765.7, 829.6)
734.8732|(764.5, 834.4)
734.89|(763.6, 838.1)
735.1075|(843.0, 185.4)
735.1235|(835.5, 190.5)
735.1406|(835.0, 191.4)
735.1582|(833.1, 191.5)
735.1736|(826.4, 196.5)
735.1904|(826.1, 196.6)
735.2239|(812.0, 198.4)
735.2407|(811.9, 197.7)
735.2739|(810.1, 193.8)
735.2906|(808.3, 193.3)
735.3239|(808.6, 191.3)
735.3406|(811.4, 184.9)
735.3741|(817.9, 180.6)
735.3909|(819.0, 178.6)
735.4242|(814.1, 178.8)
735.4576|(845.2, 129.1)
735.4742|(857.1, 115.3)
735.5244|(874.8, 97.5)
735.5411|(880.3, 100.8)
735.5579|(884.6, 102.7)
735.5743|(886.1, 99.3)
735.5911|(885.6, 99.1)
735.6077|(884.9, 99.3)
735.6412|(880.7, 97.5)
735.6912|(884.6, 97.5)
735.725|(958.0, 105.8)
735.7413|(963.6, 105.4)
735.7581|(967.8, 106.4)
735.7746|(962.9, 108.0)
735.7914|(961.6, 108.3)
735.8251|(964.9, 108.3)
735.8583|(958.9, 110.6)
735.8751|(958.7, 110.7)
735.9081|(1066.4, 213.1)
735.9251|(1156.9, 298.1)
735.9417|(1295.8, 419.4)
735.9752|(1411.6, 518.3)
736.0084|(1544.3, 631.3)
736.0252|(1567.8, 625.5)
736.0586|(1563.6, 619.1)
736.0752|(1566.8, 616.2)
736.1254|(1564.4, 629.7)
736.1421|(1558.3, 641.4)
736.1586|(1556.4, 638.6)
736.1755|(1557.5, 636.3)
736.192|(1562.6, 634.6)
736.2086|(1518.1, 630.4)
736.2255|(1471.3, 628.8)
736.2422|(1263.3, 629.3)
736.2756|(999.7, 637.8)
736.309|(887.4, 671.7)
736.3256|(888.3, 674.7)
736.3422|(880.6, 681.7)
736.359|(880.4, 681.7)
736.3758|(879.9, 682.1)
736.3925|(879.3, 682.2)
736.426|(872.8, 702.2)
736.4426|(870.9, 714.3)
736.4593|(870.9, 713.0)
736.4758|(874.5, 704.0)
736.5093|(878.2, 686.5)
736.5259|(878.3, 679.7)
736.5761|(878.8, 675.4)
736.5928|(878.9, 675.4)
736.6261|(879.9, 675.8)
736.6429|(879.3, 677.0)
736.6762|(879.0, 677.2)
736.6931|(878.8, 677.4)
736.9101|(876.2, 313.1)
736.9266|(854.8, 310.7)
736.9602|(856.1, 311.7)
736.9767|(864.9, 315.5)
737.1938|(810.1, 155.9)
737.2272|(806.8, 152.5)
737.2773|(807.3, 153.3)
737.3105|(807.6, 153.7)
737.3441|(768.0, 182.2)
737.3607|(784.0, 175.3)
737.4109|(788.8, 172.9)
737.4778|(812.0, 163.4)
737.4944|(799.6, 165.2)
737.5109|(795.2, 161.5)
737.5276|(811.2, 152.8)
737.5444|(802.8, 157.3)
737.561|(809.1, 154.8)
737.5777|(819.0, 149.9)
737.5946|(833.7, 140.7)
737.629|(815.5, 145.3)
737.6611|(810.9, 150.6)
737.6779|(803.6, 156.4)
737.7114|(776.7, 178.3)
737.7281|(777.4, 177.8)
737.7792|(780.5, 174.9)
737.7947|(773.9, 179.5)
737.8115|(789.8, 185.7)
737.8281|(792.8, 187.4)
737.8448|(797.7, 187.5)
737.8615|(796.4, 187.5)
737.8784|(790.6, 186.8)
737.895|(794.5, 186.8)
737.9283|(792.1, 186.8)
737.945|(783.3, 186.7)
737.9617|(777.7, 187.8)
737.9783|(778.6, 186.9)
737.9954|(780.6, 186.1)
738.3124|(1640.3, 618.3)
738.3457|(1641.7, 659.4)
