306.4027|(1247.3, 289.8)
308.5394|(1065.1, 360.7)
313.2809|(636.0, 538.8)
338.6062|(1633.4, 527.2)
340.8267|(1181.7, 388.1)
349.1072|(102.6, 828.8)
353.0135|(820.0, 743.2)
353.3308|(821.1, 777.5)
354.0486|(697.6, 707.7)
354.4994|(829.4, 651.3)
354.7833|(963.5, 690.7)
355.1839|(678.5, 832.5)
355.2172|(846.9, 673.8)
355.8184|(297.2, 970.5)
356.2524|(737.4, 375.4)
356.3023|(1017.2, 501.5)
356.486|(435.2, 806.8)
356.7531|(404.9, 861.6)
356.8034|(327.0, 860.3)
356.8868|(296.9, 883.5)
357.4709|(533.2, 752.3)
365.3006|(470.0, 810.7)
374.9835|(913.5, 612.8)
376.2355|(529.9, 860.1)
378.3056|(107.4, 1100.2)
378.7565|(1254.4, 705.5)
379.2071|(739.8, 580.5)
380.9267|(272.9, 680.3)
381.0604|(756.2, 695.3)
381.3777|(377.7, 1097.1)
381.5111|(1025.2, 775.7)
381.6779|(705.9, 863.3)
381.8116|(299.3, 1058.5)
381.9119|(329.2, 1031.3)
382.8466|(472.4, 989.4)
382.8966|(885.8, 812.2)
383.1637|(524.5, 1067.0)
383.2974|(524.5, 1067.0)
384.4828|(718.4, 809.4)
384.5161|(718.4, 809.4)
384.6997|(329.8, 1067.7)
384.8835|(776.4, 792.4)
384.9168|(236.5, 1123.1)
385.0503|(321.7, 1128.5)
385.1003|(291.8, 1139.7)
385.3675|(938.3, 780.0)
385.5511|(772.3, 633.2)
385.6347|(640.0, 385.9)
385.6847|(878.2, 912.6)
385.7848|(428.3, 598.3)
395.5511|(1643.5, 15.3)
395.7681|(1677.5, 330.5)
400.4093|(1080.5, 132.4)
400.543|(1081.7, 156.0)
400.5763|(1081.7, 156.0)
438.623|(890.8, 212.7)
438.6563|(911.7, 252.6)
468.94|(521.5, 364.3)
469.3742|(769.4, 891.0)
469.3908|(1177.2, 1102.6)
469.4408|(1197.9, 1079.6)
469.491|(1236.9, 1024.0)
469.5245|(1610.1, 1069.2)
469.5745|(1776.3, 1144.5)
470.4593|(720.6, 1160.1)
471.6278|(1354.2, 1198.0)
471.6613|(1485.4, 1150.1)
481.4444|(147.4, 1147.2)
481.5611|(1568.1, 415.6)
484.082|(704.4, 490.2)
484.132|(1389.7, 534.1)
486.4692|(1270.4, 561.4)
486.5362|(1250.0, 496.6)
499.2072|(652.3, 826.7)
499.2239|(712.2, 846.9)
499.2572|(703.0, 847.2)
499.274|(701.4, 848.4)
499.3241|(702.8, 839.2)
499.3575|(713.7, 818.5)
499.3909|(729.4, 801.0)
499.4075|(732.4, 796.3)
499.4241|(735.7, 786.8)
499.4409|(733.5, 758.6)
499.4742|(734.4, 760.6)
499.4911|(730.1, 750.6)
499.5244|(724.3, 749.0)
499.5411|(725.3, 750.7)
499.5577|(724.5, 747.0)
499.5913|(716.7, 733.4)
499.6412|(717.1, 734.1)
499.658|(723.1, 744.0)
499.6747|(719.1, 740.2)
499.6914|(718.1, 732.2)
499.708|(718.6, 732.1)
499.7247|(717.7, 732.8)
499.775|(720.0, 729.7)
499.8083|(727.1, 727.9)
501.6277|(1644.3, 512.7)
508.8399|(505.8, 680.8)
516.6364|(1061.4, 387.1)
521.6111|(1035.8, 137.7)
526.2189|(641.8, 635.8)
526.4526|(502.4, 366.1)
536.7532|(784.7, 495.7)
537.0703|(513.0, 605.8)
553.214|(932.3, 324.6)
553.2474|(932.4, 320.6)
553.2643|(927.5, 317.2)
553.2809|(929.2, 317.5)
553.2977|(926.6, 318.7)
553.4814|(1027.9, 306.4)
553.498|(1027.9, 306.4)
553.5145|(1023.7, 303.8)
553.5312|(1018.4, 306.1)
553.5483|(1019.0, 306.5)
553.5646|(1020.8, 308.4)
553.5815|(1021.0, 307.5)
553.6317|(1029.3, 305.5)
553.6479|(1029.0, 304.9)
553.6649|(1029.8, 304.9)
553.6815|(1030.8, 305.5)
553.6983|(1029.5, 304.7)
553.7153|(1027.9, 304.3)
553.7483|(1023.6, 306.1)
553.9487|(914.5, 332.3)
553.9653|(909.8, 319.6)
553.9819|(910.6, 323.7)
553.999|(910.2, 326.0)
554.0152|(909.2, 328.0)
554.0323|(908.3, 328.8)
554.0656|(906.7, 328.8)
554.0823|(907.0, 328.4)
554.0988|(906.0, 327.6)
554.1154|(905.0, 325.5)
554.1323|(901.8, 318.2)
554.1658|(793.1, 320.3)
554.3825|(810.9, 317.6)
554.3995|(796.1, 308.7)
554.4326|(806.3, 311.7)
554.4495|(817.0, 311.9)
554.4828|(870.6, 313.5)
554.8503|(854.7, 905.5)
554.8834|(860.0, 896.6)
554.9009|(861.6, 895.4)
554.9339|(852.1, 897.4)
555.0674|(1165.0, 242.1)
557.9885|(905.0, 502.9)
558.0056|(931.7, 487.3)
558.0223|(947.3, 487.5)
558.0389|(967.0, 489.1)
558.0557|(972.3, 490.8)
558.0724|(967.5, 490.7)
558.0891|(965.0, 496.8)
558.1223|(965.6, 504.7)
558.1392|(973.9, 522.0)
558.1556|(972.6, 531.5)
558.1724|(984.8, 562.6)
558.2059|(986.7, 568.1)
558.2225|(985.7, 566.9)
558.2392|(986.6, 566.4)
558.2728|(986.7, 564.0)
558.2892|(985.1, 565.8)
558.306|(984.9, 566.6)
558.3226|(982.4, 572.4)
558.3395|(967.8, 583.2)
558.356|(875.4, 658.4)
558.3893|(862.9, 663.5)
558.4228|(856.0, 671.5)
558.4396|(855.4, 678.6)
558.4562|(855.6, 679.6)
558.4729|(855.8, 679.8)
558.4897|(860.3, 669.8)
558.5061|(851.5, 683.0)
558.5229|(850.0, 687.1)
558.5398|(850.5, 691.1)
558.5731|(848.8, 694.5)
558.5897|(850.2, 701.8)
558.6066|(848.2, 711.8)
558.6232|(839.2, 723.0)
558.6567|(839.8, 740.9)
558.6733|(839.8, 738.5)
558.7234|(837.0, 743.0)
558.7734|(831.3, 741.7)
558.79|(831.9, 747.2)
558.8069|(831.3, 746.6)
558.8234|(832.1, 744.7)
558.84|(830.5, 745.7)
558.8735|(831.4, 743.3)
558.8901|(830.4, 741.5)
558.907|(824.9, 738.7)
558.9238|(821.1, 735.5)
558.9404|(822.0, 734.7)
558.957|(820.5, 736.4)
558.9738|(816.2, 738.1)
558.9906|(817.3, 738.2)
559.0239|(807.0, 739.3)
559.0405|(807.9, 742.9)
559.0739|(898.0, 670.8)
559.0905|(962.5, 664.5)
559.1073|(1091.2, 679.4)
559.1241|(1119.7, 687.0)
559.1741|(1165.2, 683.5)
559.2078|(1159.0, 675.9)
559.2411|(1160.8, 673.7)
559.2573|(1170.7, 685.4)
559.274|(1165.2, 689.1)
559.2908|(1161.2, 695.7)
561.5445|(1075.9, 437.0)
562.0452|(1411.6, 476.1)
