759.0045|(585.8, 647.8)
759.1548|(1471.7, 423.5)
759.1882|(1467.1, 416.1)
759.2051|(1461.8, 406.3)
759.2216|(1480.0, 398.6)
759.2383|(1476.3, 398.0)
759.255|(1478.4, 400.0)
759.2717|(1502.9, 418.0)
759.2883|(1541.0, 455.0)
759.305|(1601.1, 519.7)
759.3217|(1654.7, 549.9)
759.3384|(1661.1, 557.2)
759.355|(1662.4, 565.7)
759.3717|(1672.7, 572.5)
759.3885|(1684.1, 570.2)
759.4886|(1656.9, 557.7)
759.5221|(448.1, 479.2)
759.5388|(525.2, 605.8)
759.5555|(581.9, 702.7)
759.5886|(570.4, 704.5)
759.6055|(571.5, 705.6)
759.6223|(572.4, 732.4)
759.6389|(572.0, 738.3)
759.6557|(571.3, 739.2)
759.6724|(549.3, 772.4)
759.6891|(547.9, 783.5)
759.7056|(544.0, 805.2)
759.7223|(536.9, 827.1)
759.7391|(534.7, 846.5)
759.7556|(532.6, 860.6)
759.7723|(531.0, 861.7)
759.7892|(497.9, 850.8)
759.8057|(487.2, 844.7)
759.8224|(487.6, 843.8)
759.8394|(485.7, 842.3)
759.856|(486.0, 841.8)
759.8727|(476.9, 836.7)
759.8893|(475.2, 832.2)
759.906|(474.6, 832.5)
759.9228|(471.0, 837.4)
759.9393|(440.6, 877.6)
759.9561|(439.6, 880.7)
759.973|(432.4, 889.3)
759.9896|(433.0, 894.0)
760.0064|(439.1, 902.9)
760.0229|(439.5, 900.9)
760.0396|(588.9, 951.4)
760.0563|(685.3, 1012.2)
760.0728|(658.2, 1049.5)
760.0897|(654.0, 1055.6)
760.1063|(655.2, 1062.3)
760.123|(651.5, 1088.3)
760.1398|(643.8, 1125.3)
760.1564|(641.8, 1129.2)
760.1731|(642.4, 1137.7)
760.9744|(200.8, 1131.1)
760.9912|(340.3, 1152.7)
761.0078|(350.0, 1137.6)
761.0245|(356.7, 1121.7)
761.0414|(364.4, 1115.5)
761.0579|(390.3, 1094.0)
761.0914|(444.6, 1017.3)
761.108|(451.1, 1026.3)
761.1246|(472.1, 981.1)
761.1414|(487.9, 950.6)
761.1581|(575.6, 784.0)
761.1747|(593.8, 748.1)
761.1915|(557.0, 731.4)
761.2083|(521.0, 730.9)
761.2415|(521.9, 728.3)
761.2583|(499.0, 737.6)
761.275|(486.1, 746.8)
761.2917|(487.6, 744.6)
761.3083|(477.4, 748.8)
761.3252|(475.0, 750.0)
761.3417|(464.1, 758.3)
761.3585|(463.0, 759.2)
761.3919|(454.9, 763.3)
761.4085|(450.3, 764.3)
761.4252|(439.1, 760.4)
761.4418|(406.9, 771.8)
761.4586|(395.4, 780.3)
761.4753|(397.7, 778.4)
761.4919|(383.9, 790.8)
761.5088|(376.9, 797.2)
767.6523|(1105.1, 820.3)
768.4536|(194.0, 542.1)
768.5036|(844.7, 419.8)
768.9376|(1068.7, 772.7)
768.9711|(1614.0, 1005.5)
772.9612|(1087.4, 705.1)
773.0112|(1087.4, 705.1)
773.028|(1087.4, 705.1)
779.4218|(137.5, 198.7)
807.9694|(1812.8, 1045.1)
818.7039|(405.1, 762.9)
818.7206|(511.3, 765.9)
818.7541|(547.6, 766.8)
818.7709|(567.0, 765.8)
818.8042|(544.4, 720.6)
818.8211|(528.7, 702.4)
818.8374|(530.3, 692.5)
818.8542|(520.1, 675.4)
818.8876|(499.0, 626.9)
818.9043|(499.9, 626.3)
818.9377|(501.4, 625.6)
818.9545|(501.0, 624.9)
818.9879|(503.5, 628.5)
819.0212|(504.7, 617.4)
819.0379|(503.9, 619.6)
819.0713|(506.3, 599.7)
819.0881|(515.7, 603.7)
819.1047|(426.0, 600.2)
819.1548|(405.6, 598.7)
819.1713|(419.4, 586.7)
819.2048|(432.1, 581.0)
819.2217|(453.3, 571.6)
819.2549|(432.9, 576.1)
819.2883|(439.9, 570.0)
819.3051|(443.5, 567.3)
819.3384|(445.0, 569.5)
819.3552|(450.4, 570.4)
819.3885|(450.2, 570.1)
819.4051|(451.6, 570.5)
819.4388|(464.8, 591.1)
819.472|(469.4, 608.4)
819.4886|(469.5, 606.3)
819.522|(494.6, 655.6)
819.5388|(493.2, 657.9)
819.5554|(495.9, 658.4)
819.6053|(498.1, 657.4)
819.6222|(499.8, 656.2)
819.6556|(495.0, 659.1)
819.6723|(479.3, 668.8)
819.7059|(465.4, 671.9)
819.7391|(454.8, 674.9)
819.7558|(447.9, 676.5)
819.7725|(443.5, 673.2)
819.7891|(439.6, 671.6)
819.8058|(439.0, 669.2)
819.856|(438.3, 666.7)
819.8893|(432.2, 665.8)
819.9396|(416.0, 671.6)
819.9561|(415.0, 673.7)
819.9895|(507.3, 651.1)
820.0729|(549.6, 628.5)
820.0898|(524.1, 600.8)
820.123|(520.1, 619.2)
820.1566|(522.6, 663.6)
820.2065|(523.9, 757.2)
820.2231|(521.7, 760.9)
820.2566|(508.1, 786.5)
820.2901|(500.5, 781.7)
820.3068|(502.8, 782.3)
820.3401|(565.8, 740.4)
820.3567|(554.2, 743.3)
820.4069|(582.5, 740.5)
820.4237|(693.2, 721.2)
820.4401|(720.9, 700.1)
820.4568|(765.1, 668.6)
820.4902|(768.4, 663.8)
820.507|(777.6, 660.8)
820.5404|(780.9, 657.5)
820.5573|(782.4, 652.9)
820.5739|(782.6, 645.8)
820.5904|(794.3, 632.3)
820.6072|(793.0, 633.1)
820.6405|(799.2, 631.6)
820.6572|(835.3, 636.0)
820.674|(890.4, 638.4)
820.6907|(929.4, 640.9)
820.7075|(956.8, 643.6)
820.7408|(1011.3, 655.9)
820.7574|(1011.7, 657.4)
820.9745|(1101.3, 549.6)
820.991|(1105.0, 591.7)
821.008|(1103.0, 619.0)
821.0245|(1092.7, 651.5)
821.0411|(1091.2, 658.6)
821.0579|(1092.7, 662.2)
821.0914|(1098.4, 670.7)
821.1078|(1100.3, 672.5)
821.1249|(1102.8, 673.3)
821.1415|(1108.4, 677.2)
821.1584|(1114.1, 685.6)
821.1747|(1115.7, 685.6)
821.1915|(1115.4, 683.2)
821.2081|(1117.3, 680.2)
836.5839|(697.1, 578.1)
836.6005|(680.9, 653.0)
836.6171|(685.1, 649.4)
836.6339|(688.0, 646.9)
836.6506|(678.5, 673.9)
836.6674|(670.4, 682.5)
836.8511|(756.1, 732.0)
836.8676|(767.3, 710.7)
836.8843|(763.2, 707.7)
836.9009|(759.3, 706.5)
836.9177|(758.9, 706.4)
836.951|(766.5, 701.3)
837.0012|(766.0, 697.5)
837.0179|(765.7, 696.7)
837.0347|(758.1, 690.2)
837.0513|(754.3, 692.9)
837.0678|(779.5, 692.0)
837.0846|(793.5, 689.4)
837.1014|(814.8, 687.8)
837.1181|(875.7, 710.0)
841.709|(785.8, 574.5)
871.7258|(637.9, 451.8)
872.0429|(653.7, 461.4)
872.4101|(375.9, 280.4)
878.0195|(1345.7, 611.4)
878.0361|(1345.7, 611.4)
878.0863|(1669.9, 546.4)
878.1365|(1711.8, 795.5)
878.1863|(1231.7, 784.2)
879.5054|(1056.0, 1164.1)
883.2782|(560.4, 304.9)
883.562|(729.0, 137.6)
883.6957|(729.0, 137.6)
911.7422|(1406.6, 421.7)
927.0846|(1170.3, 658.4)
930.8075|(71.4, 1042.7)
931.2249|(373.2, 270.6)
931.4417|(676.9, 1086.4)
931.759|(312.0, 1074.1)
931.8427|(486.9, 753.4)
937.6522|(1380.6, 656.0)
937.7857|(1032.4, 761.2)
938.2866|(1275.5, 549.7)
938.3367|(1152.0, 620.3)
939.0045|(1506.2, 223.7)
940.0394|(1190.1, 628.8)
958.3868|(1400.9, 811.2)
958.537|(1244.9, 486.5)
958.7375|(1440.0, 532.4)
958.754|(1207.4, 524.5)
958.8877|(1291.4, 663.5)
959.7057|(17.2, 1091.4)
959.7725|(749.0, 856.6)
959.9228|(1104.5, 698.8)
960.34|(373.7, 219.3)
960.6406|(1223.7, 463.2)
962.1263|(1072.5, 611.2)
962.6104|(1231.1, 391.8)
1049.255|(328.0, 1083.5)
1061.709|(995.7, 597.4)
1061.726|(997.6, 596.3)
1061.742|(1002.4, 594.3)
1061.759|(1002.6, 594.9)
1061.776|(1006.1, 595.7)
1061.793|(1008.9, 593.7)
1061.809|(1000.7, 633.7)
1061.843|(1004.5, 652.6)
1061.859|(1000.7, 651.0)
1061.876|(1002.0, 645.5)
1061.893|(1001.7, 640.9)
1061.91|(1003.8, 635.7)
1061.926|(1005.3, 634.8)
1061.943|(1017.9, 642.8)
1061.959|(1026.8, 646.6)
1061.993|(1044.3, 652.5)
1062.009|(1053.9, 649.7)
1062.026|(1056.1, 646.4)
1062.043|(1057.1, 646.7)
1062.06|(1057.0, 645.7)
1062.076|(1053.9, 645.7)
1062.093|(1053.5, 645.4)
1062.11|(1054.9, 645.8)
1062.127|(1054.9, 642.9)
1062.143|(1053.0, 641.2)
1062.16|(1049.0, 643.5)
1062.176|(1050.4, 645.6)
1062.21|(1054.0, 646.3)
1062.227|(1063.9, 647.6)
1062.26|(1075.0, 650.8)
1062.294|(1143.0, 672.6)
1062.31|(1142.3, 674.7)
1062.327|(1145.9, 679.2)
1062.361|(1142.3, 692.9)
1062.377|(1145.5, 685.0)
1062.394|(1143.9, 693.5)
1063.061|(1261.4, 733.9)
1063.078|(1256.3, 734.5)
1063.095|(1256.3, 734.5)
1063.128|(1255.0, 733.5)
1063.161|(1250.8, 731.2)
1105.849|(881.0, 741.8)
1106.884|(1275.3, 1070.4)
1109.539|(1110.1, 759.0)
1109.589|(1112.5, 650.0)
1139.239|(732.3, 893.9)
1163.646|(739.4, 299.6)
1168.086|(457.4, 484.5)
1172.093|(130.6, 1150.0)
1173.679|(679.7, 699.1)
1174.931|(934.1, 662.3)
1180.207|(943.0, 859.8)
1181.325|(644.4, 539.5)
1185.182|(1869.3, 213.2)
1188.521|(618.3, 634.2)
1193.779|(810.3, 446.5)
1193.863|(810.3, 446.5)
1194.448|(1054.0, 213.8)
1195.449|(1168.8, 943.4)
1195.565|(1025.7, 773.1)
1196.884|(944.8, 633.6)
1197.368|(1411.8, 958.0)
1200.09|(1122.5, 949.2)
1203.813|(1067.2, 661.8)
1206.817|(411.9, 498.5)
1206.934|(411.9, 498.5)
1207.368|(1249.9, 589.9)
1207.402|(1034.4, 435.1)
1207.519|(1034.4, 435.1)
1208.036|(1344.1, 715.7)
1208.087|(1312.0, 703.8)
1208.537|(1455.6, 725.1)
1208.804|(1501.4, 772.8)
1209.072|(1128.5, 957.9)
1209.172|(1224.7, 962.2)
1209.205|(1160.2, 928.8)
1209.656|(1417.6, 872.8)
1210.524|(1301.4, 682.2)
