178.0048|(929.7, 767.5)
178.0417|(928.9, 765.5)
178.0837|(928.7, 766.4)
178.1006|(924.4, 766.8)
178.1169|(924.1, 769.6)
178.1339|(924.1, 769.3)
178.1503|(925.2, 772.8)
178.1672|(923.7, 772.6)
178.1839|(924.4, 773.2)
178.2005|(922.0, 774.8)
178.2172|(920.5, 774.4)
178.234|(919.3, 773.5)
178.2504|(908.4, 781.7)
178.2676|(888.2, 801.3)
178.2842|(817.5, 876.2)
178.3008|(815.5, 878.4)
178.3175|(816.5, 878.8)
178.3509|(781.0, 929.9)
178.3677|(782.0, 928.5)
178.4009|(789.7, 930.9)
178.4176|(792.4, 931.2)
178.451|(789.2, 930.8)
178.4678|(788.2, 930.9)
178.5011|(760.6, 1098.5)
178.5178|(757.5, 1134.5)
178.5346|(757.8, 1141.1)
178.5512|(757.4, 1194.7)
178.6678|(744.3, 1199.8)
178.6847|(734.9, 1190.3)
178.7013|(732.1, 1195.0)
178.718|(732.9, 1193.6)
178.7349|(732.9, 1193.7)
178.7515|(732.3, 1190.2)
178.7684|(731.2, 1184.8)
178.8015|(730.2, 1153.8)
178.8181|(729.0, 1135.5)
178.8349|(728.6, 1133.1)
178.8517|(729.8, 1134.9)
178.8683|(729.4, 1130.1)
178.8851|(770.0, 1147.5)
178.9017|(806.3, 1148.7)
178.9183|(816.9, 1157.9)
178.9516|(823.8, 1162.9)
178.9684|(826.9, 1171.7)
178.9851|(831.1, 1179.0)
179.0018|(831.7, 1181.7)
179.0184|(830.6, 1187.6)
179.0353|(828.8, 1189.2)
179.0518|(828.3, 1188.8)
179.0683|(828.4, 1190.2)
179.0852|(827.3, 1187.7)
179.1017|(826.9, 1188.4)
179.1187|(827.0, 1188.5)
179.1355|(828.0, 1188.3)
179.152|(761.9, 986.1)
179.1689|(754.1, 961.1)
179.1853|(752.7, 957.1)
179.2188|(750.1, 946.0)
179.2524|(749.0, 935.0)
179.2688|(749.9, 930.5)
179.2856|(752.4, 934.8)
179.3022|(752.0, 937.1)
179.3192|(750.6, 951.7)
179.3358|(747.8, 982.3)
179.3524|(733.9, 1079.7)
179.3857|(727.3, 1127.8)
179.4027|(727.5, 1135.8)
179.4191|(735.3, 1174.6)
179.4358|(732.5, 1166.5)
179.4526|(730.4, 1155.4)
179.4693|(725.2, 1128.2)
179.4859|(720.1, 1060.1)
179.5026|(707.1, 911.5)
179.5192|(699.0, 829.0)
179.5359|(695.1, 789.3)
179.5527|(688.6, 709.9)
179.5695|(685.2, 713.8)
179.5861|(685.3, 714.3)
179.6032|(686.0, 715.4)
179.6196|(689.1, 716.9)
179.6361|(689.0, 717.9)
179.653|(692.6, 729.8)
179.6695|(692.3, 727.9)
179.6862|(690.3, 727.4)
179.703|(687.4, 725.3)
179.7198|(685.1, 720.7)
179.7364|(683.4, 716.2)
179.753|(682.2, 711.0)
179.7699|(681.4, 707.2)
179.7863|(677.6, 698.9)
179.8031|(676.0, 696.2)
179.8367|(674.7, 696.4)
179.8532|(674.2, 698.3)
179.8699|(674.1, 699.4)
179.8864|(673.6, 706.9)
179.9034|(673.9, 706.0)
179.92|(674.0, 705.8)
179.9366|(673.3, 706.8)
179.9701|(672.7, 708.5)
179.9868|(672.5, 713.6)
180.0035|(672.1, 715.8)
180.0202|(670.8, 715.4)
180.0367|(670.4, 716.4)
180.0535|(669.3, 718.3)
180.0702|(668.3, 717.9)
180.087|(668.1, 718.2)
180.1035|(667.5, 719.8)
180.1204|(667.9, 718.7)
180.137|(666.7, 715.6)
180.1536|(665.6, 713.2)
180.1705|(666.7, 708.6)
180.187|(667.4, 706.7)
180.2038|(669.7, 709.0)
180.2204|(668.9, 707.8)
180.2372|(673.5, 712.8)
180.2539|(678.1, 774.5)
180.2872|(698.6, 1051.0)
180.3039|(707.4, 1114.4)
180.3206|(706.8, 1142.4)
180.3374|(705.5, 1157.4)
180.354|(707.2, 1160.4)
180.3708|(697.8, 1162.5)
180.3876|(697.2, 1161.3)
180.4375|(699.2, 1153.3)
180.4709|(703.1, 1125.9)
180.4877|(704.0, 1118.3)
180.521|(707.6, 1119.9)
180.5376|(707.9, 1122.0)
180.5544|(706.9, 1156.6)
180.6044|(707.2, 1157.8)
180.6213|(711.7, 1137.2)
180.6379|(712.5, 1124.4)
180.6546|(718.7, 1109.8)
180.6712|(722.2, 1092.6)
180.6879|(722.3, 1090.2)
180.7048|(721.6, 1091.4)
180.7381|(719.4, 1087.5)
180.7547|(719.2, 1086.9)
180.7714|(721.1, 1085.8)
180.788|(720.1, 1085.4)
180.8047|(720.0, 1084.7)
180.8215|(716.6, 1086.6)
180.838|(716.2, 1086.7)
180.8547|(712.1, 1084.3)
180.8883|(711.4, 1083.0)
180.905|(710.5, 1082.8)
180.9217|(711.6, 1082.3)
180.9383|(714.1, 1078.4)
180.955|(713.5, 1077.3)
180.9717|(720.5, 1071.9)
181.005|(720.6, 1052.4)
181.0387|(717.3, 1030.8)
181.0551|(715.3, 1020.7)
181.0719|(711.8, 999.1)
181.0887|(704.2, 961.5)
181.1052|(710.0, 967.1)
181.122|(711.1, 966.8)
181.1386|(711.1, 967.1)
181.1554|(706.8, 962.8)
181.1887|(704.5, 964.3)
181.2054|(705.8, 967.2)
181.2221|(706.2, 968.9)
181.2389|(709.4, 973.9)
181.2555|(708.7, 974.5)
181.2722|(708.5, 975.2)
181.2889|(708.2, 975.1)
181.3391|(704.9, 971.7)
181.3557|(703.0, 967.8)
181.3724|(704.8, 964.5)
181.3893|(703.8, 965.8)
181.4057|(718.6, 944.1)
181.4226|(720.9, 956.4)
181.4559|(724.5, 977.9)
181.4892|(729.9, 1004.9)
181.5059|(733.1, 1031.9)
181.5227|(733.5, 1031.7)
181.5394|(735.9, 1032.1)
181.556|(738.9, 1034.3)
181.5727|(738.5, 1033.9)
181.5893|(738.3, 1036.7)
181.6062|(738.7, 1039.4)
181.6394|(736.2, 1035.9)
181.6562|(735.0, 1033.1)
181.673|(735.4, 1017.4)
181.6895|(736.7, 1016.2)
181.7064|(737.7, 1013.9)
181.7231|(736.6, 1009.5)
181.7396|(734.7, 1009.0)
181.7563|(731.8, 1011.0)
181.7897|(729.6, 1013.3)
181.8063|(721.6, 1033.1)
181.8232|(717.7, 1050.8)
181.8401|(714.7, 1071.1)
181.8566|(711.0, 1089.4)
181.8732|(707.6, 1122.1)
181.89|(708.5, 1124.7)
181.9066|(708.6, 1125.4)
181.9401|(712.1, 1132.4)
181.9566|(709.0, 1127.6)
181.9736|(709.8, 1126.6)
181.9901|(709.0, 1122.6)
182.0068|(712.3, 1123.5)
182.0401|(713.3, 1119.6)
182.057|(711.7, 1111.2)
182.0902|(720.3, 1103.3)
182.1069|(714.9, 1105.8)
182.1236|(801.8, 1122.5)
182.1405|(809.9, 1124.0)
182.157|(816.4, 1124.3)
182.1737|(826.5, 1125.4)
182.1903|(827.7, 1124.1)
182.2071|(825.5, 1115.7)
182.2405|(826.3, 1115.0)
182.2574|(826.2, 1111.2)
182.274|(823.8, 1109.0)
182.2905|(824.4, 1107.5)
182.3073|(835.0, 1111.0)
182.324|(866.5, 1118.1)
182.3407|(870.1, 1118.7)
182.3575|(874.5, 1119.6)
182.3908|(892.0, 1123.3)
182.4075|(892.9, 1123.8)
182.4242|(893.2, 1126.0)
182.4408|(891.5, 1128.1)
182.4577|(890.1, 1133.6)
182.491|(887.5, 1146.5)
182.5076|(886.9, 1147.4)
182.541|(884.6, 1152.9)
182.5578|(883.3, 1151.8)
182.5744|(883.0, 1151.5)
182.5911|(883.7, 1151.9)
182.6077|(886.2, 1154.1)
182.6244|(887.4, 1160.3)
182.6413|(887.4, 1162.1)
182.6578|(888.3, 1171.2)
182.6913|(885.9, 1171.0)
182.708|(882.9, 1169.3)
182.7246|(881.9, 1176.2)
182.7413|(883.5, 1176.4)
182.7581|(864.3, 1168.3)
182.7747|(858.5, 1169.6)
182.7914|(857.2, 1168.6)
182.8081|(860.5, 1169.9)
182.8415|(849.6, 1161.3)
182.8583|(847.7, 1160.2)
182.8748|(845.7, 1158.2)
182.8916|(846.9, 1154.0)
182.9082|(846.4, 1149.3)
182.9249|(848.3, 1140.3)
182.9417|(849.2, 1138.2)
182.9584|(851.0, 1136.4)
182.9917|(851.0, 1135.6)
183.0086|(852.4, 1131.4)
183.0251|(849.4, 1125.4)
183.042|(850.3, 1128.3)
183.0753|(851.3, 1139.2)
183.0919|(852.0, 1137.4)
183.1086|(852.0, 1141.0)
183.142|(853.1, 1142.8)
183.1588|(853.4, 1142.7)
183.1755|(852.7, 1142.9)
183.1919|(851.4, 1144.2)
183.2086|(849.5, 1149.9)
183.2255|(849.3, 1156.9)
183.2421|(849.4, 1157.6)
183.2588|(852.2, 1155.3)
183.2922|(850.9, 1158.6)
183.3092|(853.6, 1159.1)
183.3255|(856.1, 1159.6)
183.3424|(857.1, 1159.9)
183.3589|(852.0, 1168.8)
183.3757|(850.1, 1171.3)
183.3925|(867.2, 1162.1)
183.409|(870.3, 1160.5)
183.4425|(874.1, 1163.3)
183.4594|(881.0, 1164.2)
183.476|(904.8, 1184.9)
183.4926|(921.7, 1193.4)
183.5263|(921.5, 1198.2)
183.5426|(920.9, 1187.7)
183.5593|(919.9, 1180.1)
183.5926|(924.5, 1172.6)
183.6095|(953.4, 1170.3)
183.6263|(972.8, 1169.2)
183.6429|(979.4, 1173.8)
183.6595|(986.9, 1172.1)
183.6765|(990.4, 1175.0)
183.6929|(994.2, 1177.0)
183.7095|(997.3, 1179.3)
183.743|(974.7, 1151.2)
183.7598|(964.1, 1157.5)
183.7763|(974.7, 1158.9)
183.793|(857.7, 1044.3)
183.8098|(805.7, 991.4)
183.8265|(784.5, 971.0)
183.8432|(778.5, 968.2)
183.8597|(754.7, 945.9)
183.8933|(755.3, 948.4)
183.9101|(755.6, 947.4)
183.9434|(761.3, 962.5)
183.9599|(761.3, 962.8)
183.9768|(760.6, 965.1)
183.9933|(761.1, 966.2)
184.01|(762.2, 970.8)
184.0436|(761.7, 970.1)
184.0602|(762.5, 973.2)
184.077|(753.5, 973.9)
184.1103|(750.9, 975.1)
184.127|(745.3, 985.3)
184.1437|(737.3, 1003.3)
184.1605|(735.4, 1007.6)
184.2106|(725.4, 1030.3)
184.227|(727.8, 1027.4)
184.2605|(729.2, 1024.6)
184.2772|(727.8, 1028.3)
184.2939|(727.1, 1030.1)
184.3107|(725.9, 1024.3)
184.3441|(722.3, 1015.9)
184.3607|(723.4, 1022.3)
184.3777|(721.1, 905.4)
184.3941|(722.1, 774.3)
184.411|(723.2, 744.1)
184.4275|(724.1, 743.4)
184.4442|(724.0, 744.9)
184.4609|(724.6, 748.4)
184.4941|(725.4, 748.7)
184.5111|(725.4, 757.2)
184.5276|(722.5, 760.0)
184.5611|(715.0, 763.7)
184.5777|(716.7, 733.1)
184.5945|(716.2, 688.1)
184.6112|(716.1, 653.5)
184.6447|(716.4, 664.3)
184.6613|(716.6, 599.0)
184.678|(717.5, 599.6)
184.6945|(718.3, 597.9)
184.7117|(713.6, 431.3)
184.7279|(713.8, 421.3)
184.7446|(714.6, 415.0)
184.7615|(715.7, 408.1)
184.7948|(718.6, 401.2)
184.8114|(724.8, 406.1)
184.8281|(721.1, 405.8)
184.8448|(721.2, 409.5)
184.8615|(721.2, 412.2)
184.8782|(717.6, 414.4)
184.8948|(715.7, 414.9)
184.912|(716.2, 412.9)
184.9451|(715.3, 412.5)
184.9618|(703.1, 271.3)
184.9783|(702.7, 250.5)
184.995|(703.5, 237.8)
185.0119|(703.6, 238.1)
185.0284|(707.5, 236.0)
185.045|(708.8, 235.0)
185.0618|(707.9, 235.2)
185.0952|(697.9, 239.5)
185.112|(697.5, 238.5)
185.1454|(698.9, 242.1)
185.1622|(698.9, 242.1)
185.1788|(700.6, 243.2)
185.1955|(701.0, 243.4)
185.2121|(703.7, 244.4)
185.2455|(706.1, 246.0)
185.2622|(709.5, 246.9)
185.2789|(711.8, 246.1)
185.2955|(708.7, 244.4)
185.3122|(717.5, 206.0)
185.3288|(717.1, 195.1)
185.3458|(715.0, 196.2)
185.3624|(715.3, 188.2)
185.3957|(713.7, 185.4)
185.4125|(707.4, 176.1)
185.4291|(714.9, 180.5)
185.4459|(722.2, 182.6)
185.4624|(722.4, 182.8)
185.4791|(722.2, 184.4)
185.4959|(717.5, 184.3)
185.5126|(716.9, 184.9)
185.5462|(713.4, 187.4)
185.5627|(714.2, 185.5)
185.5961|(719.7, 178.9)
185.6128|(730.7, 172.1)
185.6299|(731.1, 167.8)
185.646|(731.9, 168.1)
185.6629|(731.5, 164.9)
185.6964|(736.5, 160.6)
185.7132|(738.4, 161.7)
185.7296|(753.1, 159.6)
185.7465|(758.4, 160.6)
185.763|(804.2, 175.0)
185.7798|(809.7, 171.1)
185.7966|(811.5, 172.6)
185.8131|(822.0, 173.9)
185.8466|(824.8, 168.4)
185.8631|(824.6, 163.0)
185.8799|(756.0, 416.6)
185.8967|(745.7, 456.8)
185.9133|(743.9, 465.5)
185.9301|(741.3, 485.6)
185.9466|(744.2, 490.9)
185.9633|(742.6, 489.5)
185.9968|(739.2, 485.6)
186.0134|(736.4, 475.2)
186.0302|(735.4, 467.3)
186.0471|(733.7, 469.1)
186.0636|(730.0, 463.3)
186.0802|(728.8, 464.5)
186.0968|(729.9, 470.9)
186.1138|(730.5, 472.8)
186.1472|(728.1, 471.5)
186.1804|(710.6, 459.6)
186.1972|(708.9, 457.5)
186.2138|(704.4, 452.5)
186.2305|(706.7, 453.0)
186.2472|(703.9, 451.4)
186.264|(710.7, 442.2)
186.2972|(708.8, 442.1)
186.3139|(703.6, 444.7)
186.3306|(699.8, 439.2)
186.3475|(701.4, 432.3)
186.364|(702.6, 427.4)
186.3808|(703.2, 427.9)
186.3974|(704.7, 409.9)
186.414|(704.5, 400.3)
186.4475|(704.2, 394.3)
186.4642|(703.0, 392.3)
186.4808|(701.4, 391.1)
186.4976|(702.5, 391.6)
186.5142|(708.1, 395.3)
186.5309|(709.4, 396.4)
186.5477|(710.3, 397.3)
186.5645|(708.4, 396.1)
186.598|(698.2, 398.2)
186.6314|(692.6, 424.6)
186.648|(691.1, 428.4)
186.6644|(689.6, 434.1)
186.6812|(690.5, 434.8)
186.698|(693.9, 438.8)
186.7147|(692.7, 437.5)
186.7479|(691.9, 438.7)
186.7647|(696.5, 438.1)
186.7815|(699.6, 433.5)
186.7981|(699.3, 435.1)
186.8148|(700.3, 435.2)
186.8315|(700.8, 435.3)
186.8482|(698.9, 439.9)
186.8649|(699.2, 443.1)
186.8983|(705.2, 472.3)
186.9149|(707.6, 501.4)
186.9317|(708.2, 520.2)
186.9483|(708.1, 520.9)
186.965|(710.4, 521.8)
186.9818|(711.8, 522.4)
186.9985|(712.2, 521.1)
187.0151|(712.5, 520.9)
187.0485|(711.8, 520.3)
187.0652|(711.3, 518.0)
187.0819|(711.7, 518.2)
187.0985|(712.5, 517.3)
187.1152|(713.2, 517.7)
187.1321|(713.5, 518.0)
187.1488|(712.7, 517.2)
187.1654|(711.6, 508.2)
187.1821|(711.9, 498.4)
187.2155|(717.3, 323.8)
187.2321|(720.0, 294.0)
187.2488|(721.6, 248.4)
187.2655|(724.0, 241.3)
187.2823|(724.3, 242.4)
187.299|(726.2, 242.5)
187.3157|(725.8, 245.7)
187.349|(727.0, 249.2)
187.3657|(733.7, 255.4)
187.3823|(733.0, 255.7)
187.3991|(731.1, 257.9)
187.416|(731.0, 257.3)
187.4325|(730.3, 255.5)
187.4493|(729.8, 255.3)
187.4659|(730.6, 252.2)
187.4993|(727.8, 246.7)
187.5159|(729.2, 239.4)
187.5327|(726.6, 240.8)
187.5493|(726.4, 241.0)
187.566|(728.4, 242.8)
187.583|(730.9, 244.7)
187.5994|(729.2, 242.8)
187.6163|(732.6, 245.9)
187.6496|(737.1, 246.7)
187.6663|(739.5, 245.5)
187.683|(743.9, 244.8)
187.6996|(743.3, 243.2)
187.7163|(736.2, 244.1)
187.7329|(738.2, 242.3)
187.7496|(739.4, 253.3)
187.7664|(762.9, 413.7)
187.7998|(830.7, 899.8)
187.8165|(841.3, 1058.5)
187.8332|(841.7, 1053.8)
187.8498|(839.9, 1063.0)
187.8665|(839.4, 1092.8)
187.8834|(838.0, 1081.7)
187.9|(840.6, 1085.3)
187.9165|(841.6, 1092.2)
187.9499|(855.1, 1095.2)
187.9833|(855.6, 1080.8)
188.0001|(855.5, 1077.5)
188.0335|(858.5, 1069.0)
188.0502|(860.3, 1065.5)
188.067|(862.1, 1057.1)
188.0836|(864.4, 1038.2)
188.1002|(782.7, 737.7)
188.117|(771.2, 702.8)
188.1336|(766.5, 688.2)
188.1506|(744.4, 625.5)
188.167|(744.7, 626.2)
188.1839|(740.0, 628.4)
188.2004|(747.2, 632.4)
188.2172|(748.9, 635.1)
188.2507|(746.8, 638.5)
188.2672|(746.4, 641.9)
188.284|(742.7, 652.1)
188.3006|(744.6, 668.9)
188.3174|(744.8, 672.3)
188.334|(745.0, 676.0)
188.3507|(745.6, 687.9)
188.3674|(748.4, 706.8)
188.4007|(747.4, 712.6)
188.4174|(749.7, 713.1)
188.4342|(749.2, 713.7)
188.4509|(747.9, 712.0)
188.4675|(748.1, 709.2)
188.4841|(750.2, 706.5)
188.5009|(748.5, 706.5)
188.5177|(743.6, 707.7)
188.5343|(741.1, 708.7)
188.551|(722.5, 717.6)
188.5844|(722.4, 718.2)
188.6011|(722.7, 717.0)
188.6347|(724.1, 715.7)
188.6513|(724.7, 715.4)
188.7012|(722.9, 713.1)
188.7179|(723.3, 708.8)
188.7345|(718.6, 701.1)
188.7512|(713.1, 697.0)
188.7682|(685.1, 671.5)
188.7849|(688.6, 674.8)
188.8014|(681.6, 676.6)
188.8515|(678.1, 669.8)
188.8682|(676.3, 669.3)
188.8849|(674.5, 668.5)
188.9016|(674.2, 668.4)
188.9185|(671.6, 667.7)
188.935|(671.0, 668.2)
188.9516|(670.7, 667.8)
188.9683|(670.2, 668.1)
188.985|(669.8, 671.3)
189.0018|(670.4, 670.6)
189.0185|(672.4, 671.1)
189.0351|(674.8, 668.5)
189.052|(677.2, 652.2)
189.0686|(676.9, 651.6)
189.0852|(681.5, 608.9)
189.1019|(713.3, 264.9)
189.1186|(718.7, 223.2)
189.152|(720.8, 220.7)
189.1687|(722.5, 215.3)
189.1854|(734.5, 165.1)
189.202|(733.1, 168.4)
189.2189|(732.4, 171.8)
189.2356|(731.8, 175.3)
189.2524|(733.4, 174.1)
189.2855|(733.1, 173.9)
189.3025|(733.2, 174.6)
189.319|(733.0, 172.9)
189.3356|(726.0, 180.8)
189.3525|(728.3, 191.0)
189.3691|(730.7, 202.1)
189.3858|(729.5, 202.8)
189.4025|(729.5, 207.2)
189.4191|(731.5, 226.1)
189.4358|(731.3, 227.5)
189.4526|(732.7, 228.5)
189.4692|(732.5, 228.2)
189.4861|(732.2, 229.2)
189.5026|(731.4, 231.3)
189.5193|(732.5, 229.4)
189.5359|(730.4, 226.8)
189.5529|(726.9, 237.1)
189.5694|(727.1, 236.3)
189.5861|(727.5, 233.6)
189.6029|(727.1, 237.7)
189.6196|(726.4, 240.8)
189.6362|(727.4, 238.4)
189.6529|(726.9, 238.6)
189.6696|(726.5, 240.8)
189.6862|(726.2, 242.7)
189.7029|(722.1, 237.0)
189.753|(721.2, 235.1)
189.7699|(720.8, 230.0)
189.7864|(726.5, 228.1)
189.8032|(723.0, 210.4)
189.8199|(723.2, 206.6)
189.8366|(711.0, 181.2)
189.8698|(707.5, 172.3)
189.8866|(711.2, 176.2)
189.9032|(709.2, 179.7)
189.92|(710.9, 178.2)
189.9367|(710.9, 177.4)
189.9534|(710.1, 170.7)
189.97|(709.7, 170.2)
189.9868|(711.9, 169.6)
190.0035|(711.4, 169.6)
190.0202|(709.8, 171.6)
190.0367|(708.9, 175.9)
190.0534|(710.0, 175.6)
190.0702|(710.5, 175.4)
190.1037|(709.2, 176.5)
190.1203|(709.7, 177.2)
190.1536|(709.5, 176.5)
190.1871|(712.2, 177.1)
190.2035|(715.4, 174.9)
190.2372|(719.2, 172.5)
190.2539|(723.3, 163.6)
190.2705|(770.8, 163.0)
190.2873|(781.4, 176.2)
190.3206|(781.4, 172.3)
190.3374|(787.3, 177.6)
190.354|(796.2, 181.9)
190.3706|(807.3, 179.2)
190.3875|(810.1, 175.4)
190.4039|(808.3, 177.0)
190.421|(810.1, 175.4)
190.4376|(808.5, 172.6)
190.4541|(807.5, 170.2)
190.4709|(805.8, 171.8)
190.4877|(791.9, 177.5)
190.5042|(794.0, 182.1)
190.5211|(773.3, 195.8)
190.5378|(719.1, 248.5)
190.5544|(716.2, 252.3)
190.571|(702.0, 263.6)
190.5878|(695.6, 267.9)
190.6044|(691.7, 265.8)
190.6379|(697.3, 262.0)
190.6546|(701.1, 259.6)
190.6712|(706.5, 257.5)
190.6878|(706.4, 257.6)
190.7047|(702.6, 259.6)
190.7213|(696.0, 258.7)
190.7379|(692.4, 259.3)
190.7546|(685.5, 253.5)
190.7884|(670.1, 235.5)
190.8048|(663.2, 233.3)
190.8215|(664.0, 234.5)
190.8383|(664.8, 234.5)
190.8549|(668.0, 234.4)
190.8717|(666.8, 232.6)
190.9049|(661.9, 217.7)
190.9384|(652.6, 200.6)
190.9549|(650.5, 197.0)
190.9718|(655.9, 197.0)
190.9884|(652.7, 185.6)
191.0052|(647.2, 173.8)
191.0217|(645.6, 170.2)
191.0385|(641.9, 160.8)
191.0552|(636.1, 149.2)
191.0886|(637.5, 152.2)
191.1052|(638.0, 152.9)
191.1221|(638.8, 154.2)
191.1388|(637.5, 160.0)
191.1552|(639.6, 162.8)
191.172|(636.1, 168.3)
191.1888|(642.1, 168.4)
191.2055|(650.6, 171.0)
191.2388|(737.8, 204.9)
191.2555|(769.7, 216.9)
191.2721|(777.6, 221.5)
191.289|(782.3, 223.6)
191.3057|(807.7, 237.0)
191.3224|(817.1, 238.2)
191.3557|(813.4, 238.1)
191.389|(809.7, 236.0)
191.4057|(810.4, 234.3)
191.4225|(813.2, 234.9)
191.4393|(832.6, 232.6)
191.456|(860.9, 232.2)
191.4726|(860.3, 232.1)
191.4892|(866.5, 232.4)
191.506|(888.5, 232.5)
191.5392|(888.9, 230.1)
191.5561|(888.3, 229.5)
191.5728|(887.0, 228.2)
191.5896|(885.8, 227.0)
191.606|(884.9, 226.9)
191.6228|(884.1, 230.1)
191.6394|(895.9, 226.7)
191.6561|(907.1, 221.6)
191.6895|(916.0, 217.3)
191.7063|(919.8, 214.9)
191.7231|(919.5, 216.4)
191.7396|(919.6, 216.1)
191.7565|(918.6, 212.1)
191.7729|(913.7, 209.9)
191.7897|(914.4, 209.3)
191.8065|(911.8, 209.1)
191.8398|(748.0, 209.9)
191.8566|(736.0, 212.1)
191.8733|(681.1, 200.8)
191.8899|(674.1, 200.6)
191.9068|(692.4, 204.8)
191.9399|(655.6, 186.2)
191.9569|(650.0, 178.9)
191.99|(650.1, 178.8)
192.0069|(651.6, 178.8)
192.0234|(652.4, 177.1)
192.0402|(653.1, 174.8)
192.0568|(653.2, 174.4)
192.0735|(655.5, 175.5)
192.0902|(658.5, 178.9)
192.1069|(736.6, 484.1)
192.1403|(737.8, 488.7)
192.1571|(746.6, 517.6)
192.1738|(748.7, 526.5)
192.1904|(752.0, 537.9)
192.2072|(741.5, 532.0)
192.2236|(744.1, 535.9)
192.2405|(744.0, 535.0)
192.2572|(742.8, 534.8)
192.2906|(739.8, 529.1)
192.3073|(741.9, 526.4)
192.324|(743.7, 527.8)
192.3408|(742.4, 525.7)
192.3574|(738.3, 536.4)
192.3908|(728.3, 550.9)
192.4074|(724.5, 555.5)
192.4408|(706.9, 563.6)
192.4574|(705.6, 561.8)
192.4743|(700.9, 558.3)
192.491|(699.6, 558.0)
192.5078|(697.9, 555.9)
192.5243|(695.9, 555.8)
192.5411|(686.5, 555.4)
192.5576|(658.3, 553.2)
192.591|(652.8, 552.6)
192.6078|(654.8, 551.5)
192.6244|(652.2, 549.6)
192.6411|(647.1, 548.2)
192.6579|(649.9, 546.3)
192.6745|(652.0, 542.3)
192.6913|(647.2, 538.1)
192.7079|(647.4, 539.7)
192.7413|(644.4, 537.4)
192.7582|(644.7, 535.3)
192.7748|(644.6, 534.8)
192.8581|(631.2, 501.9)
192.8916|(657.2, 560.8)
192.9083|(660.0, 587.5)
192.9252|(659.9, 631.7)
192.9418|(661.5, 611.6)
192.9751|(667.1, 679.2)
192.9916|(666.4, 679.9)
193.0085|(670.2, 680.5)
193.0419|(667.1, 672.6)
193.0587|(668.2, 668.2)
193.0752|(669.9, 667.8)
193.0919|(671.5, 667.3)
193.1085|(669.9, 667.8)
193.1253|(662.6, 669.8)
193.142|(662.8, 670.6)
193.1587|(665.6, 672.1)
193.1922|(668.5, 669.2)
193.2088|(669.2, 669.0)
193.2254|(670.8, 670.5)
193.2421|(671.3, 670.6)
193.259|(704.7, 883.8)
193.2755|(710.8, 921.5)
193.2923|(713.6, 937.7)
193.3091|(716.6, 955.7)
193.3422|(716.0, 961.3)
193.3591|(715.6, 963.0)
193.3757|(712.0, 968.3)
193.3925|(712.4, 967.7)
193.4259|(712.0, 968.7)
193.4425|(711.4, 968.8)
193.4927|(712.0, 957.2)
193.5261|(713.5, 906.8)
193.5427|(713.6, 908.5)
193.5594|(708.2, 951.5)
193.5761|(703.8, 951.6)
193.5929|(701.8, 958.0)
193.6095|(703.4, 944.3)
193.6428|(697.3, 927.6)
193.6596|(707.9, 900.9)
193.6763|(708.3, 876.6)
193.6928|(706.3, 822.7)
193.7097|(699.3, 666.3)
193.7264|(699.7, 658.4)
193.743|(699.1, 662.4)
193.7599|(696.8, 665.5)
193.7932|(699.0, 668.4)
193.8098|(699.2, 667.6)
193.8266|(699.2, 665.9)
193.8431|(693.7, 661.9)
194.0603|(642.9, 325.4)
194.0936|(666.4, 380.5)
194.1104|(671.4, 367.2)
194.127|(670.8, 372.3)
194.1437|(671.0, 380.2)
194.1604|(671.7, 401.2)
194.177|(671.4, 414.5)
194.1937|(672.9, 420.3)
194.2106|(673.9, 424.7)
194.2439|(676.2, 413.4)
194.2606|(678.1, 412.6)
194.2772|(679.6, 382.8)
194.2939|(682.2, 189.2)
194.3105|(686.0, 163.6)
194.3273|(687.8, 136.2)
194.3441|(688.6, 125.7)
194.3607|(689.2, 121.8)
194.3941|(685.2, 130.4)
194.4108|(686.8, 140.6)
194.4276|(685.0, 149.2)
194.4609|(672.5, 178.5)
194.4776|(680.4, 181.3)
194.4942|(685.5, 185.3)
194.5109|(694.9, 189.6)
194.5443|(699.1, 192.2)
194.5611|(699.0, 192.8)
194.5778|(698.9, 192.0)
194.5945|(696.8, 187.7)
194.6112|(696.9, 183.7)
194.6278|(696.5, 182.9)
194.6446|(696.8, 182.6)
194.6612|(693.8, 178.8)
194.6946|(650.2, 148.9)
194.7113|(636.5, 138.7)
194.7278|(605.3, 113.0)
194.7446|(607.8, 112.0)
194.7613|(615.0, 116.8)
194.778|(618.8, 110.3)
194.7949|(621.2, 97.4)
194.8114|(618.4, 92.0)
194.845|(616.1, 87.1)
194.8616|(615.9, 83.7)
194.8782|(608.7, 85.4)
194.8948|(594.1, 83.8)
194.9118|(596.2, 83.7)
194.9284|(595.9, 83.7)
194.945|(595.5, 83.9)
194.9619|(595.0, 87.7)
194.9954|(598.9, 82.0)
195.0118|(601.4, 73.6)
195.0452|(598.1, 79.6)
195.062|(596.6, 80.0)
195.0785|(597.1, 78.7)
195.0953|(599.7, 74.9)
195.112|(602.9, 81.4)
195.1452|(604.9, 82.9)
195.162|(604.6, 87.6)
195.1954|(617.5, 89.1)
195.2121|(720.7, 122.4)
195.2288|(768.0, 134.1)
195.2455|(784.2, 138.5)
195.2622|(827.3, 155.5)
195.2955|(826.8, 153.9)
195.3123|(825.1, 145.6)
195.3292|(820.6, 144.6)
195.3457|(820.9, 141.9)
195.3623|(820.8, 136.8)
195.379|(819.0, 129.7)
195.3957|(815.8, 122.6)
195.4124|(822.5, 120.2)
195.4459|(852.0, 117.3)
195.4625|(840.1, 114.9)
195.496|(856.6, 112.9)
195.5125|(853.1, 112.2)
195.5292|(852.5, 114.4)
195.5459|(848.9, 113.6)
195.5626|(838.3, 111.8)
195.5962|(833.6, 123.9)
195.6294|(825.1, 121.2)
195.6463|(822.0, 118.2)
195.6628|(825.5, 125.8)
195.6795|(827.5, 127.1)
195.6963|(816.6, 123.5)
195.7463|(809.2, 121.3)
195.763|(798.2, 121.0)
195.7797|(769.6, 243.2)
195.7964|(764.9, 268.8)
195.8131|(738.3, 331.9)
195.8299|(735.3, 335.9)
195.8466|(735.0, 341.5)
195.8632|(725.5, 354.6)
195.8965|(714.4, 375.9)
195.9132|(713.7, 381.9)
195.9299|(713.7, 388.8)
195.9469|(713.1, 389.1)
195.9632|(713.9, 394.3)
195.9801|(715.9, 401.0)
195.9967|(717.4, 403.4)
196.0135|(718.0, 406.3)
196.0469|(713.0, 402.7)
196.0802|(710.7, 401.8)
196.0971|(711.6, 398.2)
196.1136|(666.6, 414.4)
196.1305|(660.7, 423.2)
196.147|(654.2, 432.7)
196.197|(650.7, 436.7)
196.2137|(651.3, 434.1)
196.2304|(639.7, 445.7)
196.2471|(637.6, 446.4)
196.2638|(641.3, 443.0)
196.2804|(645.6, 450.4)
196.2973|(643.5, 447.5)
196.3139|(641.7, 448.9)
196.3474|(644.9, 456.1)
196.364|(644.5, 448.7)
196.3807|(651.7, 440.2)
196.3974|(652.1, 439.4)
196.4141|(658.0, 438.3)
196.4476|(659.4, 439.1)
196.4643|(659.5, 439.4)
196.4977|(810.7, 453.1)
196.5311|(888.9, 458.9)
196.5477|(894.9, 461.9)
196.581|(902.3, 467.7)
196.5979|(901.3, 467.5)
196.6144|(904.7, 469.1)
196.6478|(906.1, 477.6)
196.6644|(909.5, 488.1)
196.6814|(912.2, 485.5)
196.698|(910.1, 485.3)
196.7146|(910.3, 485.4)
196.7313|(910.4, 484.5)
196.7482|(911.4, 481.8)
196.7647|(910.0, 478.6)
196.7981|(907.0, 475.3)
196.8147|(906.2, 487.5)
196.8314|(908.6, 494.2)
196.865|(929.1, 501.0)
196.9817|(781.0, 521.5)
196.9984|(754.6, 470.1)
197.015|(737.3, 437.4)
197.0318|(732.6, 425.6)
197.0486|(725.9, 421.1)
197.0652|(718.3, 417.4)
197.0986|(715.8, 415.9)
197.1153|(710.7, 420.2)
197.132|(709.9, 424.9)
197.1487|(713.7, 430.6)
197.1653|(714.2, 427.8)
197.1821|(715.7, 430.9)
197.1986|(717.0, 427.6)
197.2154|(717.1, 427.7)
197.2489|(718.0, 429.5)
197.2655|(719.6, 430.3)
197.2823|(722.3, 425.3)
197.2989|(724.8, 423.6)
197.3156|(724.6, 426.5)
197.3323|(726.2, 428.1)
197.349|(726.7, 429.5)
197.3656|(727.3, 431.0)
197.399|(726.2, 428.9)
197.4157|(724.5, 425.8)
197.4324|(726.0, 428.4)
197.4492|(725.7, 429.1)
197.466|(719.6, 425.9)
197.4825|(719.6, 425.8)
197.4994|(720.4, 426.4)
197.5162|(726.0, 432.2)
197.5326|(723.8, 432.4)
197.5661|(740.0, 451.3)
197.5826|(743.4, 460.4)
197.5993|(728.0, 451.0)
197.616|(730.0, 444.0)
197.6329|(729.8, 441.8)
197.6495|(726.2, 432.9)
197.6663|(723.5, 448.4)
197.6996|(729.3, 441.3)
197.7164|(731.9, 441.7)
197.733|(724.4, 434.1)
197.7496|(715.9, 439.4)
197.7663|(718.2, 440.6)
197.7831|(717.5, 439.5)
197.8|(715.9, 438.2)
197.8164|(715.3, 441.1)
197.8499|(716.3, 441.1)
197.8665|(760.7, 466.6)
197.8832|(794.9, 476.5)
197.8998|(803.3, 487.5)
197.9166|(807.6, 492.5)
197.9334|(815.8, 492.3)
197.9499|(820.1, 498.7)
197.9668|(834.6, 499.0)
197.9835|(836.6, 499.7)
198.0001|(837.7, 500.5)
198.0166|(840.0, 507.4)
198.0335|(842.1, 512.7)
198.0501|(832.1, 505.7)
198.0668|(823.9, 504.9)
198.0837|(824.7, 498.5)
198.1002|(827.8, 501.7)
198.1504|(827.6, 499.4)
198.167|(828.2, 500.9)
198.1837|(832.7, 505.7)
198.2004|(832.0, 504.8)
198.2172|(832.2, 505.1)
198.2338|(834.3, 503.2)
198.2504|(834.2, 503.8)
198.2671|(837.1, 505.6)
198.3004|(896.2, 514.9)
198.3172|(942.6, 526.9)
198.3339|(956.2, 528.5)
198.3508|(952.4, 526.1)
198.3673|(969.5, 519.9)
198.3842|(969.8, 518.6)
198.4008|(970.7, 516.3)
198.4175|(974.7, 508.8)
198.4341|(975.9, 511.4)
198.4508|(976.1, 512.7)
198.4674|(975.6, 513.5)
198.4842|(975.6, 513.0)
198.5008|(973.9, 507.6)
198.5343|(974.3, 506.7)
198.5511|(974.0, 508.5)
198.5676|(844.0, 458.7)
198.6011|(777.5, 439.0)
198.6178|(761.2, 439.4)
198.6343|(764.0, 436.9)
198.6512|(760.9, 440.7)
198.6679|(760.3, 440.7)
198.6846|(759.8, 440.3)
198.7015|(763.4, 443.0)
198.7514|(760.3, 438.6)
198.7681|(757.0, 437.6)
198.7849|(754.6, 435.9)
198.8016|(754.5, 434.5)
198.8182|(753.1, 436.9)
198.835|(755.0, 437.5)
198.8514|(755.6, 437.8)
198.8683|(757.9, 432.1)
198.8849|(755.8, 428.4)
198.9016|(753.7, 426.4)
198.9184|(759.1, 430.6)
198.9351|(758.2, 429.4)
198.9518|(757.5, 426.9)
198.9685|(757.3, 426.3)
198.985|(757.2, 425.9)
199.002|(758.1, 431.1)
199.0184|(758.2, 433.8)
199.0519|(756.2, 420.4)
199.0686|(759.8, 430.3)
199.0853|(759.7, 432.7)
199.102|(757.5, 432.6)
199.1187|(752.1, 434.9)
199.1354|(743.7, 439.1)
199.1521|(705.5, 450.5)
199.2023|(679.3, 465.0)
199.2188|(674.9, 468.5)
199.2356|(675.3, 470.8)
199.2523|(674.6, 469.9)
199.269|(672.8, 466.3)
199.2858|(671.1, 463.8)
199.3022|(670.9, 464.0)
199.3188|(668.5, 463.8)
199.3356|(667.4, 459.8)
199.3522|(668.3, 460.5)
199.369|(668.3, 459.6)
199.3858|(669.8, 460.5)
199.4025|(677.2, 461.2)
199.4191|(679.3, 461.9)
199.4358|(679.0, 460.4)
199.4523|(680.2, 458.4)
199.4692|(677.6, 457.7)
199.5027|(668.5, 451.2)
199.5192|(667.7, 451.1)
199.5359|(664.7, 449.2)
199.5527|(663.5, 448.0)
199.5694|(665.7, 454.5)
199.5861|(668.8, 457.5)
199.6028|(669.2, 457.7)
199.6361|(670.2, 457.9)
199.6528|(669.5, 455.5)
199.6694|(667.2, 454.2)
199.6861|(664.3, 453.6)
199.703|(663.4, 452.9)
199.7197|(664.1, 454.2)
199.7365|(668.5, 458.0)
199.7696|(668.6, 457.7)
199.7864|(666.9, 456.4)
199.8031|(668.3, 458.6)
199.8197|(664.2, 468.1)
199.8365|(655.2, 496.4)
199.8531|(656.6, 489.5)
199.8699|(654.7, 497.4)
199.8865|(653.6, 503.4)
199.9032|(651.0, 522.2)
199.92|(644.6, 526.7)
199.9366|(643.9, 533.2)
199.9533|(646.3, 531.5)
199.9702|(645.6, 531.8)
199.9867|(644.4, 528.3)
200.0035|(643.0, 526.0)
200.0201|(641.9, 523.0)
200.0368|(644.2, 523.4)
200.0535|(647.4, 534.2)
200.0869|(650.2, 540.9)
200.1035|(658.1, 545.7)
200.1204|(655.2, 544.3)
200.1369|(652.6, 547.5)
200.1539|(650.4, 547.6)
200.1705|(650.9, 557.7)
200.1871|(655.5, 610.2)
200.2204|(653.6, 618.6)
200.2372|(651.8, 620.1)
200.2538|(645.4, 621.3)
200.2706|(644.3, 615.9)
200.2876|(645.0, 605.4)
200.304|(646.3, 603.4)
200.3206|(649.4, 602.8)
200.3374|(653.3, 612.1)
200.354|(653.8, 613.4)
200.3707|(650.4, 610.9)
200.3875|(652.4, 612.1)
200.404|(653.6, 600.8)
200.4209|(653.3, 603.3)
200.4375|(651.0, 614.1)
200.4543|(651.6, 611.4)
200.4708|(652.4, 607.3)
200.4875|(655.3, 613.3)
200.5042|(655.0, 617.2)
200.5377|(655.5, 615.8)
200.5544|(656.2, 616.7)
200.571|(659.5, 583.4)
200.5879|(655.0, 552.6)
200.6044|(655.4, 549.5)
200.6214|(664.7, 543.9)
200.6377|(663.7, 542.4)
200.6545|(664.3, 542.3)
200.6879|(664.1, 546.1)
200.7046|(663.1, 547.7)
200.7212|(662.9, 548.3)
200.7379|(661.9, 548.0)
200.7546|(660.5, 548.2)
200.7714|(654.4, 548.3)
200.8048|(649.5, 547.1)
200.8215|(647.7, 545.6)
200.8381|(662.9, 535.9)
200.8549|(682.4, 524.9)
200.8717|(729.6, 503.6)
200.8884|(768.1, 484.8)
200.9049|(765.7, 485.6)
200.9216|(783.3, 476.3)
200.9383|(790.7, 471.2)
200.955|(790.3, 470.9)
200.9883|(793.4, 471.2)
201.005|(793.6, 470.7)
201.0218|(795.4, 466.1)
201.0387|(795.2, 466.8)
201.0551|(794.9, 467.8)
201.072|(797.5, 470.8)
201.0886|(809.0, 474.5)
201.1052|(883.2, 485.5)
201.1386|(896.0, 488.0)
201.1552|(911.5, 483.5)
201.1721|(919.6, 482.8)
201.1888|(922.9, 482.5)
201.2055|(925.3, 483.0)
201.2222|(925.8, 488.0)
201.2555|(921.6, 491.6)
201.2888|(918.2, 489.2)
201.3056|(916.6, 489.3)
201.3223|(914.3, 487.9)
201.3391|(911.4, 488.1)
201.3558|(917.0, 494.9)
201.3725|(919.4, 497.1)
201.389|(915.8, 494.5)
201.4058|(914.7, 495.5)
201.4391|(782.6, 414.5)
201.4559|(771.7, 407.8)
201.4725|(756.8, 399.5)
201.4892|(762.0, 399.6)
201.5061|(757.5, 399.3)
201.5226|(754.1, 399.6)
201.5393|(764.9, 410.2)
201.5561|(764.4, 404.4)
201.5896|(764.5, 407.8)
201.6061|(777.3, 416.8)
201.6228|(774.3, 414.5)
201.6396|(770.4, 408.8)
201.6563|(763.2, 396.0)
201.6728|(771.0, 408.1)
201.89|(750.0, 187.1)
201.9067|(747.0, 214.5)
201.9233|(748.5, 204.0)
201.94|(746.3, 193.2)
201.9566|(742.2, 195.1)
201.9734|(740.5, 195.2)
201.9901|(739.9, 191.8)
202.0067|(741.9, 190.9)
202.0401|(742.8, 191.8)
202.0569|(744.2, 194.1)
202.0735|(746.8, 211.5)
202.0902|(748.1, 218.7)
202.107|(753.6, 231.4)
202.1236|(753.0, 236.1)
202.1402|(752.1, 237.9)
202.157|(752.0, 237.6)
202.1905|(752.6, 239.4)
202.2072|(753.9, 241.2)
202.2238|(753.5, 240.7)
202.2406|(752.8, 242.2)
202.2572|(749.5, 245.0)
202.2906|(747.8, 258.0)
202.3071|(739.0, 575.3)
202.3405|(739.6, 685.8)
202.3573|(740.1, 699.9)
202.374|(742.9, 759.5)
202.3908|(747.0, 840.4)
202.4076|(747.1, 840.6)
202.4241|(749.4, 840.1)
202.441|(752.2, 831.8)
202.4577|(752.8, 829.7)
202.491|(750.1, 832.0)
202.5077|(752.0, 828.1)
202.5243|(751.6, 826.9)
202.5409|(750.1, 826.9)
202.5577|(752.4, 826.7)
202.5744|(754.5, 826.1)
202.5909|(756.9, 824.0)
202.6078|(759.0, 821.5)
202.6412|(766.9, 808.2)
202.6578|(762.7, 810.2)
202.6746|(757.0, 677.5)
202.6915|(753.4, 592.9)
202.7079|(754.4, 542.2)
202.7245|(749.7, 520.4)
202.7415|(746.9, 521.7)
202.7579|(746.3, 522.5)
202.7913|(738.0, 524.9)
202.8083|(739.0, 525.1)
202.8248|(737.2, 528.0)
202.8414|(737.0, 535.2)
202.875|(738.2, 535.2)
202.8916|(737.7, 531.3)
202.9416|(737.6, 532.1)
202.9584|(740.3, 527.8)
202.975|(738.4, 523.7)
202.9918|(738.1, 524.9)
203.0084|(727.9, 524.8)
203.0253|(719.3, 573.7)
203.0418|(719.5, 572.7)
203.0584|(724.5, 578.8)
203.0919|(728.0, 590.7)
203.1086|(728.6, 590.8)
203.1253|(727.2, 591.7)
203.142|(727.6, 589.0)
203.1586|(724.3, 587.0)
203.1754|(723.2, 587.7)
203.1922|(721.9, 588.3)
203.2088|(724.1, 591.3)
203.2424|(724.0, 592.6)
203.2589|(724.0, 591.2)
203.2756|(725.8, 587.2)
203.2924|(758.2, 624.7)
203.3258|(779.5, 655.3)
203.3423|(783.2, 659.4)
203.3925|(796.6, 675.5)
203.4091|(797.1, 675.2)
203.4258|(797.0, 669.3)
203.4593|(789.1, 674.6)
203.476|(787.7, 675.0)
203.4925|(727.3, 677.9)
203.5092|(719.4, 678.0)
203.5426|(710.9, 678.5)
203.5593|(706.1, 668.9)
203.576|(706.4, 670.8)
203.5928|(712.8, 674.3)
203.6095|(710.1, 672.0)
203.6261|(707.1, 669.2)
203.6428|(713.0, 668.6)
203.6595|(711.8, 666.8)
203.6929|(712.4, 665.8)
203.7095|(711.5, 666.7)
203.7264|(708.8, 671.2)
203.743|(699.8, 709.9)
203.7598|(717.0, 730.3)
203.7764|(719.4, 734.6)
203.793|(725.3, 744.9)
203.8097|(734.0, 760.1)
203.8432|(768.8, 804.4)
203.8598|(765.8, 804.3)
203.8766|(761.8, 803.0)
203.9099|(762.4, 803.0)
203.9267|(769.6, 806.7)
203.9433|(767.5, 807.1)
203.96|(768.3, 805.4)
203.9934|(767.7, 804.9)
204.0101|(766.0, 802.6)
204.0268|(762.3, 790.4)
204.0435|(761.1, 790.6)
204.0602|(764.0, 793.7)
204.0767|(761.9, 792.0)
204.0934|(751.5, 795.1)
204.1104|(714.0, 809.9)
204.1437|(702.7, 818.3)
204.1603|(706.0, 821.4)
204.1772|(770.7, 868.6)
204.1938|(743.7, 856.7)
204.2104|(793.6, 886.3)
204.2271|(793.6, 884.6)
204.2438|(793.5, 882.7)
204.2605|(794.0, 884.5)
204.294|(796.3, 881.5)
204.3107|(797.4, 874.9)
204.3273|(798.7, 872.9)
204.344|(797.8, 878.8)
204.3609|(798.3, 881.3)
204.3772|(785.6, 907.8)
204.394|(776.5, 927.0)
204.4109|(745.2, 1018.2)
204.4443|(732.9, 1046.5)
204.4609|(716.6, 1098.5)
204.4943|(727.5, 1104.2)
204.5113|(723.2, 1100.7)
204.5277|(735.0, 1098.4)
204.5443|(731.9, 1091.1)
204.5611|(733.4, 1090.8)
204.5945|(730.3, 1065.3)
204.611|(730.0, 1061.4)
204.6277|(728.6, 1065.6)
204.6444|(728.2, 1068.8)
204.6612|(729.0, 1069.5)
204.6779|(729.2, 1066.5)
204.6946|(728.3, 1063.3)
204.7113|(728.4, 1057.6)
204.7447|(728.8, 1054.2)
204.7615|(727.5, 1051.6)
204.7779|(721.1, 1015.2)
204.7947|(714.8, 993.3)
204.8115|(712.2, 977.2)
204.8281|(710.5, 968.4)
204.8449|(719.7, 929.0)
204.8615|(716.1, 925.9)
204.8949|(709.2, 919.4)
204.9117|(708.7, 914.3)
204.945|(703.9, 907.5)
204.9617|(700.2, 909.3)
204.9784|(700.0, 909.5)
204.995|(702.1, 917.3)
205.0119|(699.7, 912.3)
205.0451|(700.7, 920.7)
205.0619|(701.1, 924.8)
205.0785|(700.8, 923.9)
205.0953|(702.7, 921.3)
205.1119|(702.8, 919.7)
205.1286|(702.0, 919.3)
205.1454|(702.3, 919.0)
205.162|(699.9, 919.2)
205.1956|(693.9, 916.2)
205.2122|(694.2, 917.4)
205.229|(694.5, 918.7)
205.2455|(694.8, 921.5)
205.2622|(695.1, 921.4)
205.2788|(696.9, 915.7)
205.2955|(697.1, 915.9)
205.3123|(694.5, 918.7)
205.3457|(693.6, 919.4)
205.3623|(693.3, 918.5)
205.3959|(695.9, 914.9)
205.4124|(697.3, 909.3)
205.4291|(695.6, 902.8)
205.4458|(695.3, 903.2)
205.4625|(690.3, 895.1)
205.4959|(657.2, 829.5)
205.5293|(641.3, 808.2)
205.546|(641.8, 809.4)
205.5627|(637.0, 799.7)
205.5794|(639.5, 800.8)
205.596|(639.3, 801.7)
205.6129|(639.3, 800.2)
205.6462|(643.0, 803.9)
205.6627|(641.3, 800.3)
205.6796|(638.4, 801.2)
205.6962|(638.4, 804.9)
205.7128|(638.3, 803.0)
205.7296|(639.4, 800.0)
205.7462|(638.7, 803.0)
205.7631|(642.1, 806.3)
205.7966|(643.2, 807.3)
205.8131|(635.4, 804.8)
205.8298|(637.1, 806.2)
205.8465|(637.3, 805.7)
205.8631|(638.3, 805.1)
205.8799|(636.2, 804.0)
205.8965|(636.8, 804.7)
205.9133|(637.6, 804.6)
205.9467|(637.8, 805.1)
205.9801|(643.4, 806.5)
205.9967|(641.8, 801.9)
206.0135|(642.3, 809.3)
206.0301|(641.9, 811.8)
206.047|(642.7, 806.9)
206.0635|(641.4, 803.6)
206.097|(640.8, 804.0)
206.1136|(644.7, 807.6)
206.1307|(644.4, 807.2)
206.147|(642.3, 803.7)
206.1637|(642.2, 803.7)
206.1805|(640.6, 800.9)
206.1971|(638.8, 797.3)
206.2139|(636.9, 789.4)
206.2473|(639.1, 790.1)
206.2638|(643.5, 778.1)
206.2806|(737.2, 398.7)
206.2973|(733.7, 397.8)
206.3138|(735.4, 384.3)
206.3306|(739.2, 367.7)
206.3475|(739.6, 360.6)
206.3641|(740.3, 355.6)
206.3974|(744.2, 358.6)
206.4142|(741.7, 364.3)
206.4309|(741.0, 364.9)
206.4474|(737.7, 367.8)
206.4643|(733.9, 371.2)
206.481|(734.2, 377.4)
206.4977|(734.5, 375.8)
206.5142|(727.9, 380.6)
206.5477|(725.2, 379.1)
206.5643|(697.8, 360.5)
206.581|(675.8, 344.3)
206.5977|(654.7, 333.8)
206.6144|(652.6, 334.0)
206.6312|(642.4, 328.2)
206.6478|(638.2, 331.5)
206.6646|(639.2, 338.3)
206.6981|(641.3, 336.5)
206.7146|(644.2, 341.9)
206.7313|(646.8, 342.0)
206.748|(646.8, 340.2)
206.7647|(647.1, 339.8)
206.7815|(647.1, 339.5)
206.7982|(646.2, 337.7)
206.8148|(644.6, 334.5)
206.8483|(644.1, 329.5)
206.8648|(645.8, 327.1)
206.8818|(650.0, 330.7)
206.8982|(650.4, 330.8)
206.9148|(651.9, 329.9)
206.9316|(650.9, 326.4)
206.9486|(652.7, 325.3)
206.965|(653.4, 326.2)
206.9984|(655.3, 335.6)
207.0151|(662.9, 368.2)
207.0317|(662.6, 366.5)
207.0486|(664.9, 388.2)
207.0652|(671.3, 398.1)
207.082|(669.4, 400.5)
207.0986|(664.6, 400.8)
207.1154|(663.5, 402.4)
207.1487|(665.2, 403.5)
207.1655|(668.9, 404.3)
207.1822|(670.8, 404.0)
207.1987|(670.9, 403.9)
207.2156|(670.8, 403.0)
207.2321|(670.7, 402.6)
207.2489|(671.2, 403.6)
207.2655|(671.2, 404.4)
207.2989|(665.5, 414.8)
207.3154|(663.4, 419.0)
207.3322|(662.5, 418.0)
207.3492|(661.4, 413.4)
207.3656|(661.6, 404.8)
207.3825|(674.9, 369.2)
207.3992|(672.6, 375.9)
207.4158|(678.1, 362.8)
207.4326|(684.1, 368.4)
207.4492|(686.6, 375.9)
207.4662|(682.9, 377.1)
207.4825|(683.3, 377.4)
207.4991|(684.2, 382.5)
207.516|(681.6, 384.5)
207.5326|(679.0, 387.0)
207.5493|(678.1, 388.0)
207.5661|(679.2, 388.7)
207.5994|(676.9, 391.0)
207.6163|(676.8, 391.8)
207.6328|(676.8, 392.4)
207.6495|(674.7, 393.8)
207.6662|(676.1, 391.1)
207.6829|(675.7, 391.3)
207.6997|(671.2, 396.4)
207.7162|(669.2, 398.8)
207.7497|(665.4, 403.4)
207.7664|(665.5, 405.0)
207.9332|(587.3, 153.0)
207.9667|(678.9, 332.6)
207.9834|(696.0, 397.6)
208.0002|(687.8, 369.6)
208.0168|(688.9, 389.7)
208.0501|(692.2, 413.7)
208.0668|(692.0, 412.9)
208.1002|(696.2, 418.8)
208.117|(705.1, 425.7)
208.1506|(701.0, 422.4)
208.1671|(693.0, 410.5)
208.2002|(709.4, 423.9)
208.2337|(715.1, 431.9)
208.2505|(713.7, 435.5)
208.2673|(715.6, 444.6)
208.284|(721.9, 448.7)
208.3005|(747.7, 448.9)
208.3172|(872.1, 470.7)
208.3339|(835.2, 465.6)
208.3506|(897.8, 491.9)
208.3676|(923.4, 509.9)
208.3841|(929.7, 522.1)
208.4007|(944.6, 543.8)
208.4342|(947.4, 548.7)
208.4511|(947.9, 547.0)
208.5008|(943.6, 540.8)
208.5175|(933.9, 537.9)
208.5343|(929.0, 536.1)
208.5509|(936.7, 530.8)
208.5678|(938.1, 527.9)
208.5845|(937.3, 520.1)
208.6013|(938.3, 512.2)
208.6511|(931.5, 496.4)
208.6677|(923.4, 489.4)
208.6845|(901.3, 477.5)
208.7013|(886.5, 478.0)
208.718|(795.2, 463.5)
208.7346|(779.4, 461.1)
208.7512|(760.4, 461.4)
208.768|(694.0, 452.3)
208.7847|(690.0, 452.8)
208.8014|(692.4, 464.2)
208.818|(692.7, 465.8)
208.835|(692.8, 466.4)
208.8514|(692.5, 474.0)
208.8682|(693.3, 473.0)
208.8848|(692.6, 474.1)
208.9016|(693.1, 472.8)
208.9182|(692.6, 464.0)
208.935|(695.6, 456.2)
208.9519|(693.7, 451.5)
208.9683|(693.8, 451.1)
208.9851|(694.8, 452.5)
209.0017|(693.4, 451.7)
209.0185|(694.2, 450.9)
209.0352|(692.7, 450.3)
209.0519|(694.7, 449.7)
209.102|(700.0, 453.7)
209.1187|(704.0, 458.2)
209.1353|(702.9, 457.0)
209.152|(702.6, 455.6)
209.1688|(701.5, 452.2)
209.1855|(700.9, 449.0)
209.202|(703.1, 450.5)
209.2188|(705.0, 449.1)
209.2355|(700.3, 442.8)
209.2521|(701.1, 444.4)
209.2689|(701.2, 444.7)
209.2855|(699.3, 446.0)
209.3025|(696.9, 444.2)
209.3188|(697.7, 443.7)
209.3357|(698.2, 444.0)
209.3523|(699.5, 445.4)
209.3691|(698.9, 445.7)
209.3858|(697.9, 443.6)
209.4024|(699.9, 444.4)
209.4192|(699.6, 444.4)
209.4358|(697.8, 444.1)
209.4525|(697.2, 446.1)
209.4693|(695.7, 448.1)
209.4863|(695.0, 448.0)
209.5026|(707.1, 433.1)
209.5359|(749.7, 268.4)
209.5526|(759.6, 222.1)
209.5694|(772.6, 167.6)
209.5861|(769.8, 158.4)
209.6028|(775.8, 132.2)
209.6195|(777.5, 133.4)
209.6361|(776.9, 130.5)
209.6695|(774.7, 131.7)
209.6862|(774.9, 132.0)
209.7029|(774.6, 131.9)
209.7197|(776.0, 131.9)
209.7364|(777.0, 132.5)
209.7531|(778.0, 134.4)
209.7696|(780.5, 142.9)
209.7863|(780.1, 144.6)
209.8031|(778.2, 145.0)
209.8198|(775.5, 147.8)
209.8365|(758.2, 160.5)
209.8531|(755.8, 162.4)
209.87|(754.0, 164.2)
209.8866|(738.1, 179.5)
209.9033|(740.8, 177.3)
209.9198|(725.7, 190.8)
209.9366|(717.2, 200.1)
209.9533|(714.8, 203.6)
209.9867|(714.6, 205.3)
210.0034|(715.2, 204.4)
210.0201|(715.0, 202.8)
210.0367|(714.6, 200.6)
210.0535|(715.0, 196.7)
210.0703|(718.5, 191.7)
210.0871|(721.2, 191.4)
210.1203|(721.5, 193.4)
210.137|(720.1, 195.2)
210.1538|(720.2, 195.9)
210.1704|(720.2, 195.6)
210.187|(717.8, 198.6)
210.2037|(717.1, 198.8)
210.2206|(719.1, 196.6)
210.2539|(719.3, 202.1)
210.2706|(718.4, 206.4)
210.2875|(715.2, 205.3)
210.3039|(715.9, 204.8)
210.3205|(714.1, 196.7)
210.3373|(709.5, 191.1)
210.3541|(702.3, 189.3)
210.3707|(694.5, 187.6)
210.3873|(689.8, 186.7)
210.4041|(674.4, 187.1)
210.4375|(661.0, 185.1)
210.4541|(660.0, 183.1)
210.4709|(661.5, 181.3)
210.4876|(660.2, 181.4)
210.5043|(662.5, 180.7)
210.5376|(687.7, 181.5)
210.5543|(866.8, 174.2)
210.5877|(872.1, 174.4)
210.6044|(894.2, 184.0)
210.621|(894.2, 184.8)
210.6379|(894.7, 184.5)
210.6546|(893.4, 199.5)
210.6714|(892.6, 200.2)
210.7045|(894.9, 198.7)
210.738|(908.8, 206.1)
210.7546|(906.1, 203.1)
210.7714|(908.6, 201.7)
210.7881|(918.9, 186.4)
210.8047|(920.9, 184.8)
210.8215|(922.3, 183.7)
210.8381|(925.5, 182.2)
210.8549|(929.5, 172.4)
210.8884|(928.7, 171.8)
210.905|(853.3, 155.6)
210.9216|(722.4, 128.2)
210.9382|(731.3, 131.1)
210.9549|(722.4, 130.5)
210.9718|(645.8, 112.5)
210.9883|(644.1, 116.7)
211.0051|(646.2, 114.3)
211.0385|(647.6, 125.5)
211.0551|(652.4, 132.5)
211.0719|(659.9, 141.9)
211.0887|(659.1, 139.8)
211.4057|(713.1, 113.7)
211.4224|(721.2, 130.7)
211.4391|(713.1, 112.1)
211.4557|(710.0, 113.3)
211.4893|(709.6, 107.7)
211.5059|(708.5, 120.4)
211.5228|(708.2, 115.6)
211.5393|(708.9, 124.4)
211.5561|(700.8, 144.8)
211.5727|(700.4, 145.2)
211.5894|(700.4, 147.7)
211.6061|(701.7, 150.7)
211.6395|(707.9, 149.1)
211.6562|(707.8, 150.0)
211.6729|(708.0, 151.2)
211.6895|(709.0, 153.4)
211.7064|(711.2, 154.1)
211.7396|(713.3, 154.8)
211.7565|(713.3, 156.7)
211.7897|(712.3, 160.0)
211.8064|(712.4, 162.1)
211.8398|(713.6, 161.3)
211.8564|(714.2, 160.0)
211.89|(714.1, 160.9)
211.9066|(712.7, 164.0)
211.94|(733.3, 131.5)
212.157|(749.5, 123.2)
212.1905|(756.3, 91.3)
212.2069|(756.4, 94.1)
212.2406|(756.1, 99.8)
212.257|(749.5, 130.0)
212.2907|(758.4, 140.7)
212.3073|(763.2, 140.4)
212.3408|(764.6, 169.1)
212.3573|(773.3, 181.6)
212.3908|(767.6, 186.4)
212.4076|(770.4, 189.1)
212.4243|(775.3, 188.6)
212.4407|(763.9, 194.1)
212.4576|(762.3, 195.1)
212.4743|(750.0, 197.4)
212.4909|(747.9, 198.0)
212.5076|(747.6, 195.4)
212.541|(748.7, 197.5)
212.5577|(755.0, 200.8)
212.5742|(758.3, 201.8)
212.5911|(762.3, 197.6)
212.6077|(760.9, 202.1)
212.6244|(762.0, 203.4)
212.6413|(761.5, 204.1)
212.6578|(762.7, 205.5)
212.6912|(762.1, 206.9)
212.7081|(760.5, 208.2)
212.7414|(759.4, 204.5)
212.7747|(760.3, 205.1)
212.7913|(763.2, 207.2)
212.8415|(764.2, 208.5)
212.8582|(764.8, 206.2)
212.8749|(763.9, 205.9)
212.8916|(764.4, 206.0)
212.9083|(763.7, 207.5)
212.9249|(763.8, 206.6)
212.9417|(764.2, 203.7)
212.9584|(764.1, 202.3)
212.9916|(764.5, 196.2)
213.0085|(764.0, 195.9)
213.0251|(763.1, 195.9)
213.0419|(759.2, 197.3)
213.0587|(760.7, 195.4)
213.0751|(759.5, 194.9)
213.0919|(760.6, 189.0)
213.1086|(761.3, 188.1)
213.1421|(764.5, 188.5)
213.1588|(763.7, 188.3)
213.1754|(765.3, 193.5)
213.1921|(763.5, 195.2)
213.2086|(760.4, 196.2)
213.226|(760.5, 195.1)
213.2422|(761.0, 194.7)
213.2589|(761.2, 194.8)
213.2923|(762.2, 195.7)
213.3089|(764.3, 197.9)
213.3256|(764.0, 200.6)
213.3425|(765.2, 202.7)
213.3591|(764.5, 204.5)
213.3758|(763.2, 203.6)
213.3923|(759.9, 199.7)
213.4091|(760.4, 198.7)
213.4424|(760.9, 198.4)
213.4593|(762.1, 199.4)
213.476|(759.4, 196.5)
213.4926|(756.1, 196.7)
213.5092|(750.4, 195.2)
213.5259|(745.8, 188.3)
213.5425|(706.2, 195.8)
213.5593|(689.8, 199.8)
213.5929|(694.5, 196.9)
213.6094|(685.3, 210.1)
213.6262|(679.2, 209.8)
213.6428|(679.4, 213.5)
213.6595|(679.5, 218.3)
213.6762|(681.0, 221.2)
213.6928|(681.6, 221.8)
213.7096|(682.6, 224.0)
213.7429|(682.6, 220.6)
213.7597|(683.3, 222.1)
213.7764|(690.4, 226.2)
213.8098|(687.6, 224.6)
213.8265|(687.5, 224.9)
213.8432|(711.8, 260.1)
213.8598|(744.7, 347.1)
213.8934|(736.0, 322.9)
213.9099|(751.9, 371.2)
213.9266|(755.1, 387.4)
213.9434|(776.7, 470.3)
213.9601|(775.1, 463.5)
213.9767|(775.8, 471.7)
213.9933|(774.9, 473.7)
214.0102|(775.1, 477.1)
214.0436|(773.1, 481.0)
214.0601|(773.1, 484.5)
214.077|(773.6, 486.6)
214.0935|(776.4, 484.6)
214.1102|(776.2, 484.6)
214.127|(775.6, 479.8)
214.1438|(774.0, 476.0)
214.1606|(772.9, 470.7)
214.1938|(772.0, 469.3)
214.2104|(773.9, 473.3)
214.2271|(776.4, 480.7)
214.2437|(777.9, 484.0)
214.2608|(777.1, 482.6)
214.2772|(776.0, 481.3)
214.294|(775.2, 480.3)
214.3106|(774.5, 480.7)
214.344|(773.6, 478.2)
214.3609|(780.4, 484.0)
214.394|(779.9, 492.8)
214.411|(774.6, 487.9)
214.4274|(754.8, 460.8)
214.4441|(748.9, 451.4)
214.4608|(745.6, 446.8)
214.4941|(722.2, 411.7)
214.5109|(721.2, 411.5)
214.5276|(720.0, 405.2)
214.5443|(718.3, 402.7)
214.5611|(716.3, 391.4)
214.5778|(717.7, 393.3)
214.5943|(718.1, 394.6)
214.6109|(719.0, 395.6)
214.6446|(719.6, 396.6)
214.6613|(719.8, 392.9)
214.6778|(720.6, 392.1)
214.6945|(719.0, 392.5)
214.7114|(719.3, 392.1)
214.7279|(719.2, 392.3)
214.7447|(719.5, 392.4)
214.7614|(719.2, 392.4)
214.7948|(718.7, 393.6)
214.8114|(719.9, 394.5)
214.8448|(719.5, 398.2)
214.8614|(720.1, 395.3)
214.8783|(720.2, 395.4)
214.8948|(721.7, 398.1)
214.9117|(722.5, 400.9)
214.9451|(723.5, 409.4)
214.9617|(721.9, 409.6)
214.9784|(721.6, 411.9)
214.9952|(726.9, 402.4)
215.1287|(732.6, 124.7)
215.162|(622.4, 179.4)
215.1788|(663.6, 285.7)
215.1953|(643.9, 233.5)
215.2122|(642.4, 230.7)
215.2455|(691.7, 378.9)
215.2622|(696.4, 397.0)
215.2787|(696.8, 404.0)
215.2958|(696.9, 404.6)
215.3123|(696.9, 403.3)
215.3289|(701.3, 412.8)
215.3456|(703.8, 414.5)
215.3625|(706.9, 414.2)
215.3957|(705.4, 418.2)
215.4292|(705.6, 419.6)
215.4461|(705.6, 417.7)
215.4626|(706.2, 417.9)
215.4792|(705.7, 419.3)
215.496|(705.5, 418.3)
215.5126|(702.8, 415.5)
215.5459|(703.9, 417.3)
215.5627|(702.3, 423.9)
215.5794|(704.5, 431.0)
215.5961|(707.0, 436.8)
215.6129|(701.1, 428.6)
215.6294|(701.1, 427.7)
215.6462|(702.7, 427.7)
215.663|(703.6, 429.5)
215.6964|(701.7, 433.8)
215.713|(693.6, 423.2)
215.7296|(697.8, 427.9)
215.7463|(699.1, 431.3)
215.7631|(698.8, 432.5)
215.7798|(699.1, 435.1)
215.7964|(699.8, 434.3)
215.8132|(697.3, 432.3)
215.8466|(699.3, 430.0)
215.8799|(700.7, 431.2)
215.8965|(707.0, 437.8)
215.9132|(706.9, 455.2)
215.9299|(706.9, 462.0)
215.9467|(705.7, 475.7)
215.9634|(708.9, 497.3)
215.9967|(709.5, 498.8)
216.0134|(710.1, 504.0)
216.0302|(710.7, 502.1)
216.0466|(712.1, 498.3)
216.0634|(712.9, 498.8)
216.0802|(713.1, 499.9)
216.0969|(711.3, 499.4)
216.1136|(710.2, 499.3)
216.147|(709.3, 497.7)
216.1637|(706.5, 497.9)
216.1803|(708.1, 505.1)
216.1969|(713.3, 512.2)
216.2137|(714.2, 513.4)
216.2305|(714.5, 514.4)
216.2473|(718.4, 524.7)
216.2639|(719.9, 527.5)
216.2973|(719.8, 530.2)
216.3138|(720.7, 530.2)
216.3307|(726.7, 523.2)
216.3473|(725.8, 523.7)
216.364|(727.4, 522.6)
216.3808|(726.8, 524.0)
216.3974|(726.1, 524.7)
216.4141|(725.5, 525.4)
216.4475|(725.2, 526.4)
216.4642|(724.2, 531.1)
216.4809|(724.2, 530.2)
216.4975|(723.9, 530.4)
216.5142|(721.5, 526.1)
216.5311|(718.9, 526.2)
216.5477|(709.2, 523.2)
216.5644|(703.8, 511.3)
216.5979|(702.5, 513.9)
216.6144|(692.1, 490.4)
216.631|(694.6, 492.4)
216.6478|(693.5, 490.1)
216.6644|(692.9, 488.5)
216.6813|(689.8, 482.4)
216.6981|(693.1, 478.9)
216.7145|(685.0, 475.2)
216.748|(747.6, 313.2)
216.7646|(762.4, 271.6)
216.7814|(762.8, 263.5)
216.7979|(766.8, 246.4)
216.8148|(762.2, 236.7)
216.8315|(761.5, 233.4)
216.8482|(759.9, 233.6)
216.865|(759.3, 232.4)
216.8816|(757.6, 232.4)
216.9151|(760.5, 235.3)
216.9316|(758.5, 237.5)
216.9483|(757.2, 239.3)
216.9651|(756.5, 240.3)
216.9817|(757.2, 241.0)
216.9984|(755.4, 242.6)
217.0152|(754.9, 243.5)
217.0485|(755.6, 247.0)
217.0654|(755.2, 248.2)
217.0817|(754.5, 248.4)
217.0986|(761.7, 247.6)
217.1152|(762.0, 246.7)
217.132|(757.6, 246.4)
217.1488|(758.3, 236.6)
217.1653|(757.2, 232.2)
217.1988|(743.4, 176.4)
217.2153|(732.3, 148.1)
217.2321|(731.1, 143.9)
217.2488|(727.8, 143.9)
217.2655|(725.2, 145.3)
217.2824|(724.8, 145.5)
217.299|(726.5, 147.1)
217.3158|(725.6, 146.9)
217.3324|(724.9, 146.0)
217.3491|(730.7, 145.2)
217.3658|(733.4, 150.1)
217.3823|(733.3, 150.8)
217.399|(735.5, 151.9)
217.4157|(736.5, 152.2)
217.4325|(743.7, 158.2)
217.4492|(745.1, 159.3)
217.4659|(747.0, 161.5)
217.4994|(749.6, 170.8)
217.516|(753.4, 172.9)
217.5325|(751.8, 170.1)
217.5493|(755.0, 169.6)
217.566|(755.8, 170.4)
217.5828|(756.1, 171.1)
217.5996|(755.0, 172.6)
217.616|(752.3, 172.1)
217.6494|(732.3, 166.3)
217.6663|(724.0, 166.4)
217.6829|(720.0, 167.9)
217.6995|(718.3, 168.4)
217.7163|(716.4, 166.6)
217.733|(716.5, 166.5)
217.7495|(716.9, 166.2)
217.7663|(717.9, 167.0)
217.7831|(718.4, 166.6)
217.7997|(720.3, 167.9)
217.8164|(718.5, 167.3)
217.8331|(716.0, 167.4)
217.8499|(713.5, 168.7)
217.8665|(711.2, 169.9)
217.8832|(706.5, 173.0)
217.9001|(705.5, 174.2)
217.9167|(705.3, 173.8)
217.95|(696.6, 174.0)
217.9666|(695.0, 172.8)
217.9833|(694.4, 173.5)
218|(694.4, 173.3)
218.0166|(694.5, 172.5)
218.0336|(693.5, 168.9)
218.0502|(697.2, 167.9)
218.0671|(696.1, 167.9)
218.1002|(699.7, 166.1)
218.117|(700.1, 166.0)
218.1336|(702.6, 161.7)
218.1505|(702.6, 161.6)
218.1671|(703.6, 162.5)
218.1839|(706.4, 163.3)
218.2004|(707.8, 163.4)
218.217|(715.8, 165.1)
218.2338|(721.2, 166.5)
218.2505|(723.6, 166.1)
218.2672|(721.7, 166.4)
218.2839|(723.6, 172.5)
218.3006|(722.4, 174.2)
218.3174|(722.7, 173.9)
218.334|(729.5, 170.9)
218.3508|(765.4, 165.2)
218.3674|(788.0, 162.7)
218.4007|(794.3, 162.7)
218.4173|(808.9, 165.8)
218.4341|(807.0, 174.9)
218.4508|(806.1, 173.9)
218.4676|(807.1, 175.6)
218.4843|(807.0, 172.8)
218.5009|(803.6, 165.6)
218.551|(803.2, 162.4)
218.5677|(802.3, 160.1)
218.5844|(802.4, 160.9)
218.6012|(802.5, 163.5)
218.6179|(802.5, 168.7)
218.6344|(802.2, 166.8)
218.6512|(803.9, 169.1)
218.6678|(810.2, 169.3)
218.6846|(811.5, 167.6)
218.7013|(808.7, 165.3)
218.7346|(801.5, 163.5)
218.7514|(780.1, 161.5)
218.7681|(734.2, 161.1)
218.7846|(738.1, 163.4)
218.8014|(725.5, 166.6)
218.8181|(706.8, 169.8)
218.8348|(705.8, 171.2)
218.8517|(704.9, 170.2)
218.8682|(706.9, 168.3)
218.8849|(710.4, 169.0)
218.9016|(711.4, 170.0)
218.9183|(710.7, 170.5)
218.935|(710.8, 170.7)
218.9518|(709.8, 171.6)
219.0018|(704.5, 184.1)
219.0187|(702.1, 188.0)
219.0352|(698.1, 189.0)
219.0521|(696.7, 190.3)
219.0684|(695.3, 191.8)
219.0854|(693.7, 194.1)
219.102|(693.5, 194.1)
219.1185|(691.9, 197.4)
219.1353|(696.9, 200.0)
219.152|(696.1, 197.7)
219.1687|(694.3, 195.8)
219.1853|(691.4, 195.7)
219.2022|(690.6, 194.9)
219.2189|(687.9, 192.9)
219.2355|(687.7, 194.2)
219.2521|(687.9, 194.2)
219.269|(689.8, 188.0)
219.2856|(690.8, 186.9)
219.3023|(689.8, 187.9)
219.3189|(676.3, 148.8)
219.3355|(668.8, 124.7)
219.3524|(666.7, 120.4)
219.3691|(661.5, 107.7)
219.3858|(659.0, 103.9)
219.4025|(659.8, 103.6)
219.4358|(658.5, 105.3)
219.4523|(659.0, 104.3)
219.4692|(659.6, 119.5)
219.486|(660.2, 120.0)
219.5027|(662.2, 122.4)
219.5359|(671.3, 117.4)
219.5862|(676.4, 113.0)
219.6194|(683.5, 117.6)
219.6363|(700.2, 132.9)
219.653|(701.8, 132.0)
219.6696|(707.0, 134.0)
219.6862|(710.3, 138.8)
219.7029|(713.4, 141.8)
219.7197|(718.1, 148.2)
219.7363|(714.4, 144.1)
219.753|(716.6, 146.9)
219.7697|(715.3, 137.4)
219.7863|(717.8, 128.6)
219.8031|(788.3, 125.9)
219.8197|(796.5, 123.5)
219.8365|(802.9, 123.4)
219.8531|(826.1, 126.3)
219.8867|(828.3, 125.9)
219.9033|(830.8, 128.1)
219.9199|(831.0, 127.0)
219.9366|(830.4, 126.7)
219.9534|(829.9, 127.4)
219.9701|(828.5, 126.3)
219.9868|(829.5, 128.6)
220.0203|(829.9, 128.9)
220.037|(839.5, 127.3)
220.0535|(852.4, 123.6)
220.0869|(875.7, 127.0)
220.1036|(884.9, 131.3)
220.1203|(894.7, 130.3)
220.1536|(902.4, 122.4)
220.1871|(906.0, 120.2)
220.2038|(905.2, 119.1)
220.2205|(906.5, 116.3)
220.2373|(906.2, 117.7)
220.2539|(907.0, 116.6)
220.2705|(906.0, 115.9)
220.2871|(905.9, 116.3)
220.304|(903.8, 115.5)
220.3377|(902.3, 108.4)
220.354|(869.5, 116.7)
220.3708|(805.9, 131.4)
220.3874|(809.1, 129.3)
220.404|(804.2, 129.6)
220.4208|(756.6, 137.6)
220.4374|(749.9, 149.7)
220.4541|(755.4, 134.6)
220.4877|(755.7, 134.4)
220.5043|(748.5, 135.2)
220.5209|(750.8, 140.9)
220.5378|(754.1, 146.3)
220.5544|(755.5, 147.1)
220.5713|(760.1, 154.9)
220.6044|(762.3, 159.3)
220.6379|(754.1, 158.9)
220.6545|(753.0, 153.5)
220.6712|(743.3, 150.9)
220.6879|(706.3, 139.9)
220.7048|(707.6, 140.0)
220.7213|(704.2, 140.0)
220.738|(703.1, 139.6)
220.7548|(704.7, 133.9)
220.7881|(706.3, 132.5)
220.8048|(706.2, 132.2)
220.8214|(706.0, 134.4)
220.8383|(705.0, 131.5)
220.8548|(705.0, 131.8)
220.8716|(704.2, 132.1)
220.8882|(706.7, 141.4)
220.9049|(708.0, 146.1)
220.9382|(710.5, 150.3)
220.9551|(710.7, 150.1)
220.9718|(703.0, 148.2)
220.9884|(699.4, 150.5)
221.0052|(701.4, 148.9)
221.0217|(702.4, 145.7)
221.0553|(703.0, 148.1)
221.0885|(713.2, 141.5)
221.1052|(712.0, 143.1)
221.122|(807.8, 128.4)
221.1387|(826.5, 128.2)
221.1554|(828.1, 128.9)
221.1887|(831.9, 130.1)
221.2056|(835.6, 137.9)
221.2388|(837.3, 137.7)
221.2554|(837.2, 137.5)
221.2723|(842.0, 133.2)
221.289|(843.8, 138.9)
221.3055|(844.0, 144.2)
221.3222|(844.1, 148.2)
221.339|(845.3, 149.2)
221.3556|(847.1, 149.8)
221.3892|(849.7, 150.5)
221.4057|(850.9, 156.1)
221.4226|(842.7, 163.8)
221.4392|(832.0, 169.0)
221.4559|(825.5, 172.3)
221.4726|(824.7, 168.3)
221.4891|(825.1, 166.9)
221.506|(823.0, 168.0)
221.5394|(816.5, 173.1)
221.5561|(820.3, 168.5)
221.5729|(820.4, 166.3)
221.5893|(819.7, 166.0)
221.6062|(820.6, 163.7)
221.6396|(821.6, 162.7)
221.6561|(819.9, 162.6)
221.6895|(815.1, 163.1)
221.7064|(811.2, 163.4)
221.723|(794.2, 163.8)
221.7398|(773.4, 164.7)
221.7564|(756.9, 158.0)
221.7731|(754.2, 159.5)
221.7897|(754.3, 159.0)
221.8063|(754.2, 160.1)
221.84|(754.8, 159.5)
221.8566|(758.2, 162.7)
221.8733|(759.7, 162.8)
221.8899|(762.8, 161.1)
221.9067|(772.4, 158.2)
221.9232|(788.1, 160.7)
221.94|(790.2, 160.5)
221.9565|(792.4, 162.9)
221.99|(794.2, 161.8)
222.0069|(792.3, 163.4)
222.0234|(792.3, 163.5)
222.0402|(792.8, 164.4)
222.0568|(793.1, 163.2)
222.0905|(801.2, 165.0)
222.1069|(802.6, 162.4)
222.1403|(803.2, 163.8)
222.157|(803.4, 163.0)
222.1738|(811.3, 163.4)
222.1905|(834.6, 157.0)
222.2237|(837.8, 162.7)
222.2406|(833.5, 166.1)
222.2571|(833.3, 166.6)
222.2905|(835.6, 167.4)
222.3075|(839.1, 163.9)
222.3241|(840.9, 165.8)
222.3406|(842.5, 166.9)
222.3573|(851.2, 165.4)
222.374|(867.1, 157.5)
222.3907|(867.5, 160.4)
222.4074|(874.0, 153.8)
222.4408|(881.8, 150.1)
222.4577|(884.3, 163.6)
222.4743|(886.7, 167.9)
222.491|(887.1, 169.5)
222.5075|(878.9, 202.1)
222.5243|(852.1, 306.8)
222.5409|(818.8, 536.2)
222.5576|(810.1, 693.0)
222.591|(798.4, 813.5)
222.6079|(797.0, 807.8)
222.6245|(793.9, 789.2)
222.6413|(798.5, 811.2)
222.6746|(799.7, 823.1)
222.6911|(794.0, 830.5)
222.708|(791.1, 833.8)
222.7413|(779.5, 817.5)
222.7581|(740.1, 739.1)
222.7747|(741.5, 742.4)
222.7914|(735.5, 733.1)
222.8081|(725.9, 711.1)
222.8247|(718.2, 705.3)
222.8414|(715.7, 701.5)
222.8582|(717.0, 698.5)
222.8915|(714.5, 696.2)
222.9082|(713.7, 696.0)
222.9249|(710.5, 693.8)
222.9415|(708.9, 692.7)
222.9583|(707.2, 683.8)
222.9751|(707.0, 683.6)
222.9916|(708.7, 683.5)
223.0086|(713.3, 684.0)
223.0419|(716.0, 683.0)
223.0585|(717.9, 685.1)
223.0753|(730.6, 845.6)
223.0919|(733.1, 914.5)
223.1086|(732.7, 952.3)
223.1256|(733.4, 953.1)
223.142|(734.3, 953.4)
223.1587|(732.9, 954.8)
223.192|(737.8, 953.0)
223.2088|(739.3, 953.9)
223.2256|(743.7, 959.5)
223.2423|(737.4, 942.6)
223.2589|(737.7, 933.3)
223.2757|(737.6, 929.3)
223.2922|(720.1, 876.1)
223.3089|(722.7, 882.9)
223.3423|(715.9, 860.5)
223.3591|(714.9, 857.8)
223.3757|(710.8, 841.7)
223.3924|(707.6, 836.8)
223.4091|(705.4, 829.6)
223.4258|(704.8, 834.9)
223.4425|(703.5, 835.2)
223.4593|(706.1, 831.7)
223.4927|(704.6, 832.7)
223.5092|(704.0, 831.5)
223.5261|(704.5, 824.8)
223.5426|(705.9, 837.8)
223.5593|(701.9, 874.3)
223.576|(702.0, 878.9)
223.5926|(702.8, 886.2)
223.6093|(702.8, 895.3)
223.6428|(704.8, 894.5)
223.6596|(707.0, 895.8)
223.6763|(707.5, 896.1)
223.7097|(705.2, 893.8)
223.7262|(701.1, 896.7)
223.743|(702.1, 901.9)
223.7596|(711.0, 998.5)
223.7931|(711.7, 1002.7)
223.8099|(712.9, 1009.7)
223.8266|(712.2, 1009.2)
223.8432|(705.8, 1001.1)
223.86|(708.9, 1003.4)
223.8765|(707.2, 1003.7)
223.8933|(706.3, 1004.7)
223.91|(704.7, 1006.0)
223.9433|(704.1, 1007.7)
223.96|(704.1, 1007.9)
223.9766|(704.3, 1007.1)
223.9934|(687.5, 1014.9)
224.01|(684.5, 1021.7)
224.0267|(688.0, 1020.6)
224.0437|(685.8, 1015.1)
224.0602|(686.2, 1012.7)
224.0937|(689.0, 994.3)
224.1103|(689.4, 1006.5)
224.1268|(693.4, 997.6)
224.1437|(712.1, 1013.2)
224.1605|(718.1, 1001.2)
224.177|(733.5, 992.9)
224.1936|(740.3, 1005.2)
224.2104|(742.5, 1003.0)
224.2438|(749.7, 1001.9)
224.2606|(753.9, 999.5)
224.2939|(751.0, 1002.0)
224.3106|(748.5, 997.4)
224.3272|(749.4, 995.7)
224.344|(751.6, 994.8)
224.3607|(754.6, 992.6)
224.3941|(758.8, 998.1)
224.4108|(759.6, 1000.6)
224.4274|(758.7, 1006.0)
224.4443|(752.9, 1007.3)
224.4607|(751.9, 1007.9)
224.4774|(751.9, 1007.8)
224.4942|(752.4, 1008.1)
224.5109|(752.0, 1006.7)
224.5444|(750.9, 1007.0)
224.561|(749.7, 1007.8)
224.5778|(743.3, 1019.8)
224.5945|(743.1, 1001.7)
224.6111|(733.1, 839.7)
224.6277|(732.7, 789.1)
224.6444|(729.7, 710.5)
224.6612|(729.0, 664.8)
224.6946|(726.7, 601.8)
224.7115|(723.4, 603.6)
224.7448|(718.7, 624.0)
224.7614|(724.4, 639.8)
224.7779|(739.9, 696.8)
224.7948|(742.0, 706.6)
224.8114|(740.0, 701.0)
224.8448|(750.5, 751.8)
224.8616|(751.7, 753.8)
224.8782|(768.5, 863.8)
224.895|(767.8, 859.3)
224.9115|(769.6, 870.0)
224.9282|(769.6, 867.9)
224.945|(770.1, 862.3)
224.9617|(770.5, 854.2)
224.995|(768.8, 860.8)
225.0117|(763.9, 852.2)
225.0286|(762.7, 857.2)
225.0451|(761.3, 857.7)
225.0618|(761.8, 857.6)
225.0785|(762.4, 861.9)
225.0953|(763.4, 862.9)
225.1121|(765.8, 864.5)
225.1453|(774.9, 866.0)
225.1621|(779.9, 866.9)
225.1787|(863.6, 866.5)
225.1955|(868.6, 865.0)
225.2119|(870.6, 864.7)
225.2288|(872.6, 864.1)
225.2455|(873.2, 863.9)
225.2623|(872.1, 864.0)
225.2957|(867.6, 862.8)
225.329|(875.7, 867.1)
225.3456|(875.5, 867.6)
225.3623|(876.7, 869.6)
225.379|(876.2, 868.9)
225.3958|(868.0, 864.1)
225.4126|(864.8, 851.0)
225.4459|(840.9, 785.9)
225.4625|(829.7, 751.8)
225.4792|(805.8, 672.9)
225.4959|(781.9, 598.2)
225.5126|(781.3, 598.7)
225.5292|(781.7, 599.4)
225.546|(779.6, 600.6)
225.5626|(778.9, 603.5)
225.5961|(778.6, 609.2)
225.6128|(723.4, 683.6)
225.6293|(712.8, 692.3)
225.6463|(711.3, 694.6)
225.6628|(709.0, 694.4)
225.6795|(705.0, 695.0)
225.6962|(705.4, 694.9)
225.713|(703.7, 691.7)
225.7464|(703.5, 690.1)
225.7799|(703.5, 689.8)
225.7964|(703.0, 689.6)
225.8132|(708.3, 659.7)
225.8299|(722.5, 592.9)
225.8466|(726.4, 572.1)
225.8633|(731.7, 546.5)
225.8966|(732.3, 545.7)
225.9133|(735.2, 545.6)
225.9302|(734.3, 545.7)
225.9466|(728.1, 554.5)
225.9634|(727.6, 555.2)
225.9801|(728.7, 559.7)
225.997|(728.0, 562.4)
226.0135|(730.0, 566.5)
226.0468|(739.7, 577.2)
226.0634|(739.9, 579.3)
226.0802|(741.4, 582.8)
226.097|(742.1, 581.2)
226.1136|(742.7, 581.1)
226.1304|(735.5, 584.7)
226.147|(732.7, 589.8)
226.1636|(732.7, 589.4)
226.1971|(733.8, 584.0)
226.2136|(797.7, 344.9)
226.2306|(828.2, 211.6)
226.2471|(834.0, 176.5)
226.2639|(846.5, 113.9)
226.2806|(846.3, 115.5)
226.2975|(846.3, 117.0)
226.3142|(845.1, 116.3)
226.3474|(845.2, 117.4)
226.364|(844.2, 118.1)
226.3809|(842.7, 118.9)
226.3973|(845.8, 127.1)
226.4142|(860.9, 149.2)
226.4307|(863.8, 153.9)
226.4476|(857.5, 157.5)
226.4642|(860.2, 158.1)
226.4976|(860.1, 165.1)
226.5142|(857.3, 164.8)
226.5309|(854.0, 165.7)
226.5476|(855.4, 164.3)
226.5644|(853.8, 163.5)
226.581|(853.6, 163.2)
226.5978|(852.4, 164.0)
226.6143|(839.8, 165.5)
226.6478|(823.7, 164.4)
226.6645|(811.0, 163.6)
226.6812|(804.9, 165.8)
226.6978|(804.2, 166.2)
226.7147|(803.5, 166.2)
226.7312|(802.7, 166.5)
226.7481|(803.5, 167.7)
226.7647|(801.7, 171.9)
226.7814|(801.8, 170.8)
226.8148|(801.3, 173.0)
226.8314|(798.9, 167.9)
226.8482|(789.8, 169.8)
226.8649|(770.1, 176.7)
226.8815|(750.4, 182.0)
226.8981|(737.3, 185.3)
226.915|(723.6, 189.7)
226.9483|(706.9, 194.3)
226.9651|(703.4, 197.1)
226.9818|(712.7, 203.2)
226.9985|(712.1, 201.6)
227.0151|(711.2, 201.3)
227.032|(711.1, 201.6)
227.0485|(709.4, 199.4)
227.0652|(710.0, 198.0)
227.0986|(708.2, 193.7)
227.1153|(707.9, 192.1)
227.1319|(707.5, 193.1)
227.1488|(707.3, 193.9)
227.1655|(708.1, 195.6)
227.1821|(708.2, 195.5)
227.1987|(710.0, 196.0)
227.2157|(710.5, 196.3)
227.2322|(710.9, 196.2)
227.2488|(711.2, 196.7)
227.2657|(710.7, 197.5)
227.2823|(709.9, 197.7)
227.2988|(705.4, 189.4)
227.3154|(706.1, 189.0)
227.3323|(706.1, 191.8)
227.349|(704.1, 193.9)
227.3658|(703.3, 193.7)
227.3991|(717.7, 203.7)
227.416|(707.7, 197.1)
227.4323|(711.8, 197.2)
227.4492|(712.1, 197.1)
227.4658|(717.5, 199.8)
227.4825|(723.2, 196.0)
227.4993|(730.8, 196.5)
227.516|(753.1, 198.5)
227.5493|(777.0, 198.6)
227.5661|(823.6, 198.0)
227.5827|(824.5, 197.3)
227.5994|(824.4, 196.3)
227.6162|(825.9, 196.3)
227.6328|(823.5, 196.5)
227.6495|(822.4, 196.5)
227.6663|(819.2, 197.3)
227.6829|(813.8, 203.3)
227.6995|(812.2, 202.8)
227.7163|(811.8, 203.3)
227.733|(808.1, 205.4)
227.7496|(807.1, 204.6)
227.7663|(804.1, 203.0)
227.7833|(803.9, 202.8)
227.8164|(801.0, 200.3)
227.8499|(802.1, 197.1)
227.8665|(803.8, 197.2)
227.8831|(804.6, 201.6)
227.8999|(802.9, 205.1)
227.9167|(803.3, 205.9)
227.9333|(802.8, 207.9)
227.95|(804.5, 210.2)
228.0001|(806.4, 211.9)
228.0166|(806.7, 210.9)
228.0334|(806.8, 209.5)
228.0503|(805.6, 208.0)
228.067|(805.1, 205.8)
228.0836|(806.1, 204.2)
228.1003|(806.7, 205.4)
228.1169|(807.9, 207.2)
228.1336|(808.6, 207.9)
228.1503|(809.9, 209.0)
228.1671|(810.8, 209.9)
228.1838|(813.0, 215.7)
228.2005|(813.7, 217.1)
228.2173|(805.8, 209.7)
228.2338|(804.4, 207.3)
228.2505|(804.0, 206.7)
228.2672|(805.2, 204.9)
228.3006|(805.3, 204.9)
228.3173|(807.4, 205.9)
228.334|(809.1, 207.4)
228.3507|(813.7, 207.1)
228.3674|(837.3, 204.5)
228.3842|(841.0, 204.0)
228.401|(850.2, 204.3)
228.451|(853.3, 203.6)
228.4675|(854.1, 202.6)
228.4843|(853.9, 202.6)
228.5009|(853.5, 202.2)
228.5176|(853.9, 200.5)
228.5343|(849.7, 198.0)
228.551|(841.6, 198.0)
228.5678|(823.1, 198.1)
228.5844|(815.3, 198.9)
228.601|(777.6, 204.6)
228.6178|(753.0, 212.2)
228.6347|(751.4, 214.4)
228.668|(751.1, 217.4)
228.6845|(751.2, 215.8)
228.7014|(741.4, 216.3)
228.7179|(698.0, 214.1)
228.7347|(692.1, 213.4)
228.7515|(685.9, 216.8)
228.7681|(678.3, 220.8)
228.7845|(664.9, 217.5)
228.8015|(666.2, 220.3)
228.8182|(671.2, 217.6)
228.8349|(671.7, 218.1)
228.8514|(667.3, 216.8)
228.8849|(669.4, 214.1)
228.9015|(666.0, 212.4)
228.9183|(646.3, 212.2)
228.9351|(646.1, 212.3)
228.9516|(644.8, 214.2)
228.9686|(644.2, 213.1)
228.9852|(645.1, 212.0)
229.0019|(648.7, 209.3)
229.0184|(651.4, 210.4)
229.0351|(651.7, 210.3)
229.0517|(650.5, 210.1)
229.0685|(649.7, 210.7)
229.0852|(647.1, 213.1)
229.102|(645.5, 214.1)
229.1187|(646.2, 213.5)
229.1353|(647.9, 211.8)
229.1519|(648.4, 211.6)
229.1687|(651.4, 207.9)
229.1854|(651.9, 213.9)
229.2021|(649.9, 213.3)
229.2189|(649.3, 214.6)
229.2353|(648.3, 214.3)
229.2522|(648.1, 213.6)
229.2688|(647.8, 212.6)
229.2857|(649.3, 209.4)
229.3023|(649.7, 208.0)
229.4359|(740.5, 621.1)
229.4692|(728.7, 591.2)
229.4859|(726.1, 591.8)
229.5026|(718.8, 607.7)
229.5192|(716.4, 603.8)
229.5361|(714.3, 600.3)
229.5527|(716.1, 599.2)
229.5695|(716.1, 601.8)
229.5861|(717.9, 606.0)
229.6027|(720.1, 609.2)
229.6195|(719.1, 609.4)
229.6363|(719.4, 610.6)
229.6529|(719.4, 611.0)
229.6695|(719.1, 610.8)
229.6862|(719.0, 610.1)
229.7028|(718.8, 608.6)
229.7197|(715.7, 597.6)
229.7363|(716.7, 598.4)
229.7531|(705.4, 568.0)
229.7865|(707.5, 563.6)
229.803|(706.2, 555.7)
229.8197|(705.6, 550.5)
229.8366|(710.6, 553.3)
229.8532|(710.7, 553.3)
229.8698|(711.5, 552.8)
229.8864|(711.9, 551.7)
229.9032|(712.3, 551.5)
229.9367|(713.6, 549.3)
229.9534|(713.4, 550.3)
229.97|(710.1, 547.1)
229.9867|(708.1, 548.9)
230.0036|(711.6, 567.6)
230.0203|(711.9, 576.7)
230.0535|(710.9, 584.8)
230.0702|(709.4, 589.3)
230.0869|(707.3, 588.7)
230.1036|(708.3, 590.0)
230.1203|(708.2, 589.1)
230.137|(710.0, 583.4)
230.1537|(711.6, 587.1)
230.1703|(712.1, 588.5)
230.1871|(711.6, 599.8)
230.2038|(712.4, 619.5)
230.2372|(712.7, 668.2)
230.2538|(714.2, 673.6)
230.2707|(713.8, 677.1)
230.2873|(712.8, 676.6)
230.3039|(710.8, 677.1)
230.3208|(709.1, 679.7)
230.3374|(713.2, 677.4)
230.3539|(713.6, 676.2)
230.3874|(711.6, 677.7)
230.4039|(709.7, 678.0)
230.4208|(710.1, 677.9)
230.4375|(709.7, 677.1)
230.4541|(708.9, 678.9)
230.471|(707.6, 678.8)
230.5043|(705.5, 672.6)
230.5376|(706.5, 587.8)
230.5543|(706.7, 538.4)
230.5712|(706.8, 513.1)
230.5878|(704.6, 473.0)
230.6045|(703.1, 471.9)
230.6212|(701.7, 473.9)
230.6378|(700.8, 472.8)
230.6545|(703.9, 471.5)
230.6878|(707.5, 475.8)
230.7046|(708.2, 476.5)
230.7213|(709.6, 479.3)
230.7381|(710.3, 481.8)
230.7547|(709.8, 481.3)
230.7712|(709.3, 483.1)
230.7881|(707.9, 479.8)
230.8047|(703.0, 472.1)
230.8382|(699.7, 444.5)
230.8548|(696.9, 425.2)
230.8717|(692.1, 391.0)
230.8882|(691.7, 389.4)
230.905|(692.6, 386.8)
230.9215|(696.5, 379.8)
230.9382|(697.1, 378.7)
230.9551|(694.5, 377.4)
230.9884|(698.1, 378.3)
231.005|(695.9, 374.3)
231.022|(695.1, 374.3)
231.0384|(691.9, 360.9)
231.0554|(748.4, 154.9)
231.0886|(750.3, 136.7)
231.1053|(750.8, 132.9)
231.1386|(746.4, 106.3)
231.1555|(745.8, 107.7)
231.172|(745.6, 110.2)
231.1889|(746.4, 110.9)
231.2054|(746.4, 109.9)
231.2221|(747.2, 109.8)
231.2388|(748.6, 105.9)
231.2557|(749.3, 106.0)
231.289|(743.0, 108.6)
231.3057|(722.7, 119.2)
231.3225|(708.1, 129.2)
231.3389|(703.1, 131.9)
231.3558|(697.5, 136.2)
231.3724|(693.3, 137.8)
231.3891|(692.9, 138.1)
231.4057|(693.3, 139.5)
231.4391|(693.5, 139.7)
231.456|(693.7, 140.5)
231.4725|(695.3, 141.7)
231.4894|(699.3, 143.0)
231.506|(700.6, 156.1)
231.5394|(754.1, 636.4)
231.5559|(766.6, 711.9)
231.5892|(772.1, 752.0)
231.606|(775.9, 757.2)
231.6228|(780.5, 755.4)
231.6396|(778.0, 753.3)
231.6563|(776.3, 750.1)
231.6897|(774.7, 749.7)
231.7063|(774.1, 743.0)
231.7397|(772.0, 744.8)
231.7563|(770.6, 747.8)
231.7729|(769.8, 748.8)
231.7898|(769.6, 745.5)
231.8064|(761.6, 739.0)
231.8231|(727.0, 680.6)
231.8399|(726.2, 679.5)
231.8565|(725.5, 677.7)
231.8899|(724.3, 673.2)
231.9066|(724.2, 672.2)
231.9233|(724.0, 671.5)
231.9401|(726.2, 669.7)
231.9566|(727.4, 675.1)
231.9733|(725.9, 680.7)
231.9902|(723.8, 690.8)
232.0066|(719.9, 708.0)
232.04|(719.6, 734.7)
232.0569|(720.6, 736.2)
232.0737|(721.8, 738.7)
232.0903|(720.4, 734.5)
232.1236|(714.7, 730.5)
232.1403|(714.8, 727.3)
232.157|(714.1, 725.3)
232.1905|(718.2, 728.6)
232.2072|(719.2, 727.9)
232.2238|(737.6, 722.8)
232.2404|(740.2, 722.7)
232.2573|(746.8, 715.4)
232.2737|(752.3, 715.3)
232.2905|(753.2, 717.5)
232.3073|(756.4, 721.8)
232.3407|(757.8, 723.3)
232.3574|(759.3, 725.3)
232.374|(759.7, 724.3)
232.3908|(759.3, 725.4)
232.4074|(777.7, 719.6)
232.4241|(843.0, 731.8)
232.4408|(842.5, 732.5)
232.4575|(847.5, 733.7)
232.4907|(877.8, 743.6)
232.5075|(877.7, 743.5)
232.5243|(875.2, 740.9)
232.541|(875.5, 740.5)
232.5744|(871.1, 743.2)
232.5911|(870.6, 743.3)
232.6078|(872.6, 743.4)
232.6412|(876.5, 743.1)
232.6579|(893.2, 741.8)
232.6747|(930.2, 739.4)
232.7079|(944.0, 737.5)
232.7248|(955.1, 733.4)
232.7413|(955.3, 731.7)
232.758|(956.6, 732.6)
232.7914|(957.6, 732.9)
232.8082|(956.8, 731.8)
232.8247|(950.4, 731.3)
232.8414|(932.3, 726.0)
232.8583|(737.6, 674.4)
232.8748|(708.0, 666.5)
232.8915|(690.8, 658.5)
232.9084|(680.8, 655.7)
232.9417|(679.1, 654.1)
232.9582|(679.1, 653.8)
232.9752|(678.5, 649.8)
232.9917|(673.7, 650.7)
233.0084|(673.5, 656.4)
233.0251|(673.9, 656.4)
233.0418|(675.7, 654.1)
233.0585|(673.7, 654.5)
233.0919|(674.9, 651.9)
233.1087|(676.0, 651.1)
233.1254|(678.3, 649.0)
233.1587|(677.8, 645.2)
233.1754|(677.1, 643.4)
233.192|(675.4, 645.8)
233.2088|(676.6, 659.2)
233.2421|(676.8, 668.8)
233.2588|(677.9, 677.3)
233.2756|(679.1, 682.2)
233.2922|(679.2, 688.0)
233.3089|(680.4, 689.7)
233.3256|(682.2, 688.6)
233.3423|(682.8, 686.6)
233.3589|(682.9, 684.1)
233.3925|(682.0, 682.2)
233.4091|(681.8, 681.8)
233.4258|(680.5, 680.4)
233.4424|(676.9, 679.4)
233.4592|(676.9, 677.9)
233.4758|(682.1, 674.6)
233.4924|(680.9, 675.4)
233.5093|(682.2, 673.6)
233.5427|(684.4, 671.6)
233.5595|(684.5, 671.6)
233.5761|(680.3, 672.0)
233.6094|(681.8, 678.8)
233.626|(704.0, 984.1)
233.6428|(704.8, 996.3)
233.6598|(705.3, 1002.3)
233.6928|(707.3, 1014.9)
233.7098|(711.9, 1022.3)
233.743|(710.1, 1028.7)
233.7599|(709.5, 1028.0)
233.7763|(706.9, 1028.8)
233.7931|(702.0, 1022.0)
233.8098|(705.5, 1015.9)
233.8432|(704.9, 1013.6)
233.8598|(703.7, 1013.3)
233.8932|(708.8, 1000.4)
233.9265|(710.4, 1003.9)
233.9432|(709.9, 1004.7)
233.9937|(708.4, 1005.2)
234.0103|(701.7, 1013.0)
234.0268|(696.7, 1011.8)
234.0434|(696.2, 1011.4)
234.0602|(698.4, 1011.8)
234.0768|(698.6, 1013.3)
234.0936|(700.7, 1016.5)
234.1104|(700.6, 1018.9)
234.1436|(726.9, 1148.2)
234.1604|(722.3, 1162.9)
234.1938|(731.0, 1199.5)
234.2104|(728.7, 1188.0)
234.2271|(731.6, 1195.9)
234.2438|(729.9, 1185.9)
234.2606|(731.4, 1188.7)
234.2939|(728.7, 1172.5)
234.3107|(727.0, 1156.0)
234.3273|(727.5, 1156.1)
234.3441|(726.4, 1147.1)
234.3606|(728.8, 1154.7)
234.3772|(729.8, 1161.3)
234.3942|(730.7, 1153.7)
234.411|(738.4, 1162.8)
234.4441|(732.6, 1146.2)
234.4609|(733.4, 1147.9)
234.4776|(732.7, 1144.5)
234.4942|(728.7, 1147.9)
234.5108|(728.6, 1146.4)
234.5276|(728.2, 1145.9)
234.5443|(723.7, 1137.4)
234.5612|(724.5, 1135.1)
234.5946|(733.3, 1158.6)
234.6111|(732.4, 1151.9)
234.6445|(733.7, 1148.5)
234.6611|(730.4, 1134.4)
234.6945|(728.0, 1119.9)
234.7113|(727.6, 1110.6)
234.7446|(721.5, 1106.2)
234.8616|(694.1, 828.9)
234.8948|(714.8, 854.5)
234.9283|(716.2, 846.0)
234.9617|(718.9, 841.1)
234.9785|(716.8, 844.3)
234.9952|(720.5, 830.2)
235.0118|(717.7, 836.2)
235.0453|(713.9, 831.3)
235.0618|(708.4, 839.6)
235.0786|(701.8, 839.8)
235.0952|(698.9, 838.1)
235.1118|(697.6, 846.0)
235.1287|(697.7, 882.1)
235.1452|(699.1, 903.8)
235.162|(701.4, 921.5)
235.1955|(705.3, 956.0)
235.2289|(719.6, 1028.1)
235.2456|(720.5, 1027.1)
235.2622|(719.4, 1024.3)
235.2789|(719.3, 1027.5)
235.2957|(714.9, 1030.2)
235.3123|(710.0, 1036.6)
235.3456|(708.2, 1045.8)
235.3624|(702.4, 1069.5)
235.3791|(700.9, 1078.2)
235.3958|(699.3, 1090.9)
235.4124|(697.7, 1095.7)
235.4294|(697.6, 1094.1)
235.4459|(697.8, 1086.4)
235.4624|(697.6, 1067.9)
235.496|(697.3, 1052.9)
235.5127|(692.2, 1032.2)
235.5292|(692.3, 1032.3)
235.546|(693.4, 1047.4)
235.5627|(698.7, 1040.3)
235.5793|(696.2, 1065.2)
235.5961|(698.7, 1022.5)
235.6128|(698.1, 762.1)
235.6463|(696.2, 628.7)
235.663|(697.1, 596.0)
235.6797|(699.0, 592.4)
235.6961|(701.1, 588.3)
235.7129|(701.6, 600.6)
235.7296|(703.5, 603.3)
235.7464|(704.8, 609.4)
235.763|(703.8, 610.8)
235.7966|(701.5, 611.0)
235.8131|(693.8, 623.4)
235.83|(691.2, 626.0)
235.8465|(685.3, 632.3)
235.8632|(685.2, 633.7)
235.8798|(685.0, 635.1)
235.8967|(687.5, 643.3)
235.9134|(687.9, 646.2)
235.9466|(688.4, 647.8)
235.9633|(717.0, 646.0)
235.98|(843.3, 643.4)
235.9967|(854.6, 646.8)
236.0138|(859.2, 649.0)
236.03|(866.8, 649.0)
236.0468|(867.4, 648.2)
236.0635|(868.3, 648.5)
236.097|(872.0, 646.2)
236.1135|(867.0, 646.3)
236.1303|(868.1, 646.0)
236.1469|(869.3, 646.2)
236.1636|(870.9, 648.9)
236.1805|(868.0, 648.3)
236.1972|(868.1, 649.4)
236.2139|(868.2, 650.8)
236.2471|(866.4, 651.4)
236.264|(861.5, 654.3)
236.2806|(861.0, 653.8)
236.2973|(860.4, 651.4)
236.3138|(859.2, 648.1)
236.3307|(857.8, 644.3)
236.3473|(858.3, 647.9)
236.364|(857.4, 646.2)
236.3973|(857.6, 652.0)
236.4142|(858.0, 653.8)
236.4308|(846.6, 659.7)
236.4474|(843.2, 662.7)
236.4643|(822.3, 668.7)
236.4808|(771.7, 686.3)
236.4975|(757.8, 689.7)
236.5142|(747.7, 692.6)
236.5475|(700.3, 702.2)
236.5643|(699.5, 690.6)
236.581|(699.6, 690.0)
236.5979|(700.2, 690.9)
236.6311|(700.5, 690.8)
236.6479|(698.4, 690.9)
236.7646|(692.5, 693.1)
236.7814|(721.9, 667.8)
236.8149|(708.4, 651.6)
236.8482|(697.3, 658.8)
236.8651|(698.3, 671.3)
236.8815|(698.2, 669.1)
236.8982|(699.9, 668.2)
236.915|(700.1, 661.2)
236.9317|(701.0, 661.9)
236.9485|(701.3, 660.4)
236.9649|(705.5, 656.5)
236.9984|(703.0, 658.3)
237.015|(700.9, 655.9)
237.0319|(702.5, 653.8)
237.0484|(702.6, 653.5)
237.0652|(702.7, 653.4)
237.0818|(701.9, 653.9)
237.0984|(696.9, 657.5)
237.1153|(693.4, 656.9)
237.1321|(693.0, 655.9)
237.1486|(695.9, 654.6)
237.1655|(696.3, 654.4)
237.1819|(696.0, 654.4)
237.1987|(699.0, 663.4)
237.2155|(699.1, 664.8)
237.2322|(698.4, 667.6)
237.2489|(695.3, 675.2)
237.2657|(695.1, 675.9)
237.2989|(693.9, 675.6)
237.3158|(702.6, 677.0)
237.3323|(724.2, 674.0)
237.349|(793.0, 668.8)
237.3657|(794.8, 669.1)
237.3824|(825.8, 659.8)
237.3991|(825.0, 643.9)
237.4158|(825.7, 643.7)
237.4492|(821.9, 626.1)
237.4658|(823.6, 624.7)
237.4993|(821.8, 660.3)
237.516|(820.2, 692.4)
237.5328|(820.4, 684.0)
237.5492|(821.5, 674.0)
237.5661|(821.6, 675.9)
237.5827|(825.8, 673.7)
237.5994|(827.6, 657.6)
237.616|(824.0, 644.1)
237.6329|(823.4, 636.7)
237.6494|(823.2, 626.2)
237.6663|(822.0, 619.5)
237.683|(821.3, 627.6)
237.6997|(816.8, 640.7)
237.7162|(818.3, 648.9)
237.7496|(820.1, 658.5)
237.7663|(829.0, 660.9)
237.7829|(855.6, 674.8)
237.7998|(870.6, 681.4)
237.8164|(902.8, 702.7)
237.8331|(899.5, 702.3)
237.8501|(908.0, 709.6)
237.8999|(907.7, 715.0)
237.9166|(908.0, 715.3)
237.9334|(905.3, 709.1)
237.95|(903.8, 709.0)
237.9668|(900.8, 703.0)
237.9835|(900.7, 701.7)
238|(901.5, 699.2)
238.0168|(903.4, 696.2)
238.0335|(904.9, 694.0)
238.05|(904.7, 692.6)
238.0669|(893.4, 691.0)
238.0836|(889.2, 690.3)
238.1001|(848.0, 696.2)
238.1172|(771.4, 707.1)
238.1335|(762.1, 708.0)
238.1503|(755.1, 708.3)
238.167|(748.2, 706.4)
238.1837|(751.2, 699.8)
238.2007|(741.7, 689.6)
238.2171|(741.0, 688.3)
238.2337|(743.5, 686.1)
238.2505|(742.3, 685.1)
238.2673|(741.5, 685.4)
238.2839|(735.5, 681.6)
238.3006|(711.0, 675.3)
238.3342|(709.4, 671.0)
238.3507|(708.6, 673.4)
238.384|(702.9, 659.9)
238.4008|(703.5, 659.0)
238.4343|(703.5, 656.9)
238.4511|(703.6, 656.8)
238.4842|(704.3, 646.6)
238.5009|(704.5, 646.0)
238.5177|(694.3, 570.8)
238.5343|(687.3, 455.7)
238.551|(686.2, 445.8)
238.5677|(684.8, 444.6)
238.5844|(682.9, 446.7)
238.6177|(680.4, 450.8)
238.651|(676.4, 448.3)
238.668|(673.2, 451.5)
238.7013|(673.6, 451.6)
238.718|(672.7, 452.5)
238.7347|(673.4, 454.5)
238.7512|(670.9, 459.8)
238.7847|(676.2, 462.5)
238.8013|(668.3, 527.1)
238.8183|(666.1, 545.6)
238.8347|(663.7, 561.4)
238.8515|(661.4, 578.6)
238.8685|(655.9, 631.5)
238.8851|(656.1, 630.5)
238.9184|(658.9, 628.9)
238.935|(657.9, 628.0)
238.9518|(655.4, 628.4)
238.9685|(657.9, 630.7)
238.9851|(658.0, 631.2)
239.002|(661.4, 627.8)
239.019|(662.3, 625.7)
239.0353|(661.9, 624.1)
239.052|(662.2, 617.3)
239.0686|(652.8, 595.6)
239.0854|(652.6, 593.7)
239.102|(652.6, 594.7)
239.1189|(651.9, 594.3)
239.1356|(650.3, 596.8)
239.1522|(650.3, 596.7)
239.1688|(650.7, 596.2)
239.1856|(654.5, 592.7)
239.2021|(654.0, 593.5)
239.2359|(652.2, 590.3)
239.2521|(652.9, 590.2)
239.2691|(651.6, 594.5)
239.2856|(651.9, 594.5)
239.3025|(652.3, 595.1)
239.3192|(653.7, 594.3)
239.3358|(653.8, 591.7)
239.3694|(652.1, 592.2)
239.3859|(653.2, 589.3)
239.4025|(655.0, 587.6)
239.4191|(657.2, 590.8)
239.4358|(657.0, 589.7)
239.4524|(657.9, 589.1)
239.4693|(659.5, 588.4)
239.4861|(662.1, 590.4)
239.5026|(662.5, 590.9)
239.5193|(661.9, 590.3)
239.5361|(657.7, 591.1)
239.5526|(657.6, 590.4)
239.5695|(655.8, 588.2)
239.5862|(659.0, 560.7)
239.6029|(678.6, 448.2)
239.6198|(681.2, 431.9)
239.6362|(683.5, 416.9)
239.6528|(680.9, 402.3)
239.6863|(680.3, 402.4)
239.703|(679.6, 402.9)
239.7196|(672.3, 408.0)
239.7367|(672.6, 407.6)
239.7532|(673.9, 406.7)
239.77|(673.3, 407.4)
239.7864|(674.1, 412.5)
239.8033|(673.9, 415.9)
239.8367|(674.1, 416.6)
239.8532|(676.3, 417.0)
239.8705|(676.8, 418.5)
239.8866|(677.8, 422.8)
239.9034|(719.2, 646.3)
239.9201|(726.9, 711.7)
239.9533|(729.1, 740.6)
239.9868|(741.9, 857.7)
240.0034|(746.5, 853.4)
240.02|(748.5, 847.8)
240.0369|(750.4, 832.6)
240.0535|(749.6, 826.7)
240.0702|(749.3, 824.8)
240.087|(747.8, 821.5)
240.1037|(747.1, 809.9)
240.1369|(753.6, 813.1)
240.1537|(750.6, 809.5)
240.1713|(772.4, 821.5)
240.1872|(815.2, 845.2)
240.2039|(845.7, 855.8)
240.2207|(853.5, 862.7)
240.2372|(878.4, 870.4)
240.2539|(886.4, 878.8)
240.2874|(885.0, 876.2)
240.3041|(880.2, 873.8)
240.3207|(876.6, 876.3)
240.3376|(874.6, 872.0)
240.371|(880.5, 872.8)
240.4044|(995.7, 867.5)
240.4542|(1049.4, 866.9)
240.471|(1049.2, 871.2)
240.4877|(1051.1, 870.4)
240.5045|(1050.3, 875.9)
240.5378|(1047.9, 877.7)
240.5547|(1051.9, 876.3)
240.5876|(1053.0, 873.8)
240.6047|(1053.1, 875.9)
240.6212|(1052.6, 879.2)
240.6377|(1050.9, 879.4)
240.6544|(1049.8, 877.6)
240.6711|(1047.1, 874.4)
240.6878|(1046.2, 864.0)
240.7046|(1045.6, 859.8)
240.7379|(1046.4, 856.7)
240.7547|(1045.1, 843.9)
240.7714|(1046.4, 843.3)
240.7881|(1046.1, 843.5)
240.8049|(1047.2, 832.3)
240.8214|(1048.7, 647.1)
240.8382|(1049.5, 638.2)
240.8548|(1050.4, 632.6)
240.8883|(1058.4, 632.4)
240.9051|(1061.1, 628.1)
240.9216|(1065.0, 630.3)
240.9384|(1060.6, 629.6)
240.9551|(1061.2, 634.2)
240.9883|(1058.8, 641.3)
241.0052|(1058.2, 641.7)
241.0384|(1057.9, 647.2)
241.0553|(1057.5, 649.0)
241.0719|(1168.1, 649.8)
241.0885|(1554.8, 654.1)
241.1052|(1725.9, 634.3)
241.1221|(1686.1, 647.2)
241.1388|(1713.2, 638.9)
241.1552|(1724.5, 633.7)
241.1887|(1736.6, 623.7)
241.2054|(1750.5, 608.9)
241.2223|(1751.4, 607.7)
241.2386|(1735.2, 595.9)
241.2555|(1729.4, 586.3)
241.2723|(1716.2, 573.9)
241.2888|(1704.6, 568.0)
241.3057|(1679.6, 562.1)
241.3391|(1566.2, 533.8)
241.3557|(1504.7, 520.8)
241.3724|(1440.3, 502.3)
241.3891|(1301.1, 461.7)
241.4059|(1114.5, 406.2)
241.4393|(914.3, 359.4)
241.4557|(910.2, 354.6)
241.4893|(918.4, 374.7)
241.5061|(921.5, 386.0)
241.5229|(922.1, 389.7)
241.5394|(921.8, 393.2)
241.5727|(920.9, 401.8)
241.5895|(919.7, 400.2)
241.606|(919.7, 401.3)
241.6395|(919.0, 398.6)
241.6562|(837.2, 189.1)
241.673|(833.9, 177.9)
241.6895|(832.2, 173.9)
241.7063|(828.7, 162.5)
241.7231|(830.5, 159.6)
241.7401|(831.0, 166.9)
241.7564|(830.8, 163.7)
241.7898|(829.3, 163.7)
241.8065|(828.0, 163.6)
241.8231|(828.0, 163.5)
241.8399|(828.2, 163.6)
241.8565|(835.1, 159.7)
241.8899|(834.2, 160.7)
241.9065|(830.9, 164.4)
241.94|(1115.2, 344.5)
241.9568|(1085.0, 325.1)
241.9736|(1376.3, 499.8)
241.9901|(1459.5, 545.9)
242.0236|(1544.5, 594.6)
242.04|(1540.6, 592.4)
242.0568|(1544.8, 596.8)
242.0901|(1514.8, 566.0)
242.1071|(1522.6, 574.4)
242.1235|(1500.0, 566.4)
242.1403|(1500.6, 563.9)
242.1569|(1497.4, 559.6)
242.1737|(1485.9, 544.9)
242.1903|(1484.6, 541.6)
242.2071|(1504.0, 549.0)
242.2405|(1509.5, 550.2)
242.257|(1514.3, 555.2)
242.2906|(1473.2, 544.9)
242.3073|(1264.6, 501.9)
242.3239|(1136.5, 484.1)
242.3405|(1092.7, 480.0)
242.3573|(1018.7, 470.9)
242.3908|(806.2, 452.8)
242.4076|(804.5, 453.0)
242.4244|(808.1, 459.4)
242.4408|(809.5, 473.2)
242.4575|(808.0, 477.8)
242.4744|(807.7, 480.7)
242.4907|(806.2, 480.5)
242.5075|(802.3, 484.2)
242.541|(802.2, 484.3)
242.5577|(803.2, 484.2)
242.5743|(804.6, 484.7)
242.6078|(802.7, 486.5)
242.6245|(803.8, 485.4)
242.6412|(799.3, 476.2)
242.6578|(775.7, 411.9)
242.6912|(736.4, 296.1)
242.7079|(734.4, 285.7)
242.7245|(730.8, 270.0)
242.7412|(734.6, 259.2)
242.7578|(737.7, 255.5)
242.7747|(738.2, 254.8)
242.7912|(735.8, 253.3)
242.8081|(731.4, 250.8)
242.8416|(731.1, 248.1)
242.8581|(730.4, 248.8)
242.875|(728.7, 251.9)
242.8916|(731.2, 254.3)
242.9249|(755.5, 262.6)
242.9416|(751.2, 258.3)
242.9583|(1136.1, 469.7)
243.0086|(1253.2, 531.8)
243.0252|(1339.3, 556.2)
243.0585|(1570.7, 655.3)
243.0752|(1584.6, 662.3)
243.0919|(1593.1, 664.1)
243.142|(1719.5, 725.3)
243.1755|(1713.0, 708.4)
243.192|(1701.1, 680.7)
243.2255|(1656.9, 679.0)
243.2424|(1554.8, 672.9)
243.2589|(1349.2, 662.6)
243.2921|(949.6, 634.5)
243.3089|(947.9, 625.4)
243.3257|(953.7, 617.0)
243.3423|(956.9, 621.7)
243.3758|(964.8, 615.6)
243.3928|(965.8, 615.6)
243.409|(964.6, 616.3)
243.4426|(964.0, 616.9)
243.4595|(968.5, 618.7)
243.476|(969.7, 619.6)
243.5094|(959.8, 618.9)
243.5261|(878.0, 589.9)
243.5429|(877.1, 589.7)
243.5594|(891.0, 594.6)
243.593|(864.0, 585.1)
243.6096|(860.0, 590.0)
243.6429|(861.3, 590.4)
243.6596|(864.6, 591.8)
243.6764|(864.6, 592.0)
243.693|(863.2, 594.5)
243.7101|(864.1, 593.8)
243.743|(859.1, 592.0)
243.7597|(858.4, 591.7)
243.7762|(858.7, 593.2)
243.793|(858.6, 592.3)
243.8099|(858.3, 592.1)
243.8264|(861.7, 589.0)
243.8432|(862.0, 588.7)
243.8598|(863.1, 587.2)
243.8933|(859.9, 593.5)
243.9102|(859.3, 594.6)
243.9265|(857.7, 588.2)
243.9434|(858.4, 586.4)
243.96|(861.3, 583.5)
243.9766|(861.9, 580.7)
243.9934|(861.2, 580.6)
244.01|(861.2, 580.6)
244.0436|(1243.0, 632.2)
244.0602|(1498.2, 675.1)
244.0937|(1498.7, 675.0)
244.1102|(1555.4, 685.3)
244.1269|(1608.3, 673.7)
244.1436|(1639.5, 674.6)
244.1604|(1655.0, 670.7)
244.1939|(1644.7, 672.4)
244.2106|(1649.8, 664.1)
244.2271|(1647.3, 654.0)
244.2443|(1645.6, 652.3)
244.2605|(1640.8, 646.6)
244.3105|(1625.4, 650.5)
244.3439|(1471.6, 679.6)
244.3607|(1210.7, 721.7)
244.3774|(967.3, 755.9)
