65.42329|(933.1, 649.7)
65.44786|(935.5, 503.2)
65.48083|(936.7, 455.8)
65.49771|(937.2, 414.1)
65.53114|(936.7, 365.1)
65.54785|(934.4, 370.1)
65.5646|(933.7, 372.9)
65.58134|(934.8, 373.1)
65.59814|(938.4, 375.7)
65.63159|(942.6, 374.9)
65.64853|(947.8, 371.0)
65.6815|(947.2, 373.2)
65.69846|(945.2, 379.2)
65.71487|(914.6, 522.0)
65.73177|(898.6, 612.9)
65.74828|(893.4, 638.2)
65.76518|(883.4, 686.4)
65.78182|(879.7, 682.6)
65.79829|(879.4, 681.6)
65.83221|(879.7, 679.9)
65.84864|(875.0, 675.5)
65.86549|(858.2, 684.1)
65.88246|(836.0, 696.5)
65.899|(796.5, 722.8)
65.91557|(781.6, 730.6)
65.94892|(775.1, 728.1)
65.98201|(785.3, 718.3)
65.99867|(777.8, 723.4)
66.01549|(773.1, 714.4)
66.03219|(778.1, 713.4)
66.0487|(772.9, 715.8)
66.06559|(774.4, 742.8)
66.08215|(768.7, 973.1)
66.09914|(770.0, 978.3)
66.13242|(770.2, 1019.1)
66.14908|(770.2, 1016.2)
66.16576|(769.4, 1006.6)
66.18262|(769.9, 1003.8)
66.19917|(769.6, 988.2)
66.21598|(770.2, 981.0)
66.2329|(773.1, 978.1)
66.24908|(777.1, 967.0)
66.28291|(777.3, 973.5)
66.29974|(777.6, 973.3)
66.31648|(779.5, 973.5)
66.33273|(778.8, 973.9)
66.34938|(781.2, 1007.3)
66.36611|(773.4, 1020.2)
66.39973|(779.3, 1052.3)
66.43304|(795.2, 1145.2)
66.44963|(795.2, 1145.5)
66.46635|(794.8, 1137.7)
66.48331|(795.0, 1134.4)
66.49986|(796.4, 1131.2)
66.51648|(795.7, 1132.6)
66.53322|(800.3, 1120.3)
66.54995|(796.3, 1121.6)
66.58315|(798.9, 1111.6)
66.60004|(806.4, 1103.0)
66.61658|(822.6, 1096.5)
66.63288|(824.3, 1091.8)
66.64959|(835.5, 1090.5)
66.66648|(834.4, 1087.7)
66.68287|(833.8, 1087.1)
66.73308|(833.7, 1090.4)
66.74966|(834.3, 1093.2)
66.76656|(826.6, 1105.0)
66.79993|(820.8, 1107.9)
66.81647|(817.7, 1109.0)
66.8332|(811.0, 1109.6)
66.84989|(787.8, 1105.7)
66.88332|(782.1, 1105.2)
66.90011|(781.6, 1105.4)
66.91673|(780.2, 1101.9)
66.93333|(780.9, 1100.3)
66.95012|(780.6, 1096.9)
66.96677|(777.3, 1086.9)
66.9834|(775.0, 1089.5)
67.00024|(776.3, 1092.3)
67.03367|(772.0, 1088.3)
67.05009|(770.7, 1077.6)
67.06715|(769.7, 1062.4)
67.08364|(773.3, 1054.3)
67.10025|(772.2, 1054.0)
67.11711|(770.5, 1048.4)
67.13354|(770.1, 1047.6)
67.15031|(770.6, 1047.3)
67.18365|(769.6, 1047.3)
67.20051|(769.6, 1045.8)
67.2172|(763.9, 992.0)
67.25069|(761.7, 961.7)
67.26711|(762.3, 966.2)
67.28376|(762.3, 962.8)
67.30058|(761.4, 954.8)
67.33421|(762.8, 960.2)
67.35077|(763.9, 962.7)
67.38409|(765.2, 966.0)
67.40097|(766.7, 970.8)
67.41733|(766.8, 972.0)
67.43427|(766.4, 971.3)
67.45083|(766.9, 973.5)
67.4843|(767.3, 974.7)
67.50094|(764.5, 970.4)
67.53444|(763.8, 975.3)
67.5679|(767.8, 976.1)
67.58459|(770.9, 975.8)
67.63471|(780.6, 986.5)
67.65134|(780.9, 986.1)
67.66804|(796.2, 1141.2)
67.68453|(799.3, 1161.2)
67.70133|(798.2, 1163.2)
67.71781|(797.5, 1156.0)
67.73481|(808.2, 1155.0)
67.75126|(806.1, 1151.8)
67.78476|(808.5, 1149.7)
67.80153|(804.2, 1137.2)
67.83488|(809.4, 1132.9)
67.85152|(825.5, 1127.7)
67.8684|(831.7, 1129.1)
67.88485|(831.8, 1131.3)
67.9018|(835.3, 1132.1)
67.93507|(840.8, 1132.8)
67.95182|(841.0, 1132.0)
67.98509|(841.1, 1131.2)
68.0019|(837.3, 1134.3)
68.01841|(835.2, 1133.5)
68.0354|(834.4, 1126.6)
68.08533|(834.4, 1125.4)
68.10199|(837.0, 1124.3)
68.11863|(846.4, 1113.1)
68.13538|(849.7, 1108.4)
68.1521|(856.2, 1108.3)
68.16891|(855.5, 1110.3)
68.18558|(854.7, 1109.2)
68.20239|(850.1, 1115.8)
68.23571|(857.7, 1110.1)
68.25236|(881.1, 1113.9)
68.28565|(894.9, 1114.3)
68.30235|(908.0, 1128.1)
68.31899|(914.1, 1132.6)
68.33585|(918.9, 1136.1)
68.35227|(921.9, 1135.8)
68.38578|(920.0, 1139.4)
68.40262|(921.2, 1139.5)
68.41914|(916.9, 1136.3)
68.43604|(845.9, 1117.8)
68.46927|(805.1, 1109.1)
68.48596|(798.7, 1120.3)
68.50291|(779.6, 1127.8)
68.53599|(783.9, 1132.6)
68.55268|(777.0, 1138.6)
68.56945|(773.8, 1136.1)
68.58617|(775.4, 1132.8)
68.60284|(773.8, 1135.0)
68.61943|(772.2, 1116.3)
68.63603|(771.0, 1112.3)
68.65303|(771.2, 1112.6)
68.68628|(776.9, 1111.1)
68.70291|(779.7, 1109.4)
68.71973|(782.9, 1111.6)
68.7364|(783.3, 1110.6)
68.75301|(778.1, 1105.4)
68.76981|(783.0, 1110.0)
68.78642|(779.5, 1109.4)
68.80324|(784.9, 1119.2)
68.83667|(778.6, 1079.9)
68.87001|(758.8, 984.8)
68.88655|(761.3, 987.0)
68.90337|(762.6, 988.5)
68.9201|(764.8, 993.7)
68.93684|(761.9, 991.7)
68.95353|(760.1, 995.9)
68.9867|(758.4, 996.1)
69.0035|(750.7, 997.2)
69.02009|(752.0, 997.9)
69.03683|(754.1, 992.3)
69.05349|(754.7, 991.4)
69.07025|(755.9, 992.3)
69.08682|(756.5, 992.4)
69.10363|(756.6, 990.9)
69.13716|(757.5, 990.4)
69.15375|(761.6, 987.1)
69.1704|(760.8, 987.8)
69.18706|(759.8, 988.5)
69.20376|(761.5, 987.7)
69.22041|(764.5, 980.0)
69.23737|(764.3, 978.3)
69.25396|(763.6, 975.8)
69.28724|(758.2, 958.4)
69.32076|(754.0, 924.9)
69.33744|(750.1, 892.1)
69.35393|(744.6, 879.4)
69.37069|(748.6, 880.1)
69.38749|(750.3, 882.6)
69.40425|(750.9, 888.7)
69.4375|(752.2, 892.3)
69.45416|(751.2, 899.6)
69.47102|(751.4, 899.7)
69.48759|(752.9, 900.9)
69.50436|(751.1, 901.0)
69.52109|(751.2, 900.1)
69.53781|(750.1, 897.2)
69.55459|(750.0, 896.3)
69.58791|(749.6, 890.1)
69.60448|(756.4, 824.3)
69.62122|(757.3, 816.4)
69.63785|(757.0, 809.6)
69.65456|(757.2, 804.3)
69.67132|(756.0, 796.7)
69.68786|(745.4, 785.0)
69.70462|(749.7, 789.7)
69.73812|(739.0, 788.4)
69.75475|(740.3, 846.8)
69.77144|(739.2, 831.6)
69.78809|(737.4, 842.5)
69.8047|(735.4, 868.0)
69.82148|(733.9, 868.9)
69.83823|(734.5, 869.6)
69.85491|(734.9, 868.9)
69.88831|(735.0, 868.4)
69.90498|(731.3, 863.4)
69.92173|(729.1, 863.9)
69.9384|(728.2, 863.9)
69.95504|(728.4, 867.3)
69.97173|(728.3, 868.5)
69.98847|(727.4, 873.9)
70.005|(727.2, 876.5)
70.03867|(727.0, 881.1)
70.05522|(727.0, 879.0)
70.08867|(726.5, 877.8)
70.10542|(725.5, 878.8)
70.13883|(731.7, 888.6)
70.15528|(731.8, 889.0)
70.1888|(1217.4, 834.5)
70.20542|(1341.9, 805.5)
70.22209|(1360.3, 794.8)
70.23898|(1374.6, 784.3)
70.25552|(1731.2, 663.8)
70.2724|(1698.5, 642.8)
70.28893|(1679.2, 620.9)
70.30576|(1703.6, 634.2)
70.32244|(1688.3, 615.2)
70.35582|(1651.5, 606.6)
70.3724|(1653.8, 605.7)
70.38895|(1663.2, 608.1)
70.40567|(1688.1, 612.6)
70.42249|(1695.5, 614.6)
70.43932|(1703.8, 616.5)
70.48916|(1730.9, 618.6)
70.50611|(1727.2, 615.1)
70.52282|(1721.4, 612.3)
70.57291|(1721.5, 610.8)
70.58944|(1728.7, 620.3)
70.60624|(1303.4, 551.4)
70.63955|(930.5, 477.1)
70.65616|(926.4, 467.6)
70.67297|(925.3, 467.8)
70.68954|(918.8, 464.6)
70.70644|(912.1, 466.8)
70.72303|(915.1, 471.9)
70.7396|(915.1, 474.5)
70.75637|(920.3, 482.4)
70.77323|(925.4, 489.6)
70.78958|(924.8, 492.3)
70.80659|(808.1, 487.9)
70.82311|(798.4, 487.9)
70.83976|(792.7, 487.7)
70.85651|(792.0, 487.6)
70.8733|(789.4, 488.6)
70.89009|(790.2, 492.5)
70.90665|(790.2, 492.0)
70.94003|(790.2, 493.4)
70.95676|(788.9, 492.7)
70.97336|(783.7, 490.8)
70.99011|(783.6, 490.4)
71.00693|(783.4, 492.2)
71.0235|(783.3, 493.1)
71.0402|(783.5, 493.2)
71.0569|(783.9, 495.2)
71.09018|(786.8, 495.9)
71.10696|(788.1, 493.6)
71.12358|(786.4, 490.9)
71.14047|(782.7, 493.3)
71.15705|(782.9, 493.3)
71.17367|(784.1, 493.1)
71.19036|(786.8, 492.3)
71.20721|(788.7, 489.7)
71.22381|(789.1, 490.0)
71.24038|(790.1, 485.5)
71.25727|(788.6, 485.0)
71.2739|(788.6, 484.4)
71.29061|(788.1, 484.6)
71.30728|(786.0, 497.5)
71.3241|(786.5, 520.1)
71.34072|(782.5, 569.6)
71.35742|(781.4, 577.7)
71.39083|(778.7, 606.0)
71.4075|(776.3, 633.6)
71.42417|(775.4, 629.8)
71.44082|(776.8, 627.8)
71.45753|(778.4, 624.6)
71.47445|(778.2, 625.1)
71.49107|(774.1, 624.1)
71.54106|(770.8, 630.1)
71.55766|(774.5, 632.7)
71.5743|(775.3, 632.7)
71.59112|(775.0, 630.8)
71.6081|(776.1, 632.1)
71.62447|(775.3, 633.1)
71.64117|(775.6, 636.3)
71.65783|(779.2, 906.3)
71.67459|(777.3, 1027.2)
71.6912|(781.3, 1087.6)
71.70815|(784.3, 1096.2)
71.72476|(785.9, 1100.0)
71.74142|(786.2, 1105.5)
71.75803|(781.0, 1099.6)
71.77473|(781.8, 1092.6)
71.79153|(781.3, 1091.1)
71.80819|(780.6, 1084.6)
71.8416|(780.1, 1073.5)
71.85826|(784.7, 1070.6)
71.87498|(786.8, 1123.2)
71.89159|(787.0, 1134.0)
71.90845|(787.5, 1137.8)
71.92511|(792.1, 1138.2)
71.94187|(793.8, 1132.0)
71.99185|(791.4, 1120.5)
72.00864|(789.5, 1120.9)
72.02518|(788.6, 1119.3)
72.04207|(790.0, 1119.3)
72.05864|(793.3, 1118.7)
72.07533|(797.3, 1118.7)
72.09194|(795.1, 1115.3)
72.10873|(795.0, 1114.7)
72.12536|(794.6, 1111.9)
72.14236|(794.6, 1114.2)
72.15854|(795.8, 1113.3)
72.17554|(795.4, 1109.9)
72.19225|(798.1, 1117.0)
72.20892|(798.5, 1113.1)
72.22541|(799.2, 1113.5)
72.24235|(825.6, 1113.7)
72.25883|(847.0, 1115.9)
72.27555|(868.0, 1117.0)
72.29241|(869.0, 1117.3)
72.30901|(878.9, 1118.4)
72.32578|(882.0, 1120.7)
72.34258|(880.1, 1121.8)
72.35899|(878.4, 1124.6)
72.37577|(876.3, 1127.4)
72.39224|(877.8, 1125.5)
72.42577|(875.0, 1126.0)
72.44246|(874.8, 1124.4)
72.45921|(873.3, 1122.6)
72.47602|(872.9, 1124.7)
72.4927|(872.9, 1125.3)
72.50949|(876.2, 1130.4)
72.52596|(875.6, 1129.9)
72.55932|(875.5, 1126.6)
72.57602|(876.2, 1127.3)
72.59273|(873.9, 1127.1)
72.60962|(873.2, 1127.0)
72.62623|(872.9, 1124.5)
72.64309|(867.3, 1123.9)
72.65949|(865.8, 1124.4)
72.67618|(865.3, 1116.7)
72.6929|(848.1, 1106.7)
72.70965|(802.8, 1084.5)
72.72633|(788.8, 1077.5)
72.74303|(784.0, 1075.8)
72.7599|(772.5, 1080.0)
72.77653|(765.9, 1079.8)
72.79311|(766.0, 1076.1)
72.80973|(763.9, 1071.8)
72.82655|(762.9, 1070.8)
72.84322|(768.2, 1082.6)
72.87661|(764.2, 1074.8)
72.89325|(765.7, 1083.2)
72.90997|(768.3, 1101.5)
72.92659|(769.3, 1103.0)
72.94354|(769.1, 1102.1)
72.95994|(769.2, 1103.1)
72.97689|(768.9, 1100.5)
73.01037|(769.7, 1096.4)
73.02689|(769.4, 1087.7)
73.0436|(778.0, 1078.2)
73.06016|(778.0, 1075.8)
73.07707|(774.6, 1075.0)
73.09361|(774.7, 1077.4)
73.11037|(774.0, 1080.7)
73.12702|(773.2, 1084.6)
73.1437|(768.7, 1077.4)
73.16045|(767.7, 1074.9)
73.17715|(764.3, 1066.4)
73.19363|(761.7, 1061.8)
73.21064|(761.2, 1058.8)
73.22726|(761.6, 1046.1)
73.24397|(761.8, 1045.6)
73.2605|(762.0, 1053.2)
73.27736|(765.1, 1029.0)
73.29398|(767.1, 956.5)
73.32743|(768.4, 904.8)
73.34417|(768.0, 898.3)
73.36068|(755.7, 796.9)
73.37753|(763.5, 810.9)
73.39429|(765.2, 817.5)
73.411|(753.9, 796.7)
73.42758|(758.1, 808.7)
73.44416|(753.8, 800.1)
73.47758|(759.6, 819.9)
73.49429|(763.1, 832.7)
73.5109|(763.6, 835.6)
73.52777|(764.6, 842.5)
73.54434|(765.6, 843.3)
73.56121|(763.2, 838.0)
73.59442|(752.5, 834.4)
73.62792|(731.6, 815.5)
73.64452|(726.5, 812.0)
73.66129|(709.5, 800.8)
73.67802|(699.1, 792.5)
73.69473|(697.8, 787.9)
73.7113|(697.2, 783.9)
73.72799|(697.9, 775.8)
73.74481|(696.9, 778.2)
73.77818|(697.9, 776.1)
73.79484|(696.0, 771.1)
73.81158|(695.4, 767.8)
73.8281|(700.5, 773.6)
73.8448|(701.0, 774.1)
73.86151|(697.5, 768.4)
73.87827|(698.6, 770.7)
73.89489|(700.4, 773.6)
73.9284|(700.7, 774.4)
73.94516|(703.3, 774.6)
73.96162|(702.1, 774.2)
73.9784|(702.9, 774.3)
73.99505|(694.9, 765.1)
74.01183|(683.7, 754.4)
74.0452|(679.8, 751.2)
74.07874|(680.8, 755.1)
74.09517|(686.1, 760.8)
74.11208|(688.8, 764.4)
74.12869|(689.5, 764.9)
74.14543|(692.0, 764.0)
74.16219|(694.7, 761.5)
74.17873|(694.6, 761.6)
74.19561|(732.2, 636.3)
74.22885|(755.6, 561.6)
74.24564|(758.5, 549.3)
74.26225|(762.2, 531.8)
74.27896|(759.2, 530.6)
74.29552|(759.4, 531.0)
74.31231|(760.3, 530.1)
74.32905|(760.3, 529.2)
74.37909|(765.2, 526.7)
74.39577|(765.8, 526.3)
74.41256|(763.4, 545.0)
74.42913|(755.1, 630.9)
74.44588|(754.6, 631.1)
74.46246|(755.0, 634.1)
74.47932|(755.3, 629.0)
74.49609|(757.1, 629.3)
74.52924|(757.3, 636.4)
74.54602|(754.7, 635.4)
74.56284|(754.7, 637.2)
74.57956|(754.5, 634.2)
74.59627|(756.1, 627.6)
74.62948|(758.6, 627.8)
74.64628|(759.7, 627.8)
74.67957|(763.7, 633.5)
74.69632|(764.7, 632.8)
74.71303|(763.4, 632.1)
74.72976|(764.2, 629.6)
74.74627|(764.9, 628.2)
74.76305|(774.9, 627.0)
74.77971|(812.2, 621.8)
74.7964|(814.6, 622.1)
74.82981|(824.5, 621.1)
74.84679|(850.5, 617.0)
74.86337|(850.3, 619.6)
74.87988|(850.1, 621.0)
74.89671|(850.1, 621.9)
74.91335|(848.8, 620.1)
74.92994|(845.1, 614.5)
74.94671|(833.9, 596.4)
74.98019|(824.6, 576.1)
74.99677|(809.3, 547.2)
75.01373|(798.1, 523.5)
75.03019|(778.8, 478.2)
75.04691|(787.1, 480.0)
75.08026|(786.9, 479.3)
75.09686|(787.0, 478.9)
75.13052|(785.2, 476.8)
75.14708|(786.2, 478.2)
75.16382|(786.7, 479.3)
75.1805|(786.9, 480.0)
75.19711|(787.2, 480.1)
75.21383|(788.5, 479.5)
75.23049|(789.0, 482.3)
75.24723|(789.1, 482.5)
75.28068|(787.4, 481.9)
75.29736|(784.6, 479.4)
75.31394|(784.0, 479.3)
75.33059|(783.8, 479.9)
75.34732|(784.4, 480.5)
75.3641|(783.3, 474.3)
75.38079|(784.6, 475.5)
75.39748|(785.3, 477.3)
75.43077|(785.2, 477.6)
75.44769|(785.7, 477.5)
75.46418|(786.1, 477.6)
75.48098|(786.5, 478.9)
75.49749|(786.2, 479.8)
75.51431|(785.2, 482.6)
75.53119|(782.4, 481.9)
75.54762|(783.5, 481.7)
75.58118|(759.2, 463.3)
75.59771|(754.7, 458.7)
75.61449|(738.4, 443.6)
75.63125|(735.8, 443.2)
75.66463|(731.7, 446.0)
75.68122|(729.1, 444.8)
75.69794|(729.0, 443.6)
75.73137|(728.5, 443.3)
75.74801|(724.5, 439.7)
75.76477|(726.3, 440.1)
75.78143|(729.6, 440.6)
75.7981|(736.5, 440.0)
75.81492|(739.1, 435.7)
75.83147|(740.6, 408.2)
75.84826|(735.9, 381.2)
75.88166|(736.3, 367.2)
75.8984|(735.1, 354.1)
75.91487|(734.9, 353.6)
75.93182|(736.0, 351.4)
75.94841|(738.5, 354.0)
75.96506|(741.0, 354.6)
75.98186|(741.9, 356.0)
75.99837|(740.4, 353.0)
76.03175|(744.4, 354.3)
76.04861|(742.7, 353.3)
76.06537|(743.6, 362.2)
76.08197|(751.3, 369.3)
76.11539|(751.3, 370.0)
76.13186|(752.9, 370.3)
76.14868|(758.6, 372.4)
76.18217|(760.6, 370.9)
76.19885|(761.1, 371.0)
76.21561|(764.4, 370.2)
76.23225|(762.4, 370.4)
76.24883|(763.5, 369.0)
76.26581|(758.7, 362.9)
76.28225|(758.1, 362.2)
76.29884|(758.9, 362.0)
76.33226|(758.6, 360.3)
76.34904|(811.0, 363.2)
76.3657|(827.0, 366.6)
76.38237|(839.0, 368.1)
76.39912|(872.9, 374.5)
76.41581|(889.5, 377.8)
76.43256|(889.1, 377.5)
76.44937|(888.5, 377.2)
76.48268|(886.9, 374.4)
76.49945|(885.9, 373.3)
76.51617|(886.0, 373.7)
76.53262|(882.0, 371.7)
76.54941|(792.2, 298.3)
76.56621|(779.7, 287.4)
76.5827|(773.8, 282.0)
76.59949|(757.0, 265.7)
76.63292|(756.0, 266.4)
76.64964|(756.6, 268.6)
76.66634|(759.7, 270.6)
76.6996|(762.6, 270.4)
76.71631|(762.5, 268.9)
76.73309|(760.2, 266.3)
76.74982|(758.9, 265.1)
76.78318|(757.0, 261.7)
76.79978|(757.1, 262.2)
76.81659|(826.7, 265.1)
76.83316|(858.3, 265.8)
76.84984|(890.7, 263.4)
76.86642|(895.8, 268.8)
76.88324|(894.9, 270.4)
76.89999|(898.1, 271.3)
76.93323|(892.2, 273.0)
76.94999|(891.5, 273.1)
76.96676|(970.9, 269.4)
76.98351|(987.2, 270.3)
77.00018|(998.9, 275.3)
77.01687|(999.6, 276.0)
77.03345|(999.8, 276.3)
77.05038|(997.4, 274.8)
77.08371|(998.3, 275.0)
77.10029|(999.7, 270.5)
77.11705|(1004.6, 271.6)
77.15043|(1082.4, 283.1)
77.16711|(1086.8, 282.7)
77.18372|(1090.7, 282.4)
77.20029|(1091.5, 282.6)
77.23396|(1093.0, 278.2)
77.25061|(1093.2, 276.1)
77.2673|(1093.2, 276.9)
77.28386|(1306.4, 490.0)
77.30057|(1349.9, 534.3)
77.3173|(1851.4, 985.2)
77.35091|(1872.9, 1004.4)
77.88503|(1587.4, 743.3)
77.95171|(1127.8, 492.1)
77.98501|(995.2, 430.6)
78.00185|(980.8, 426.8)
78.0185|(916.9, 436.5)
78.03503|(916.5, 458.1)
78.0518|(912.1, 486.7)
78.06855|(911.6, 491.5)
78.08531|(909.1, 505.5)
78.10198|(907.6, 532.4)
78.13528|(909.1, 550.7)
78.15223|(908.1, 573.7)
78.16871|(906.8, 586.2)
78.18562|(907.6, 587.8)
78.20233|(875.7, 690.1)
78.21891|(824.1, 860.7)
78.23538|(818.6, 881.3)
78.25217|(811.3, 905.5)
78.28576|(802.9, 931.7)
78.33567|(805.5, 916.3)
78.36896|(810.6, 909.4)
78.38577|(809.9, 907.0)
78.43584|(810.4, 922.5)
78.45252|(806.1, 934.6)
78.46924|(791.4, 965.6)
78.50266|(789.7, 972.0)
78.51946|(786.0, 979.1)
78.536|(784.6, 991.7)
78.55276|(787.4, 983.8)
78.58613|(782.6, 1001.9)
78.60275|(783.1, 1005.6)
78.61961|(787.8, 1024.6)
78.6361|(791.4, 1051.1)
78.65292|(797.9, 1105.0)
78.6865|(799.7, 1120.8)
78.70314|(798.5, 1135.4)
78.73643|(797.2, 1169.4)
78.76978|(805.5, 1169.6)
78.78661|(803.7, 1164.9)
78.803|(813.2, 1156.4)
78.81974|(820.0, 1151.7)
78.83652|(826.1, 1142.7)
78.85339|(837.5, 1130.8)
78.88667|(840.0, 1126.1)
78.90326|(841.1, 1119.8)
78.92014|(851.8, 1126.1)
78.93668|(859.7, 1116.8)
78.95334|(859.8, 1113.0)
78.97009|(860.6, 1116.5)
78.98682|(858.4, 1117.2)
79.00343|(849.2, 1110.3)
79.03683|(833.2, 1077.1)
79.05356|(809.9, 1053.3)
79.07006|(807.1, 1055.4)
79.08714|(801.1, 1055.1)
79.1035|(788.0, 1052.3)
79.12046|(781.0, 1061.4)
79.13712|(780.1, 1062.3)
79.15397|(778.0, 1075.5)
79.18736|(777.5, 1077.9)
79.22053|(773.3, 1086.1)
79.23718|(774.7, 1089.4)
79.25375|(774.6, 1094.6)
79.27063|(774.9, 1091.2)
79.28745|(775.1, 1090.5)
79.33727|(776.4, 1091.5)
79.354|(782.3, 1097.3)
79.37077|(781.2, 1095.9)
79.40426|(780.6, 1103.5)
79.42089|(780.4, 1102.7)
79.43756|(816.7, 938.3)
79.45419|(865.4, 692.2)
79.48763|(896.8, 492.0)
79.5043|(906.8, 267.6)
79.52113|(910.7, 207.1)
79.53777|(909.3, 208.4)
79.55444|(908.8, 209.9)
79.57106|(905.5, 211.9)
79.58781|(907.6, 211.0)
79.60442|(906.4, 215.1)
79.63778|(898.1, 220.4)
79.65453|(897.7, 221.2)
79.67132|(902.5, 224.7)
79.68797|(900.9, 224.8)
79.70465|(900.2, 229.4)
79.72153|(888.0, 236.9)
79.73808|(872.3, 268.0)
79.75484|(864.4, 282.3)
79.78814|(861.5, 287.0)
79.80481|(849.8, 314.6)
79.82166|(849.4, 314.9)
79.83811|(847.4, 317.3)
79.85476|(849.2, 322.4)
79.87153|(850.5, 322.6)
79.88829|(851.1, 322.6)
79.90508|(850.7, 320.0)
79.93832|(853.2, 320.2)
79.95515|(854.2, 317.0)
79.97165|(845.7, 318.9)
79.98848|(839.3, 331.3)
80.00503|(829.7, 354.8)
80.02187|(827.7, 359.4)
80.03852|(828.0, 358.3)
80.05518|(826.6, 361.9)
80.08851|(818.1, 382.0)
80.12213|(816.7, 377.8)
80.13879|(816.1, 376.8)
80.15543|(816.0, 376.3)
80.17213|(821.0, 379.0)
80.18884|(815.6, 364.5)
80.20554|(817.4, 368.9)
80.2224|(818.2, 377.3)
80.25571|(826.6, 420.1)
80.27216|(830.9, 444.8)
80.28904|(845.1, 487.8)
80.30554|(845.0, 489.5)
80.3224|(846.3, 494.5)
80.3391|(835.6, 480.7)
80.35574|(833.8, 478.7)
80.38911|(832.7, 475.6)
80.40594|(833.7, 476.4)
80.42259|(829.7, 474.3)
80.43921|(830.2, 475.2)
80.45598|(830.0, 476.5)
80.47263|(825.1, 476.5)
80.4892|(813.0, 479.3)
80.50582|(803.1, 482.3)
80.53939|(782.1, 485.0)
80.55608|(779.4, 485.1)
80.57269|(778.4, 483.9)
80.58939|(777.4, 482.7)
80.60619|(777.3, 482.0)
80.62316|(777.5, 481.5)
80.63953|(777.7, 481.7)
80.65623|(782.7, 485.3)
80.67298|(782.6, 485.8)
80.68967|(780.7, 489.4)
80.70637|(781.2, 489.7)
80.72306|(781.1, 489.6)
80.73974|(795.9, 487.3)
80.75626|(828.5, 490.1)
80.77315|(869.1, 494.3)
80.78996|(925.0, 501.1)
80.80649|(979.5, 507.2)
80.83983|(1206.6, 540.4)
80.8567|(1211.7, 559.9)
80.87314|(1208.8, 559.7)
80.88979|(1210.5, 577.3)
80.90662|(1209.8, 573.7)
80.92328|(1209.8, 576.9)
80.9401|(1208.8, 577.0)
80.95673|(1209.3, 579.9)
80.99014|(1076.5, 544.5)
81.00679|(1044.6, 537.3)
81.02343|(1020.7, 529.9)
81.04018|(997.2, 522.8)
81.05679|(872.7, 485.5)
81.07372|(872.7, 482.7)
81.09025|(872.4, 481.1)
81.10699|(873.0, 480.8)
81.12364|(873.4, 479.3)
81.14035|(867.8, 473.8)
81.15704|(872.2, 473.8)
81.17367|(869.7, 474.1)
81.19084|(867.6, 474.0)
81.20712|(837.0, 471.5)
81.2239|(831.3, 470.8)
81.24052|(827.2, 470.5)
81.25723|(830.0, 471.2)
81.29057|(817.9, 473.3)
81.3072|(817.2, 468.6)
81.47418|(858.6, 537.9)
81.49111|(818.7, 480.1)
81.52438|(797.6, 426.2)
81.54109|(786.7, 399.5)
81.55769|(778.4, 431.2)
81.57436|(781.4, 421.8)
81.59129|(789.8, 462.1)
81.60778|(790.8, 464.4)
81.62464|(790.7, 463.3)
81.6411|(789.1, 460.8)
81.65798|(801.0, 465.8)
81.67443|(802.3, 465.2)
81.69132|(794.8, 468.8)
81.70788|(794.5, 468.3)
81.74143|(796.9, 469.5)
81.75822|(798.1, 472.0)
81.77467|(796.6, 471.4)
81.79145|(796.0, 471.4)
81.80834|(795.1, 469.7)
81.82495|(796.0, 470.5)
81.84151|(798.0, 473.9)
81.87486|(797.6, 475.3)
81.89175|(797.4, 476.5)
81.9082|(795.0, 477.5)
81.925|(793.9, 477.3)
81.94182|(792.7, 476.7)
81.95853|(789.3, 475.7)
81.97515|(788.7, 474.2)
81.99188|(789.3, 471.6)
82.00844|(790.0, 469.2)
82.02516|(791.5, 470.3)
82.04168|(793.9, 473.1)
82.05867|(795.0, 476.4)
82.07533|(796.9, 476.9)
82.09206|(796.7, 477.0)
82.10868|(799.7, 478.3)
82.12528|(800.2, 480.7)
82.14205|(800.9, 480.9)
82.15875|(800.8, 480.7)
82.17535|(799.1, 478.5)
82.19202|(796.2, 472.8)
82.20881|(804.6, 648.4)
82.22552|(814.1, 939.3)
82.24208|(814.4, 967.2)
82.25899|(814.9, 974.4)
82.27571|(815.8, 980.6)
82.29226|(821.6, 971.7)
82.32579|(819.6, 957.7)
82.34257|(817.7, 954.9)
82.35909|(816.3, 957.6)
82.37574|(813.3, 961.9)
82.39252|(809.9, 958.6)
82.40905|(812.6, 952.0)
82.42597|(828.3, 912.1)
82.45913|(858.6, 708.2)
82.47577|(874.9, 595.4)
82.49263|(896.0, 438.6)
82.50928|(897.9, 439.8)
82.52608|(898.4, 441.1)
82.54259|(899.1, 442.1)
82.55947|(896.4, 444.0)
82.57601|(889.3, 447.2)
82.59276|(889.4, 449.1)
82.60953|(891.0, 452.8)
82.62617|(890.3, 455.5)
82.64285|(892.0, 456.8)
82.65961|(892.2, 456.9)
82.67619|(895.1, 452.1)
82.69305|(896.0, 453.3)
82.70956|(910.5, 453.7)
82.72645|(916.5, 455.5)
82.74302|(942.2, 460.0)
82.77646|(970.7, 466.7)
82.79314|(970.5, 468.0)
82.80964|(968.9, 471.4)
82.82658|(965.7, 470.9)
82.84336|(965.6, 468.8)
82.8601|(965.0, 468.1)
82.87663|(968.6, 467.6)
82.90997|(967.8, 466.2)
82.92682|(967.0, 465.9)
82.94327|(968.6, 463.5)
82.95992|(967.7, 462.7)
82.97678|(967.4, 462.9)
82.99337|(966.8, 462.0)
83.01018|(967.6, 462.4)
83.02692|(978.3, 468.9)
83.0435|(1029.5, 469.7)
83.06042|(1034.0, 469.7)
83.07699|(1025.2, 470.4)
83.09364|(1036.0, 470.7)
83.11044|(1055.3, 471.1)
83.12699|(1064.6, 469.5)
83.14383|(1064.0, 467.4)
83.16033|(1064.1, 467.5)
83.17714|(1064.2, 467.3)
83.19379|(1059.9, 465.3)
83.2272|(804.0, 358.7)
83.24389|(770.9, 345.2)
83.26077|(733.4, 331.0)
83.27738|(731.8, 343.5)
83.294|(731.4, 348.7)
83.31059|(737.2, 356.4)
83.32734|(737.3, 354.6)
83.34393|(738.7, 358.4)
83.37743|(737.4, 356.2)
83.39426|(741.4, 354.8)
83.41086|(741.7, 355.2)
83.42756|(741.8, 355.3)
83.44424|(745.9, 355.9)
83.461|(759.6, 357.8)
83.49429|(767.2, 359.5)
83.52776|(773.3, 360.7)
83.54448|(773.4, 360.9)
83.56107|(773.1, 365.0)
83.57784|(773.6, 369.6)
83.59458|(773.4, 369.0)
83.61111|(771.6, 368.4)
83.62783|(770.4, 363.4)
83.6445|(772.1, 365.0)
83.67803|(774.4, 364.2)
83.69478|(776.1, 366.0)
83.71127|(776.4, 369.8)
83.72813|(777.0, 369.4)
83.74464|(773.8, 368.5)
83.76149|(769.7, 368.8)
83.77801|(767.8, 365.0)
83.79474|(765.3, 365.5)
83.82819|(770.4, 368.8)
83.87838|(775.3, 364.3)
83.91164|(775.6, 364.3)
83.94525|(802.7, 350.7)
83.97823|(803.0, 352.2)
83.99528|(800.0, 353.7)
84.01189|(800.0, 348.8)
84.02862|(797.4, 314.3)
84.04514|(797.5, 314.9)
84.06203|(798.1, 319.0)
84.07858|(798.8, 324.8)
84.09543|(804.8, 342.7)
84.12855|(806.6, 356.2)
84.14523|(804.2, 360.1)
84.1621|(802.6, 362.3)
84.17879|(804.6, 364.2)
84.1954|(803.9, 365.4)
84.21207|(805.3, 369.6)
84.22885|(805.3, 370.4)
84.24545|(800.2, 369.8)
84.27877|(798.8, 370.7)
84.29556|(788.9, 369.2)
84.31226|(785.5, 366.8)
84.32909|(779.4, 364.6)
84.34589|(777.2, 366.3)
84.36232|(778.7, 368.6)
84.37901|(779.2, 371.8)
84.39583|(780.0, 374.3)
84.42918|(781.9, 377.9)
84.44574|(781.4, 377.7)
84.46253|(781.4, 377.6)
84.47939|(778.6, 376.2)
84.49598|(778.7, 375.8)
84.52927|(779.1, 374.1)
84.5461|(779.2, 374.2)
84.57939|(780.1, 373.8)
84.59613|(781.2, 375.5)
84.61285|(784.6, 376.3)
84.62959|(784.9, 376.5)
84.6462|(796.9, 376.5)
84.66286|(823.9, 372.0)
84.67957|(853.1, 376.1)
84.69627|(853.9, 379.1)
84.72974|(867.6, 382.7)
84.74632|(867.1, 384.9)
84.763|(861.7, 387.0)
84.77976|(860.0, 386.4)
84.79642|(861.0, 384.6)
84.81315|(861.2, 384.4)
84.82977|(862.0, 382.7)
84.8465|(863.1, 382.8)
84.87997|(864.9, 382.8)
84.89664|(864.0, 382.7)
84.91331|(863.1, 382.8)
84.93015|(842.3, 383.4)
84.94686|(806.8, 382.2)
84.9801|(798.3, 381.3)
84.9968|(791.9, 381.1)
85.03024|(793.4, 379.3)
85.04691|(792.8, 379.4)
85.21394|(930.0, 409.6)
85.23043|(870.0, 357.4)
85.24714|(870.6, 345.5)
85.26389|(856.8, 301.9)
85.28061|(866.0, 321.7)
85.2974|(867.8, 330.9)
85.33071|(863.6, 340.7)
85.34745|(858.7, 346.0)
85.36411|(858.5, 350.4)
85.38096|(862.1, 362.1)
85.39735|(869.5, 362.3)
85.41407|(940.5, 364.0)
85.43104|(930.7, 363.1)
85.44736|(941.3, 366.2)
85.48095|(955.4, 366.8)
85.49763|(954.8, 367.7)
85.51431|(953.9, 367.4)
85.53098|(950.2, 382.8)
85.56438|(953.1, 382.2)
85.58112|(952.4, 383.3)
85.59777|(953.4, 383.9)
85.63128|(950.4, 381.6)
85.64788|(950.7, 381.8)
85.66449|(951.2, 383.6)
85.68119|(952.3, 388.6)
85.69779|(953.2, 390.0)
85.71449|(950.6, 381.1)
85.73131|(948.8, 381.4)
85.74802|(948.6, 381.7)
85.7814|(948.9, 381.4)
85.79826|(947.5, 381.6)
85.81477|(941.4, 383.6)
85.83157|(920.5, 381.6)
85.84817|(812.1, 372.4)
85.8649|(800.1, 372.4)
85.88156|(793.7, 371.8)
85.89851|(776.7, 368.5)
85.93162|(770.8, 364.9)
85.94837|(771.4, 365.6)
85.96514|(771.1, 363.8)
85.98188|(769.4, 369.8)
86.01517|(775.7, 372.1)
86.03195|(776.1, 370.0)
86.04853|(776.4, 369.3)
86.08199|(777.4, 369.2)
86.09875|(775.6, 369.3)
86.11527|(775.4, 368.5)
86.13223|(769.0, 363.8)
86.14864|(701.7, 316.6)
86.1655|(699.1, 316.1)
86.182|(694.6, 312.4)
86.19878|(696.4, 317.9)
86.23225|(692.7, 310.6)
86.2488|(695.0, 312.3)
86.26558|(702.9, 314.3)
86.28222|(708.1, 317.1)
86.29911|(711.4, 319.2)
86.31558|(723.3, 324.1)
86.33233|(728.8, 323.9)
86.34907|(766.1, 326.8)
86.38251|(839.9, 337.3)
86.39919|(852.4, 341.2)
86.41586|(885.9, 353.2)
86.43247|(887.8, 357.1)
86.44909|(888.5, 359.6)
86.46608|(887.4, 359.6)
86.48248|(885.2, 357.3)
86.49944|(858.2, 335.7)
86.53268|(846.7, 330.8)
86.54939|(834.7, 325.7)
86.56609|(776.1, 304.7)
86.59938|(740.6, 293.9)
86.6164|(740.8, 294.3)
86.63275|(739.3, 293.1)
86.64963|(738.4, 292.0)
86.68288|(733.3, 286.9)
86.6996|(723.9, 282.7)
86.71632|(717.0, 277.8)
86.73311|(710.4, 271.2)
86.74967|(705.1, 268.0)
86.76643|(692.8, 257.9)
86.783|(692.7, 257.4)
86.79982|(692.4, 256.2)
86.83334|(697.8, 257.0)
86.84978|(695.8, 253.4)
86.88327|(694.4, 252.3)
86.90011|(941.8, 266.3)
86.9166|(952.2, 268.3)
86.93334|(950.5, 271.4)
86.94991|(961.6, 271.1)
86.98345|(965.5, 275.6)
87.00013|(972.1, 287.8)
87.01697|(969.4, 290.6)
87.05022|(966.1, 291.7)
87.06689|(964.2, 291.3)
87.08366|(962.5, 291.0)
87.10035|(962.6, 292.3)
87.13377|(959.7, 299.2)
87.15049|(959.3, 305.5)
87.18375|(966.9, 310.4)
87.20073|(976.6, 339.9)
87.21715|(982.2, 350.9)
87.23389|(986.9, 359.6)
87.25049|(989.3, 365.2)
87.28412|(993.5, 379.5)
87.30058|(992.5, 380.1)
87.31726|(992.5, 376.0)
87.33401|(991.2, 376.4)
87.35062|(991.7, 376.2)
87.36725|(992.1, 376.8)
87.38422|(992.4, 376.9)
87.40098|(992.4, 377.1)
87.43432|(995.9, 378.7)
87.45085|(994.7, 378.3)
87.46742|(997.3, 379.2)
87.48415|(993.5, 378.8)
87.51758|(989.4, 379.8)
87.53442|(976.9, 382.5)
87.55111|(815.8, 392.5)
87.58443|(777.1, 396.7)
87.60126|(769.6, 399.9)
87.63456|(767.9, 418.1)
87.65113|(767.8, 422.5)
87.66795|(767.5, 422.2)
87.68462|(769.2, 420.6)
87.70145|(770.2, 418.5)
87.73475|(774.2, 419.2)
87.75143|(778.5, 424.6)
87.76807|(780.2, 425.3)
87.78482|(774.7, 424.6)
87.80146|(756.4, 442.8)
87.81827|(741.8, 480.5)
87.83489|(728.7, 546.9)
87.85144|(721.4, 573.6)
87.88506|(721.5, 570.4)
87.90169|(718.9, 621.1)
87.91828|(722.1, 623.4)
87.93519|(722.7, 625.8)
87.95185|(724.2, 627.5)
87.9683|(723.7, 626.2)
87.98504|(722.4, 623.0)
88.0018|(717.7, 613.4)
88.03531|(717.0, 611.1)
88.0518|(717.0, 616.9)
88.0685|(715.7, 614.3)
88.08546|(715.0, 614.6)
88.10195|(716.4, 618.9)
88.11845|(707.4, 615.4)
88.13514|(699.7, 613.3)
88.15207|(689.3, 604.5)
88.1853|(680.1, 597.0)
88.21892|(679.8, 598.0)
88.23562|(679.0, 595.4)
88.25206|(680.7, 610.5)
88.26907|(685.1, 607.9)
88.28563|(681.3, 598.5)
88.30247|(682.9, 602.6)
88.33558|(681.3, 595.7)
88.35235|(679.5, 589.1)
88.36916|(674.9, 569.0)
88.38571|(673.6, 555.8)
88.4025|(675.1, 555.3)
88.41906|(677.3, 552.9)
88.43603|(677.2, 548.4)
88.45251|(675.4, 546.5)
88.48598|(674.0, 542.4)
88.50256|(673.4, 545.2)
88.51917|(672.9, 549.0)
88.53603|(673.3, 546.4)
88.5527|(673.2, 537.2)
88.56937|(674.5, 539.7)
88.58602|(674.1, 540.0)
88.60305|(673.5, 533.1)
88.63632|(674.4, 530.1)
88.66972|(677.5, 524.1)
88.68607|(675.0, 502.3)
88.70309|(688.5, 342.0)
88.71957|(688.5, 324.2)
88.7363|(687.4, 327.8)
88.75311|(690.9, 274.8)
88.78638|(691.4, 277.1)
88.8031|(688.9, 292.9)
88.81992|(694.9, 307.7)
88.83666|(696.6, 314.5)
88.85312|(697.5, 315.9)
88.87|(694.5, 319.5)
88.88675|(693.5, 318.7)
88.90337|(689.8, 321.8)
88.93687|(689.0, 322.2)
88.95339|(689.0, 319.5)
88.97011|(687.9, 321.5)
88.98661|(687.1, 322.9)
89.00349|(677.8, 323.6)
89.02004|(674.4, 321.6)
89.03693|(673.4, 320.1)
89.05345|(674.5, 321.5)
89.08691|(670.0, 301.0)
89.12044|(670.8, 297.2)
89.13708|(671.2, 296.7)
89.15383|(675.8, 297.1)
89.17033|(675.2, 295.2)
89.18715|(674.9, 295.1)
89.204|(675.2, 295.4)
89.23715|(672.8, 296.2)
89.25386|(672.1, 298.9)
89.27077|(673.3, 303.5)
89.28728|(677.7, 312.1)
89.30408|(682.8, 352.5)
89.32066|(686.8, 383.2)
89.33744|(691.5, 421.4)
89.35413|(697.3, 472.0)
89.38745|(719.3, 648.7)
89.40409|(730.5, 718.3)
89.42073|(725.6, 695.1)
89.43754|(728.4, 705.8)
89.45425|(730.6, 713.8)
89.47098|(722.7, 706.3)
89.48763|(724.0, 706.5)
89.50433|(725.5, 705.0)
89.53775|(724.3, 694.3)
89.55442|(723.0, 696.9)
89.57104|(722.2, 699.3)
89.58769|(721.8, 699.9)
89.60434|(725.7, 700.9)
89.62119|(726.4, 698.4)
89.63807|(726.2, 697.2)
89.6545|(725.1, 688.7)
89.67142|(725.1, 689.9)
89.70462|(725.2, 696.6)
89.72145|(725.0, 695.4)
89.73802|(722.9, 697.3)
89.75461|(720.4, 695.2)
89.77135|(720.5, 696.5)
89.78806|(719.9, 697.4)
89.80486|(718.8, 695.0)
89.83808|(717.0, 694.3)
89.855|(716.1, 690.6)
89.87163|(714.4, 694.4)
89.88834|(714.1, 698.7)
89.90511|(714.7, 698.0)
89.92292|(714.5, 696.8)
89.93865|(715.3, 697.2)
89.95509|(718.1, 704.3)
89.9884|(716.3, 703.7)
90.00497|(713.6, 707.0)
90.02184|(713.5, 709.2)
90.03851|(713.7, 709.1)
90.05559|(715.6, 713.0)
90.07223|(715.5, 712.8)
90.08879|(715.2, 712.6)
90.10542|(714.9, 714.2)
90.12222|(717.1, 710.3)
90.13882|(714.5, 714.8)
90.15546|(715.2, 748.1)
90.1721|(726.3, 994.4)
90.18898|(730.3, 991.7)
90.20541|(724.9, 951.5)
90.22222|(720.6, 937.1)
90.23888|(720.3, 953.8)
90.2558|(718.4, 948.7)
90.28895|(708.0, 942.3)
90.30643|(708.1, 941.6)
90.32248|(710.4, 941.3)
90.33897|(717.7, 934.8)
90.3558|(717.1, 930.9)
90.38924|(723.7, 912.7)
90.40575|(723.7, 910.9)
90.43921|(720.5, 897.6)
90.47255|(717.8, 881.6)
90.48946|(718.9, 886.2)
90.50677|(736.7, 624.9)
90.52265|(743.5, 567.8)
90.53941|(746.2, 542.0)
90.5564|(750.3, 482.0)
90.57292|(746.1, 478.3)
90.60626|(743.3, 479.5)
90.62336|(738.6, 485.9)
90.63948|(732.5, 499.2)
90.6563|(733.6, 496.9)
90.67305|(732.4, 500.1)
90.6898|(724.3, 503.2)
90.70641|(718.5, 502.8)
90.7397|(714.1, 501.3)
90.75655|(698.4, 497.3)
90.77315|(695.6, 495.9)
90.78971|(695.2, 492.2)
90.80659|(696.9, 487.0)
90.82311|(696.6, 485.3)
90.83997|(695.5, 483.6)
90.83997|(694.4, 482.5)
90.89003|(689.7, 481.0)
90.90667|(694.1, 481.2)
90.92317|(694.8, 482.2)
90.94016|(695.2, 483.0)
91.1237|(858.9, 214.8)
91.19052|(826.1, 199.3)
91.20705|(819.2, 219.1)
91.22379|(808.2, 251.7)
91.24044|(800.2, 243.1)
91.25727|(799.0, 242.0)
91.2741|(793.9, 252.2)
91.29081|(804.3, 249.2)
91.3408|(792.0, 255.8)
91.35737|(781.8, 263.1)
91.37403|(758.9, 286.5)
91.39096|(752.1, 291.1)
91.40745|(746.3, 303.0)
91.42413|(747.5, 305.9)
91.4408|(748.2, 306.0)
91.45747|(744.6, 304.7)
91.4742|(745.0, 304.6)
91.49089|(744.8, 308.3)
91.50753|(745.5, 309.4)
91.52439|(746.4, 309.0)
91.54092|(745.9, 311.8)
91.55771|(745.9, 313.1)
91.57433|(745.6, 314.9)
91.5911|(746.2, 315.6)
91.60785|(746.5, 316.1)
91.64116|(748.2, 316.2)
91.65788|(748.4, 315.9)
91.69128|(753.4, 317.7)
91.70795|(758.5, 317.7)
91.72484|(847.5, 320.9)
91.74151|(1004.3, 378.3)
91.79164|(1008.5, 371.5)
91.80814|(1025.5, 378.2)
91.825|(1026.9, 377.6)
91.84148|(1026.1, 375.2)
91.85844|(1018.2, 385.3)
91.8748|(1018.5, 387.6)
91.89159|(1020.0, 390.1)
91.90832|(1017.7, 391.6)
91.925|(1017.7, 397.5)
91.94167|(1021.3, 388.3)
91.95843|(1023.7, 387.0)
91.97512|(1026.2, 381.3)
91.99172|(1033.2, 377.0)
92.02511|(980.0, 351.3)
92.04174|(978.3, 370.1)
92.07526|(904.4, 322.2)
92.10914|(849.7, 303.9)
92.12543|(851.0, 303.2)
92.14214|(860.5, 298.9)
92.15874|(866.8, 298.8)
92.17561|(867.3, 300.8)
92.1921|(866.9, 306.3)
92.22552|(875.5, 306.4)
92.24231|(875.4, 308.2)
92.25909|(871.2, 307.2)
92.27563|(867.5, 291.6)
92.2924|(865.1, 292.2)
92.32575|(808.1, 296.5)
92.37579|(798.4, 297.8)
92.40928|(795.9, 297.2)
92.42672|(835.6, 385.8)
92.44334|(827.9, 457.5)
92.4595|(842.0, 528.7)
92.47592|(834.2, 531.2)
92.49283|(840.5, 546.3)
92.50929|(840.2, 558.3)
92.52597|(834.6, 649.1)
92.54263|(829.5, 669.0)
92.55942|(827.9, 678.3)
92.57642|(827.4, 672.5)
92.59296|(828.1, 667.9)
92.6095|(827.6, 666.8)
92.62635|(828.9, 639.5)
92.643|(836.3, 442.9)
92.67632|(864.3, 274.0)
92.69324|(855.6, 352.4)
92.70969|(860.4, 314.1)
92.72653|(863.6, 275.8)
92.74308|(865.0, 265.5)
92.76004|(863.6, 241.7)
92.77655|(868.9, 241.8)
92.81012|(881.0, 246.5)
92.82668|(880.3, 243.2)
92.84346|(886.5, 248.8)
92.86002|(889.8, 258.6)
92.87675|(891.7, 262.3)
92.89336|(891.8, 263.5)
92.91011|(894.6, 267.8)
92.92675|(897.5, 270.7)
92.94335|(895.1, 267.6)
92.96007|(895.7, 267.5)
92.97691|(895.0, 264.1)
92.99348|(894.9, 263.5)
93.01035|(896.4, 289.3)
93.0274|(900.8, 288.7)
93.04369|(936.5, 289.9)
93.06032|(954.8, 287.0)
93.07702|(961.8, 286.8)
93.09365|(980.8, 273.8)
93.12714|(988.6, 273.3)
93.14371|(983.5, 275.7)
93.17728|(984.2, 277.3)
93.19418|(984.5, 280.1)
93.21066|(1062.4, 278.5)
93.22747|(1036.0, 281.1)
93.27728|(1073.1, 283.1)
93.29393|(1073.9, 285.5)
93.31065|(1064.5, 291.0)
93.32738|(1026.4, 298.4)
93.34422|(947.2, 376.0)
93.36087|(837.8, 487.3)
93.39415|(800.3, 529.6)
93.42754|(791.6, 570.7)
93.44424|(793.9, 575.9)
93.46098|(792.9, 587.7)
93.47765|(797.0, 588.3)
93.49432|(789.8, 591.5)
93.51099|(785.8, 595.2)
93.52759|(783.6, 599.6)
93.54439|(781.1, 601.0)
93.57764|(784.9, 647.2)
93.59454|(783.7, 666.8)
93.61121|(792.0, 785.2)
93.6277|(790.1, 751.2)
93.64444|(791.1, 769.7)
93.66127|(796.2, 899.9)
93.67785|(792.4, 892.6)
93.69491|(793.3, 886.1)
93.72806|(793.4, 885.3)
93.74469|(794.2, 882.2)
93.77831|(795.2, 882.5)
93.79502|(796.2, 883.8)
93.81164|(794.6, 885.2)
93.84498|(788.9, 897.5)
93.87811|(792.1, 938.5)
93.89516|(795.3, 962.5)
93.91173|(796.7, 970.8)
93.92847|(797.2, 974.9)
93.94501|(797.0, 981.4)
93.96203|(796.2, 983.0)
93.97849|(798.7, 983.0)
93.99545|(799.9, 980.9)
94.02863|(802.8, 974.6)
94.0452|(800.9, 976.8)
94.06213|(802.8, 979.6)
94.07867|(801.3, 979.8)
94.09547|(795.4, 975.7)
94.1119|(797.9, 977.1)
94.12867|(791.4, 982.7)
94.14543|(790.5, 984.8)
94.17888|(788.1, 988.5)
94.19569|(790.2, 990.3)
94.21223|(789.6, 994.7)
94.22902|(788.3, 994.0)
94.24556|(791.2, 998.5)
94.26232|(793.7, 996.8)
94.27898|(787.5, 996.2)
94.29581|(786.3, 994.1)
94.32925|(799.4, 996.9)
94.3459|(805.1, 998.0)
94.36272|(806.7, 998.4)
94.37919|(834.4, 998.1)
94.39591|(843.8, 1001.1)
94.42919|(855.7, 1006.4)
94.4458|(860.2, 1007.0)
94.47917|(858.3, 1011.2)
94.49598|(855.9, 1009.1)
94.51269|(856.4, 1010.2)
94.52942|(858.3, 1009.5)
94.54601|(859.8, 1008.5)
94.56272|(869.6, 1005.5)
94.57944|(861.4, 1013.5)
94.59623|(865.6, 1010.0)
94.62951|(863.8, 995.5)
94.6462|(862.3, 1000.5)
94.66302|(869.1, 1056.1)
94.67956|(869.7, 1071.8)
94.69637|(870.9, 1103.8)
94.71301|(879.8, 1119.2)
94.72984|(878.1, 1132.1)
94.74617|(878.8, 1129.7)
94.77964|(879.0, 1122.5)
94.79644|(884.3, 1112.7)
94.81316|(882.7, 1113.2)
94.82993|(881.0, 1113.5)
94.84644|(881.1, 1112.5)
94.86323|(881.7, 1111.6)
94.87999|(883.6, 1112.8)
94.89658|(886.9, 1115.2)
94.93|(896.4, 1117.1)
94.94682|(904.6, 1103.0)
94.96348|(903.1, 1108.5)
94.98002|(911.1, 1105.8)
95.01347|(922.7, 1107.7)
95.03027|(924.0, 1109.2)
95.04679|(922.2, 1129.5)
95.08021|(916.4, 1111.2)
95.09699|(908.9, 1107.0)
95.11364|(899.2, 1094.8)
95.13033|(884.4, 1077.6)
95.14697|(881.8, 1072.9)
95.16376|(852.5, 1043.7)
95.1804|(841.7, 1031.2)
95.19724|(842.1, 1031.7)
95.23047|(838.6, 1027.1)
95.24721|(838.9, 1028.4)
95.2638|(838.7, 1029.3)
95.28062|(837.6, 1033.1)
95.29729|(842.1, 1025.0)
95.31377|(845.1, 1013.2)
95.33083|(867.4, 897.4)
95.34726|(916.1, 617.5)
95.38078|(934.9, 503.7)
95.39771|(934.0, 386.4)
95.41397|(940.3, 319.0)
95.43105|(945.8, 260.2)
95.46423|(943.1, 243.9)
95.48088|(942.9, 246.3)
95.49765|(945.0, 248.1)
95.53116|(947.0, 253.9)
95.54772|(945.0, 257.3)
95.56451|(946.5, 255.7)
95.58115|(948.5, 265.3)
95.59776|(965.1, 368.2)
95.61456|(975.9, 416.0)
95.63119|(980.2, 426.8)
95.64794|(980.3, 425.7)
95.68118|(982.9, 426.5)
95.6981|(983.6, 426.6)
95.71459|(983.8, 426.1)
95.73138|(989.8, 417.6)
95.74803|(1017.3, 376.8)
95.76472|(1024.5, 367.6)
95.78139|(1047.8, 338.0)
95.79816|(1058.3, 323.3)
95.83173|(1108.8, 254.6)
95.84823|(1111.4, 253.8)
95.86497|(1115.3, 259.7)
95.88145|(1117.9, 260.1)
95.91494|(1124.8, 261.3)
95.93182|(1123.3, 260.8)
95.94833|(1118.8, 259.4)
95.9819|(1113.4, 266.7)
95.99861|(1108.6, 272.3)
96.0152|(1071.3, 322.5)
96.04848|(1031.0, 368.2)
96.06538|(1027.6, 369.3)
96.08199|(1021.4, 375.5)
96.09875|(1022.1, 376.1)
96.1321|(1022.4, 372.5)
96.14874|(1026.2, 373.0)
96.1655|(1025.6, 372.9)
96.18212|(1025.9, 369.5)
96.19884|(1028.2, 369.0)
96.21545|(1032.6, 369.4)
96.23236|(1035.8, 369.6)
96.24896|(1035.0, 368.4)
96.28263|(1208.7, 442.0)
96.2992|(1262.2, 465.0)
96.31586|(1553.1, 579.3)
96.33242|(1675.5, 645.1)
96.36584|(1721.1, 673.7)
96.38254|(1705.0, 680.4)
96.39935|(1747.4, 711.4)
96.43253|(1710.4, 684.3)
96.44924|(1651.8, 633.5)
96.46611|(1649.0, 631.3)
96.49953|(1709.3, 677.5)
96.51608|(1640.2, 663.8)
96.5328|(1564.9, 659.7)
96.54947|(1518.0, 654.7)
96.58277|(1217.0, 603.4)
96.59968|(1145.1, 590.5)
96.61626|(1108.5, 575.9)
96.63306|(1111.2, 579.8)
96.64967|(1107.5, 573.4)
96.66642|(1103.7, 570.3)
96.68287|(1102.9, 570.1)
96.70004|(1113.6, 577.4)
96.73328|(1149.8, 613.0)
96.7496|(1142.5, 609.4)
96.7668|(1333.7, 601.3)
96.78315|(1462.5, 614.6)
96.8|(1453.3, 608.6)
96.81655|(1531.1, 619.1)
96.83327|(1487.0, 613.1)
96.85123|(1632.8, 634.1)
96.88345|(1685.8, 639.2)
96.90034|(1687.2, 638.5)
96.91662|(1686.8, 638.0)
96.93351|(1679.6, 606.0)
96.96668|(1675.5, 598.5)
96.98355|(1659.8, 609.5)
97.00008|(1635.3, 607.9)
97.03365|(1527.6, 610.1)
97.05036|(1342.6, 576.3)
97.0835|(1127.2, 593.9)
97.10035|(1022.0, 606.8)
97.11678|(937.5, 614.1)
97.13363|(941.1, 620.2)
97.15036|(945.3, 627.3)
97.18363|(944.6, 626.3)
97.20043|(946.1, 633.9)
97.21703|(947.0, 637.7)
97.23389|(949.4, 635.7)
97.26717|(952.3, 634.0)
97.28394|(973.6, 641.0)
97.30077|(999.6, 641.1)
97.33398|(1025.6, 643.3)
97.36732|(1074.1, 649.1)
97.38408|(1069.4, 648.2)
97.40099|(1068.5, 648.0)
97.41737|(1068.0, 649.9)
97.43424|(1068.1, 651.7)
97.45104|(1069.1, 653.2)
97.48421|(1068.8, 654.4)
97.50102|(1065.4, 642.7)
97.53454|(1071.6, 643.6)
97.55091|(1070.9, 642.9)
97.56774|(1071.6, 642.7)
97.58438|(1073.4, 641.7)
97.60122|(1073.8, 642.1)
97.63456|(1075.0, 646.7)
97.65119|(1074.7, 645.7)
97.66785|(907.8, 644.6)
97.68463|(907.2, 642.5)
97.71797|(898.0, 641.4)
97.73479|(897.3, 636.5)
97.78472|(895.5, 624.3)
97.80138|(894.4, 621.3)
97.81805|(861.4, 617.1)
97.83485|(784.1, 637.5)
97.85143|(805.5, 631.9)
97.86821|(816.1, 628.9)
97.88483|(803.2, 634.0)
97.90163|(753.2, 640.1)
97.93514|(760.6, 653.4)
97.95158|(742.3, 639.7)
97.98521|(738.4, 634.3)
98.00175|(737.5, 631.7)
98.01848|(736.1, 628.2)
98.03542|(736.5, 627.5)
98.05186|(736.3, 627.5)
98.08518|(740.8, 627.6)
98.11864|(742.0, 628.6)
98.13549|(742.4, 625.3)
98.1519|(740.7, 627.7)
98.16869|(741.0, 627.7)
98.18531|(741.6, 625.9)
98.20224|(742.0, 628.3)
98.23554|(743.9, 625.0)
98.25227|(745.1, 626.3)
98.26888|(747.2, 629.8)
98.28558|(743.4, 628.6)
98.30224|(742.9, 628.9)
98.31907|(742.2, 629.1)
98.33582|(742.4, 627.6)
98.35255|(743.9, 625.2)
98.38579|(743.9, 626.4)
98.40245|(742.8, 625.2)
98.41906|(744.7, 627.9)
98.43584|(744.6, 628.9)
98.45247|(754.8, 704.7)
98.46935|(762.0, 749.0)
98.48577|(763.0, 754.7)
98.50275|(763.4, 758.1)
98.53611|(763.5, 765.1)
98.56962|(763.3, 762.7)
98.58681|(762.6, 760.6)
98.60316|(765.3, 751.4)
98.61968|(767.2, 747.9)
98.63617|(761.4, 739.5)
98.65291|(759.8, 734.6)
98.6863|(759.0, 732.9)
98.70311|(758.7, 733.6)
98.71998|(757.1, 740.6)
98.73653|(756.5, 744.6)
98.75297|(757.9, 746.7)
98.77055|(757.8, 746.3)
98.78707|(758.0, 746.4)
98.80354|(761.9, 749.4)
98.83652|(764.3, 750.8)
98.85324|(763.6, 750.3)
98.87012|(761.0, 747.3)
98.88653|(757.3, 743.6)
98.90346|(756.8, 741.5)
98.92014|(759.0, 740.6)
98.93685|(768.5, 757.2)
98.95345|(776.3, 767.2)
98.98684|(784.0, 777.2)
99.02027|(794.7, 782.4)
99.0372|(799.4, 775.1)
99.05352|(805.0, 761.7)
99.07021|(833.7, 746.6)
99.08684|(844.4, 738.0)
99.10378|(857.5, 725.5)
99.13703|(880.3, 703.8)
99.15367|(960.2, 608.9)
99.17058|(961.1, 609.4)
99.187|(960.2, 603.8)
99.2038|(960.9, 601.0)
99.22067|(959.7, 600.1)
99.23722|(960.1, 606.8)
99.25392|(960.4, 606.8)
99.28728|(969.5, 611.2)
99.30405|(974.0, 611.9)
99.32063|(989.4, 611.2)
99.33728|(997.1, 612.0)
99.35416|(1046.0, 628.0)
99.37078|(1050.2, 629.7)
99.38742|(1051.7, 630.2)
99.40403|(1053.4, 630.5)
99.4378|(1073.1, 639.0)
99.45422|(1071.7, 636.8)
99.47115|(1071.7, 636.7)
99.48761|(1072.8, 643.7)
99.5044|(1074.9, 651.4)
99.52126|(1076.0, 652.1)
99.53816|(1076.0, 650.4)
99.55463|(1076.4, 649.9)
99.58794|(1075.6, 647.1)
99.60463|(1072.1, 640.5)
99.62114|(1071.9, 641.0)
99.63802|(1070.6, 641.0)
99.65444|(1068.9, 640.0)
99.67133|(1066.9, 639.8)
99.688|(1065.2, 640.0)
99.70468|(1066.0, 640.3)
99.73824|(1073.2, 640.9)
99.75484|(1117.0, 644.9)
99.77167|(1146.3, 638.2)
99.78808|(1148.0, 635.3)
99.80483|(1148.8, 636.0)
99.82178|(1151.1, 636.7)
99.83846|(1152.4, 635.0)
99.85484|(1153.7, 638.2)
99.88832|(1153.2, 639.9)
99.905|(1152.8, 640.4)
99.92163|(1152.6, 641.8)
99.93836|(1152.2, 644.3)
99.95503|(1150.0, 644.0)
99.97201|(1148.9, 644.7)
99.98853|(1153.3, 646.4)
100.0053|(1177.3, 636.7)
100.0554|(1297.3, 646.5)
100.0718|(1675.9, 701.0)
100.0884|(1675.0, 693.4)
100.1054|(1697.3, 681.9)
100.122|(1703.9, 680.5)
100.1387|(1699.7, 663.3)
100.1554|(1695.5, 639.0)
100.1887|(1701.7, 633.1)
100.2055|(1706.9, 632.0)
100.2221|(1702.0, 627.2)
100.239|(1697.8, 624.1)
100.2555|(1702.2, 625.5)
100.2722|(1701.0, 625.9)
100.2889|(1685.5, 619.9)
100.3559|(1273.9, 591.2)
100.3724|(1293.5, 596.0)
100.389|(1141.5, 587.1)
100.4061|(977.5, 587.4)
100.4226|(978.8, 585.0)
100.4392|(977.9, 583.8)
100.4558|(977.8, 590.0)
100.4729|(977.9, 585.8)
100.4892|(980.0, 593.6)
100.5062|(986.6, 602.2)
100.5228|(989.2, 606.4)
100.5396|(989.6, 607.0)
100.5562|(990.1, 607.6)
100.573|(989.8, 606.8)
100.5895|(989.4, 605.7)
100.6062|(988.3, 604.4)
100.6398|(986.7, 604.4)
100.6562|(987.2, 604.9)
100.673|(987.7, 605.5)
100.6895|(993.6, 634.6)
100.7064|(991.8, 629.9)
100.7229|(970.3, 633.6)
100.7397|(903.2, 631.8)
100.7397|(890.4, 628.3)
100.7897|(879.3, 628.0)
100.8065|(880.1, 624.5)
100.8231|(881.8, 620.9)
100.8399|(881.2, 619.8)
100.8566|(894.7, 614.2)
100.8735|(894.7, 619.8)
100.8899|(895.7, 618.9)
100.9066|(893.7, 623.8)
100.9233|(893.3, 615.6)
100.9401|(894.0, 610.8)
100.9566|(900.7, 575.1)
100.9734|(926.9, 414.7)
100.99|(935.6, 375.3)
101.0069|(941.2, 331.7)
101.0235|(942.0, 321.1)
101.0406|(942.6, 316.5)
101.0568|(942.0, 321.4)
101.0903|(938.4, 325.2)
101.107|(938.0, 326.4)
101.1236|(939.0, 304.0)
101.1405|(944.4, 271.0)
101.1572|(945.0, 266.3)
101.1739|(944.4, 266.1)
101.1905|(942.4, 266.9)
101.2405|(940.7, 256.0)
101.2739|(942.2, 258.5)
101.2905|(942.5, 257.9)
101.3238|(942.0, 260.4)
101.3406|(939.2, 262.8)
101.374|(938.4, 267.1)
101.3908|(939.6, 269.5)
101.4073|(945.8, 278.2)
101.4241|(955.6, 291.2)
101.4411|(966.1, 319.2)
101.4574|(972.0, 345.4)
101.4742|(973.9, 350.9)
101.491|(976.3, 361.2)
101.5076|(975.4, 358.9)
101.5412|(985.7, 380.7)
101.5577|(985.6, 379.0)
101.5745|(984.3, 378.3)
101.5911|(981.1, 378.0)
101.608|(982.9, 379.5)
101.6246|(985.3, 381.2)
101.6413|(985.1, 385.0)
101.6746|(986.9, 383.9)
101.6915|(985.9, 385.0)
101.708|(982.7, 375.1)
101.7245|(969.2, 378.2)
101.7414|(851.8, 389.4)
101.758|(851.7, 396.2)
101.7747|(847.4, 402.0)
101.8081|(838.7, 408.1)
101.8248|(836.5, 404.6)
101.8416|(832.5, 398.9)
101.8581|(834.1, 399.9)
101.8748|(835.2, 400.6)
101.8918|(840.4, 400.1)
101.9083|(845.3, 397.3)
101.9249|(846.2, 396.4)
101.9416|(848.1, 397.5)
101.9584|(848.7, 396.5)
101.9918|(839.4, 387.5)
102.0086|(841.8, 393.9)
102.0251|(840.0, 385.9)
102.042|(835.6, 378.7)
102.0585|(834.0, 374.5)
102.0755|(833.2, 370.6)
102.0919|(829.8, 368.2)
102.1253|(831.3, 367.2)
102.142|(830.5, 367.4)
102.1586|(828.9, 368.8)
102.1754|(815.2, 376.0)
102.1921|(804.3, 379.7)
102.209|(797.9, 381.5)
102.2256|(795.6, 384.6)
102.2588|(791.3, 387.5)
102.2755|(780.9, 384.8)
102.2922|(782.3, 387.4)
102.3088|(783.8, 385.3)
102.3256|(784.8, 383.1)
102.3425|(785.1, 383.1)
102.359|(785.1, 383.7)
102.3757|(784.6, 385.6)
102.3924|(785.4, 398.8)
102.4091|(790.1, 501.2)
102.4259|(833.5, 867.1)
102.4426|(837.6, 903.4)
102.4593|(849.9, 976.0)
102.4759|(857.2, 1012.0)
102.4925|(857.5, 1012.3)
102.5093|(852.8, 1020.9)
102.526|(853.1, 1021.3)
102.5427|(854.5, 1020.5)
102.5763|(858.9, 1014.6)
102.5927|(858.3, 1006.5)
102.6095|(864.9, 1021.4)
102.6262|(864.9, 1021.5)
102.6429|(859.3, 1009.7)
102.6597|(858.9, 996.3)
102.6763|(850.9, 966.3)
102.7097|(844.0, 975.1)
102.7263|(841.5, 964.6)
102.7432|(841.8, 963.6)
102.7596|(843.3, 966.1)
102.7766|(844.7, 968.2)
102.7932|(847.8, 966.5)
102.8098|(848.2, 959.1)
102.843|(848.5, 957.4)
102.8599|(848.6, 954.8)
102.8766|(846.5, 939.8)
102.8932|(845.3, 930.1)
102.91|(860.5, 898.7)
102.9268|(883.3, 782.1)
102.9434|(888.7, 751.3)
102.9601|(894.0, 721.4)
102.9767|(901.3, 676.4)
102.9934|(915.2, 591.1)
103.0269|(915.4, 594.8)
103.0438|(915.0, 593.9)
103.0601|(915.0, 594.5)
103.077|(915.0, 593.8)
103.0936|(908.6, 598.8)
103.1104|(906.8, 599.3)
103.1269|(903.8, 592.8)
103.1438|(904.6, 592.9)
103.1772|(904.9, 593.7)
103.1938|(910.7, 597.0)
103.2106|(910.1, 596.6)
103.2272|(910.7, 598.0)
103.2438|(911.8, 599.8)
103.2607|(908.3, 599.7)
103.2939|(892.3, 596.7)
103.3273|(880.8, 597.5)
103.344|(876.4, 601.9)
103.3606|(873.6, 607.3)
103.3773|(870.9, 609.9)
103.3943|(866.7, 611.9)
103.4111|(868.2, 614.3)
103.4274|(868.1, 614.9)
103.4445|(862.8, 608.4)
103.4777|(864.6, 611.3)
103.4944|(862.6, 608.6)
103.5276|(865.6, 615.1)
103.5443|(866.0, 615.5)
103.5611|(1131.2, 614.3)
103.5778|(1610.2, 619.0)
103.5945|(1603.8, 621.2)
103.6278|(1626.6, 619.1)
103.6445|(1686.8, 609.4)
103.6612|(1679.7, 597.5)
103.678|(1622.3, 545.4)
103.6947|(1610.9, 533.5)
103.7112|(1614.1, 536.1)
103.7448|(1611.3, 554.6)
103.7779|(1565.2, 570.3)
103.7947|(1599.0, 562.4)
103.8115|(1502.2, 563.2)
103.8282|(1249.1, 555.8)
103.8449|(1022.4, 534.9)
103.8782|(913.4, 518.5)
103.8951|(909.3, 517.2)
103.9282|(912.1, 514.3)
103.9451|(912.1, 512.8)
103.9786|(915.6, 515.1)
103.995|(915.3, 515.4)
104.0117|(911.1, 514.3)
104.0284|(913.4, 514.7)
104.0452|(907.3, 509.7)
104.0787|(902.7, 495.8)
104.0952|(905.8, 499.3)
104.1119|(912.0, 411.9)
104.1286|(918.9, 348.0)
104.1454|(920.8, 319.1)
104.1619|(922.9, 293.4)
104.1787|(918.9, 294.7)
104.1955|(918.2, 300.9)
104.2288|(923.1, 301.9)
104.2456|(922.9, 301.0)
104.2623|(922.1, 302.2)
104.2788|(921.2, 302.3)
104.2957|(917.2, 301.1)
104.329|(912.6, 302.0)
104.3456|(911.9, 301.8)
104.3793|(913.0, 302.7)
104.3959|(911.6, 302.0)
104.4125|(917.0, 296.8)
104.4292|(927.3, 283.6)
104.4459|(933.4, 274.0)
104.4626|(939.0, 266.3)
104.4793|(946.3, 250.2)
104.4958|(947.3, 247.5)
104.5294|(946.6, 246.0)
104.5461|(946.4, 245.6)
104.5627|(944.9, 247.2)
104.5793|(944.5, 251.0)
104.5962|(943.0, 252.8)
104.6128|(943.4, 251.3)
104.6294|(943.4, 251.2)
104.6461|(945.9, 249.5)
104.6796|(943.9, 249.0)
104.6964|(945.2, 248.6)
104.713|(945.7, 249.0)
104.7298|(945.4, 252.8)
104.7464|(940.8, 318.9)
104.763|(930.6, 386.0)
104.7802|(928.2, 389.7)
104.7963|(923.8, 412.0)
104.8298|(886.4, 614.8)
104.8467|(884.4, 616.0)
104.8632|(884.2, 616.6)
104.8801|(885.9, 617.2)
104.9133|(890.8, 616.7)
104.93|(890.0, 603.8)
104.9468|(892.5, 609.4)
104.9803|(897.7, 600.9)
104.9968|(899.6, 595.4)
105.0134|(908.5, 473.3)
105.0302|(913.9, 411.7)
105.047|(918.4, 350.8)
105.0634|(922.5, 319.6)
105.0802|(923.6, 320.0)
105.0969|(923.9, 322.3)
105.1303|(928.8, 321.4)
105.1471|(933.4, 319.5)
105.1637|(933.7, 332.3)
105.1805|(932.7, 337.8)
105.1971|(932.0, 335.8)
105.2137|(932.7, 332.5)
105.2304|(930.8, 330.4)
105.2473|(930.0, 327.4)
105.2807|(926.5, 330.1)
105.2974|(924.7, 335.0)
105.3143|(924.2, 334.0)
105.3308|(924.5, 333.8)
105.364|(929.0, 336.5)
105.3808|(929.2, 333.9)
105.3973|(944.8, 455.5)
105.4307|(946.6, 468.8)
105.4476|(949.5, 491.7)
105.4644|(949.4, 496.2)
105.4809|(948.3, 501.4)
105.4976|(943.8, 501.9)
105.5143|(941.7, 495.7)
105.5478|(941.7, 497.4)
105.5978|(944.9, 509.6)
105.6144|(943.8, 507.6)
105.6479|(857.2, 485.2)
105.6812|(855.2, 484.1)
105.698|(854.9, 484.2)
105.7312|(854.3, 480.2)
105.7482|(854.5, 480.4)
105.7815|(861.5, 489.5)
105.8149|(859.9, 487.2)
105.8315|(856.7, 485.2)
105.8482|(853.9, 485.7)
105.8816|(850.6, 486.0)
105.8981|(849.8, 484.9)
105.9151|(857.2, 480.1)
105.9484|(855.7, 483.0)
105.9652|(856.0, 485.2)
105.982|(857.9, 493.8)
105.9984|(857.6, 492.9)
106.0318|(857.3, 497.2)
106.1987|(847.1, 274.5)
106.2155|(836.0, 243.8)
106.2321|(829.8, 236.8)
106.2489|(834.5, 245.3)
106.2656|(835.8, 252.1)
106.2825|(837.6, 258.2)
106.2989|(845.4, 270.3)
106.3322|(852.6, 291.9)
106.3492|(854.9, 295.9)
106.3657|(861.8, 305.1)
106.3992|(870.6, 303.7)
106.4158|(867.5, 305.4)
106.4325|(864.0, 308.3)
106.4493|(865.0, 307.3)
106.4827|(865.6, 308.8)
106.4993|(865.4, 308.8)
106.5161|(861.5, 310.9)
106.5326|(850.4, 317.3)
106.5494|(832.9, 350.1)
106.566|(832.7, 350.2)
106.5829|(830.3, 356.5)
106.5996|(830.9, 372.8)
106.6329|(825.9, 383.6)
106.6495|(828.8, 386.6)
106.6661|(829.5, 388.6)
106.6829|(833.9, 397.1)
106.6996|(833.7, 396.0)
106.7163|(833.3, 393.6)
106.7331|(833.0, 392.4)
106.7498|(821.1, 378.1)
106.7831|(822.6, 379.5)
106.7998|(821.6, 377.1)
106.8164|(830.4, 383.3)
106.8331|(831.2, 380.7)
106.8665|(828.1, 378.3)
106.8832|(823.2, 375.9)
106.9333|(817.4, 378.0)
106.9503|(822.0, 375.5)
106.9834|(822.7, 375.4)
107.0003|(823.9, 375.0)
107.0169|(827.5, 377.0)
107.0335|(851.0, 376.0)
107.0502|(920.9, 369.5)
107.0837|(948.9, 367.7)
107.1003|(956.8, 367.2)
107.1169|(980.9, 363.2)
107.1337|(983.8, 358.1)
107.1503|(973.6, 349.0)
107.1669|(963.2, 345.1)
107.184|(961.8, 345.1)
107.2005|(960.4, 343.4)
107.2339|(971.9, 349.5)
107.2506|(976.9, 353.9)
107.2672|(978.4, 357.0)
107.2838|(978.1, 357.5)
107.3006|(959.8, 358.1)
107.3176|(961.2, 359.6)
107.334|(875.7, 371.2)
107.3508|(855.7, 373.3)
107.3842|(833.1, 375.2)
107.401|(827.9, 372.2)
107.4342|(819.2, 365.7)
107.451|(819.7, 365.1)
107.4675|(816.7, 364.7)
107.4843|(813.4, 366.3)
107.501|(788.0, 362.6)
107.5344|(777.6, 362.3)
107.5511|(766.0, 360.5)
107.5677|(754.0, 366.3)
107.5844|(749.1, 377.1)
107.6009|(748.3, 376.9)
107.6178|(748.3, 378.9)
107.6346|(753.8, 381.8)
107.6512|(755.1, 382.4)
107.6846|(755.9, 383.9)
107.7013|(758.3, 386.2)
107.7181|(759.1, 383.4)
107.7346|(758.8, 383.8)
107.7514|(761.6, 389.5)
107.768|(762.6, 390.5)
107.8015|(763.5, 391.5)
107.8347|(765.2, 395.1)
107.8515|(963.9, 286.1)
107.8682|(979.9, 278.5)
107.885|(980.6, 278.8)
107.9015|(980.9, 279.2)
107.9183|(985.2, 280.6)
107.935|(985.1, 278.5)
107.9518|(985.0, 278.2)
107.9854|(986.2, 278.8)
108.0185|(981.3, 277.5)
108.0351|(982.2, 282.6)
108.052|(982.4, 295.2)
108.0685|(977.3, 373.5)
108.0854|(965.7, 459.7)
108.1021|(938.7, 567.1)
108.1353|(928.4, 599.3)
108.152|(875.4, 763.4)
108.1687|(848.7, 895.3)
108.1855|(851.0, 889.2)
108.2019|(851.9, 884.7)
108.219|(850.2, 884.5)
108.2355|(850.7, 888.1)
108.2524|(850.3, 888.0)
108.2856|(848.8, 882.4)
108.3023|(837.9, 874.3)
108.3191|(844.6, 868.4)
108.3357|(859.2, 850.6)
108.3526|(858.5, 857.3)
108.3689|(859.2, 855.8)
108.3858|(856.8, 852.2)
108.4024|(855.2, 853.3)
108.4359|(846.6, 851.7)
108.4691|(845.5, 848.8)
108.4859|(843.6, 853.6)
108.5025|(843.6, 853.2)
108.5193|(840.3, 853.5)
108.536|(840.3, 852.8)
108.5528|(790.7, 821.3)
108.5861|(787.5, 818.9)
108.6028|(784.3, 811.2)
108.6197|(780.9, 807.4)
108.6361|(782.9, 809.2)
108.653|(782.0, 811.2)
108.6696|(783.4, 811.9)
108.6863|(782.7, 810.3)
108.7031|(781.0, 807.7)
108.7363|(780.0, 801.4)
108.753|(779.4, 795.6)
108.7696|(779.1, 796.3)
108.7866|(777.8, 797.2)
108.8032|(776.1, 796.8)
108.8199|(775.6, 796.6)
108.8366|(774.7, 797.7)
108.8533|(779.1, 797.6)
108.8867|(784.3, 797.1)
108.9032|(933.3, 555.8)
108.9201|(994.0, 456.6)
108.9366|(1003.9, 443.2)
108.9535|(1014.3, 426.6)
108.97|(1013.8, 430.7)
108.9868|(1010.8, 435.2)
109.0034|(1010.4, 437.3)
109.0369|(1010.2, 439.1)
109.0536|(1002.6, 436.2)
109.0702|(1002.2, 434.7)
109.0869|(997.2, 430.5)
109.1036|(996.5, 429.9)
109.1204|(998.4, 431.7)
109.137|(1003.6, 433.2)
109.1537|(1005.7, 433.8)
109.1871|(1007.3, 434.4)
109.2039|(1011.2, 432.0)
109.2206|(1011.4, 432.1)
109.2371|(1012.2, 431.6)
109.2539|(1015.5, 436.9)
109.2707|(1016.2, 438.8)
109.2872|(1012.5, 439.0)
109.3039|(1012.6, 439.9)
109.3373|(1014.8, 435.6)
109.3707|(1014.4, 436.8)
109.3876|(1015.6, 441.8)
109.4209|(1012.6, 455.8)
109.4376|(1011.4, 458.8)
109.4709|(1012.2, 453.7)
109.4877|(1011.8, 456.0)
109.5212|(1010.6, 453.3)
109.5376|(1011.1, 453.1)
109.5544|(889.7, 530.7)
109.571|(799.3, 591.5)
109.5879|(788.7, 597.3)
109.6044|(781.8, 599.5)
109.6376|(783.0, 601.1)
109.6547|(788.5, 594.6)
109.6711|(793.5, 598.5)
109.6879|(788.4, 599.2)
109.7046|(791.6, 598.8)
109.7215|(786.7, 598.3)
109.7381|(788.0, 593.2)
109.7548|(787.6, 591.6)
109.7881|(789.6, 610.0)
109.8046|(781.9, 633.4)
109.8214|(775.8, 652.6)
109.8382|(776.4, 651.4)
109.8548|(761.6, 691.1)
109.8715|(758.2, 687.5)
109.8883|(757.6, 687.4)
109.9051|(758.3, 689.1)
109.9219|(757.7, 692.5)
109.9384|(757.3, 689.8)
109.9551|(763.4, 694.0)
109.9717|(764.5, 694.6)
109.9884|(762.3, 693.0)
110.005|(759.0, 716.4)
110.0219|(753.8, 761.7)
110.0385|(753.3, 770.5)
110.0553|(752.3, 779.2)
110.0886|(752.3, 783.2)
110.1052|(747.2, 768.2)
110.1221|(750.2, 766.5)
110.1386|(747.1, 765.9)
110.1555|(746.6, 765.5)
110.1722|(746.7, 768.0)
110.1889|(745.4, 768.5)
110.2055|(745.3, 769.7)
110.2388|(749.1, 769.4)
110.2556|(752.0, 775.6)
110.2721|(750.8, 776.6)
110.2889|(749.1, 776.3)
110.3056|(743.1, 808.0)
110.3223|(752.6, 866.4)
110.3389|(756.2, 885.8)
110.3558|(760.0, 892.5)
110.3724|(762.9, 896.1)
110.3894|(768.9, 904.8)
110.4058|(765.7, 911.1)
110.4231|(768.2, 901.5)
110.4391|(767.0, 901.9)
110.4558|(766.9, 900.1)
110.4726|(766.3, 897.1)
110.4894|(765.5, 891.4)
110.5058|(770.4, 895.7)
110.5394|(770.1, 886.3)
110.556|(770.2, 881.8)
110.5727|(772.2, 876.3)
110.5894|(772.9, 878.6)
110.6062|(773.2, 878.0)
110.6229|(778.0, 881.8)
110.6395|(781.2, 885.3)
110.6563|(776.4, 880.0)
110.6896|(774.1, 880.5)
110.7061|(780.7, 886.6)
110.7232|(781.0, 886.9)
110.7396|(773.4, 879.9)
110.7565|(776.3, 890.6)
110.773|(773.1, 888.8)
110.7897|(770.1, 885.7)
110.8064|(765.8, 883.0)
110.8232|(764.6, 880.9)
110.8398|(767.6, 887.6)
110.8565|(766.6, 886.1)
110.8732|(768.8, 898.2)
110.8901|(779.8, 972.4)
110.9065|(781.4, 984.7)
110.9234|(781.6, 991.9)
110.9401|(783.5, 997.9)
110.9567|(784.4, 994.2)
110.9901|(787.0, 996.6)
111.0068|(788.5, 996.0)
111.0234|(791.4, 996.2)
111.0402|(793.2, 996.9)
111.0571|(794.6, 994.5)
111.0735|(794.7, 981.0)
111.0903|(791.1, 900.2)
111.1405|(788.9, 860.8)
111.157|(787.6, 835.3)
111.1737|(794.0, 845.6)
111.1905|(793.6, 846.5)
111.207|(792.7, 845.9)
111.224|(792.3, 843.2)
111.2405|(790.9, 839.4)
111.2572|(789.7, 838.5)
111.2738|(784.6, 834.9)
111.2907|(785.8, 842.5)
111.3072|(763.8, 859.3)
111.3241|(753.8, 880.8)
111.3406|(745.2, 887.3)
111.3577|(743.0, 886.1)
111.3741|(741.7, 882.2)
111.3908|(741.4, 883.2)
111.4073|(742.8, 885.8)
111.4241|(743.0, 888.2)
111.4409|(743.6, 889.8)
111.4575|(743.8, 891.6)
111.4742|(739.8, 894.4)
111.491|(737.9, 893.9)
111.5077|(737.4, 893.1)
111.5244|(737.7, 892.4)
111.5408|(740.7, 885.5)
111.5743|(743.6, 881.3)
111.5912|(742.0, 882.8)
111.6076|(713.5, 729.3)
111.6246|(712.8, 724.3)
111.6412|(712.9, 722.9)
111.6579|(712.1, 716.0)
111.6747|(714.4, 718.1)
111.7079|(716.9, 719.2)
111.7246|(717.4, 720.6)
111.7413|(717.4, 724.0)
111.7582|(717.6, 723.7)
111.7748|(717.3, 723.8)
111.7915|(717.3, 725.3)
111.8081|(716.1, 731.4)
111.8248|(714.6, 729.8)
111.8415|(714.5, 730.8)
111.8583|(713.5, 733.9)
111.8749|(713.9, 725.5)
111.8916|(714.1, 720.1)
111.9083|(717.7, 688.4)
111.9252|(727.3, 647.7)
111.9418|(730.2, 637.3)
111.9584|(736.4, 614.5)
111.9751|(739.2, 604.6)
111.9918|(749.3, 568.4)
112.0254|(749.2, 571.0)
112.0418|(749.5, 572.1)
112.0587|(748.0, 572.3)
112.0752|(747.7, 572.3)
112.0922|(746.5, 574.7)
112.1086|(746.7, 575.6)
112.1254|(748.6, 582.7)
112.1586|(748.1, 584.3)
112.1755|(747.7, 582.5)
112.192|(747.9, 582.6)
112.2086|(896.0, 426.4)
112.2254|(959.8, 356.4)
112.242|(1008.0, 302.7)
112.259|(1016.8, 290.4)
112.2756|(1032.9, 269.3)
112.2923|(1033.6, 270.3)
112.3091|(1037.4, 274.7)
112.3257|(1037.9, 276.7)
112.3422|(1037.6, 273.5)
112.3591|(1034.9, 275.7)
112.3757|(1039.8, 279.1)
112.3924|(1038.2, 279.0)
112.4091|(1036.9, 280.7)
112.4259|(1034.9, 281.2)
112.4426|(1030.8, 283.5)
112.4759|(1028.7, 278.2)
112.4927|(1028.6, 276.8)
112.5093|(1027.4, 275.6)
112.5261|(1027.6, 276.1)
112.5427|(1030.7, 276.8)
112.5594|(1039.8, 277.7)
112.5761|(1066.5, 271.3)
112.6096|(1072.1, 270.1)
112.6263|(1079.6, 265.2)
112.6428|(1079.4, 260.8)
112.6596|(1077.1, 260.1)
112.6763|(1077.1, 257.9)
112.693|(1078.7, 258.2)
112.7097|(1077.8, 257.5)
112.743|(1078.7, 254.5)
112.7763|(1079.3, 254.4)
112.7933|(1079.5, 254.1)
112.8097|(1078.0, 254.9)
112.8266|(1073.7, 255.1)
112.8432|(1074.2, 256.5)
112.8599|(1073.4, 258.7)
112.8766|(1077.4, 265.7)
112.8934|(1072.7, 266.8)
112.9267|(986.1, 351.6)
112.9433|(941.3, 399.7)
112.9601|(919.0, 417.1)
112.9768|(917.4, 418.8)
112.9934|(917.2, 419.7)
113.0102|(911.9, 415.7)
113.0268|(917.9, 416.1)
113.0434|(919.6, 406.4)
113.0768|(920.1, 417.1)
113.0935|(923.6, 429.5)
113.1104|(923.6, 433.1)
113.127|(926.1, 445.2)
113.1436|(935.1, 467.1)
113.1604|(936.5, 462.4)
113.1938|(936.2, 458.1)
113.3773|(914.1, 194.9)
113.3944|(933.9, 341.6)
113.4275|(929.3, 353.4)
113.4442|(929.2, 362.0)
113.4776|(950.7, 353.2)
113.4943|(949.4, 358.6)
113.5277|(947.5, 357.9)
113.5444|(955.2, 353.4)
113.5611|(890.1, 350.3)
113.5779|(780.6, 334.7)
113.5948|(739.9, 345.2)
113.6111|(727.0, 357.2)
113.6277|(727.7, 361.6)
113.6446|(729.6, 364.0)
113.6779|(737.1, 370.8)
113.6945|(737.0, 367.0)
113.7114|(737.3, 367.1)
113.728|(737.9, 366.4)
113.7446|(739.7, 367.0)
113.7781|(759.8, 360.5)
113.795|(940.9, 271.0)
113.8282|(1021.2, 232.0)
113.8448|(1005.3, 242.4)
113.8617|(1044.2, 227.2)
113.8782|(1053.3, 233.3)
113.8948|(1064.4, 239.2)
113.9283|(1061.5, 247.0)
113.9451|(1062.7, 248.0)
113.9783|(1060.1, 253.5)
113.9953|(1061.8, 255.9)
114.012|(1063.3, 257.1)
114.0285|(1059.4, 258.6)
114.0452|(1055.4, 263.2)
114.0618|(1050.8, 264.7)
114.0784|(1029.0, 260.2)
114.0953|(1000.8, 253.9)
114.1287|(991.7, 253.5)
114.1453|(979.1, 254.3)
114.1623|(963.5, 256.9)
114.1787|(938.2, 262.5)
114.1954|(933.1, 269.8)
114.2288|(936.4, 269.2)
114.2457|(937.5, 269.2)
114.2789|(956.9, 266.4)
114.2957|(965.9, 266.7)
114.3122|(1034.1, 270.1)
114.3291|(1051.6, 272.5)
114.3457|(1041.2, 273.5)
114.3623|(1068.3, 274.7)
114.3791|(1065.2, 284.0)
114.3962|(1064.2, 281.4)
114.4292|(1063.3, 286.1)
114.4459|(1060.2, 290.1)
114.4626|(936.1, 830.2)
114.4791|(893.8, 995.7)
114.496|(867.6, 1103.4)
114.5127|(873.5, 1105.3)
114.5293|(879.6, 1104.5)
114.546|(876.5, 1092.5)
114.5795|(881.2, 1095.9)
114.5961|(877.8, 1093.5)
114.6128|(879.3, 1097.3)
114.6297|(891.3, 1135.9)
114.646|(885.4, 1178.7)
114.6629|(884.9, 1181.7)
114.6796|(880.5, 1175.5)
114.6964|(879.4, 1180.6)
114.7296|(877.3, 1176.7)
114.7464|(877.2, 1171.1)
114.7798|(895.4, 1165.0)
114.9466|(1632.5, 599.4)
114.9636|(1630.4, 565.5)
114.98|(1635.8, 573.6)
114.9967|(1636.2, 578.2)
115.0305|(1637.2, 579.2)
115.047|(1640.5, 576.3)
115.0635|(1648.3, 579.2)
115.0801|(1641.1, 577.9)
115.0971|(1648.7, 581.3)
115.1136|(1640.4, 577.9)
115.2139|(1646.5, 586.9)
115.2306|(917.7, 283.0)
115.264|(925.3, 289.5)
115.2806|(927.7, 293.6)
115.2972|(932.4, 298.5)
115.3309|(932.4, 301.6)
115.3473|(932.7, 301.8)
115.3641|(934.6, 302.5)
115.3808|(935.3, 300.4)
115.3974|(934.4, 302.9)
115.4143|(934.5, 298.3)
115.4308|(937.1, 300.3)
115.4474|(938.0, 305.5)
115.4809|(937.7, 310.2)
115.4977|(936.1, 310.1)
115.5143|(936.6, 311.6)
115.531|(933.7, 312.9)
115.5475|(934.4, 315.6)
115.5643|(935.1, 317.3)
115.5811|(932.1, 319.3)
115.5979|(932.0, 320.1)
115.6312|(930.4, 320.7)
115.6477|(931.0, 320.5)
115.6647|(892.0, 451.3)
115.6812|(878.5, 505.9)
115.6981|(878.6, 510.9)
115.7147|(882.1, 503.5)
115.7313|(883.0, 498.6)
115.748|(881.9, 499.0)
115.7815|(880.0, 502.6)
115.7981|(877.4, 502.9)
115.815|(874.2, 505.4)
115.8481|(871.6, 502.8)
115.8649|(875.5, 497.1)
115.8815|(876.4, 495.3)
115.8982|(881.2, 496.0)
115.9317|(1084.7, 532.0)
115.9484|(1356.5, 584.2)
115.9651|(1474.3, 610.5)
115.9817|(1531.4, 622.2)
115.9987|(1651.8, 646.9)
116.0152|(1656.3, 640.6)
116.0322|(1650.8, 638.5)
116.0487|(1651.8, 636.6)
116.0819|(1644.8, 627.8)
116.0986|(1640.7, 615.7)
116.1153|(1641.1, 614.3)
116.1321|(1653.8, 615.7)
116.1487|(1689.9, 612.4)
116.1656|(1696.2, 609.8)
116.1822|(1698.1, 609.0)
116.199|(1722.9, 610.4)
116.2324|(1724.3, 609.6)
116.2489|(1724.6, 605.7)
116.2656|(1719.9, 600.6)
116.299|(1719.5, 601.5)
116.3155|(1719.5, 601.5)
116.3323|(1715.2, 599.1)
116.3824|(1707.5, 607.0)
116.3993|(1529.9, 542.6)
116.4326|(1053.5, 369.4)
116.4494|(917.8, 318.0)
116.4659|(916.0, 317.6)
116.4827|(918.8, 324.6)
116.4993|(920.3, 329.0)
116.5328|(919.2, 325.2)
116.5494|(921.4, 335.3)
116.566|(926.9, 335.7)
116.5827|(928.7, 341.4)
116.5993|(929.6, 339.5)
116.6161|(929.6, 342.7)
116.6329|(930.1, 345.2)
116.6494|(931.5, 349.0)
116.6831|(930.8, 350.6)
116.6999|(927.9, 351.9)
116.7162|(930.3, 351.3)
116.733|(929.9, 350.7)
116.7498|(844.2, 289.2)
116.7662|(821.7, 272.6)
116.783|(806.0, 261.9)
116.7999|(802.1, 259.2)
116.8499|(791.5, 254.5)
116.8832|(790.7, 252.6)
116.9|(790.4, 252.6)
116.9165|(789.6, 253.6)
116.9335|(789.2, 252.4)
116.95|(793.2, 350.5)
116.9834|(799.4, 511.0)
117.0001|(799.4, 506.4)
117.0168|(805.8, 576.9)
117.0337|(806.6, 582.0)
117.0501|(808.1, 589.1)
117.0669|(815.1, 613.4)
117.0837|(814.4, 611.6)
117.1003|(818.5, 619.0)
117.1336|(887.9, 346.2)
117.1503|(899.7, 293.1)
117.1671|(898.1, 277.0)
117.1837|(892.8, 262.0)
117.2005|(898.9, 259.4)
117.2171|(901.5, 259.6)
117.2338|(900.2, 261.5)
117.2506|(900.0, 263.1)
117.284|(903.6, 265.8)
117.3006|(904.7, 263.7)
117.3341|(904.9, 264.7)
117.3506|(907.7, 263.6)
117.3672|(907.3, 263.3)
117.384|(909.2, 263.2)
117.4008|(921.3, 262.8)
117.4342|(932.0, 262.4)
117.4509|(939.8, 262.7)
117.4676|(966.6, 265.8)
117.4843|(968.5, 267.0)
117.5011|(968.3, 267.1)
117.5175|(968.3, 266.6)
117.5343|(968.2, 265.9)
117.5509|(971.3, 258.5)
117.5843|(987.2, 262.0)
117.6011|(1031.3, 269.7)
117.6178|(1037.1, 269.3)
117.6346|(1050.0, 271.6)
117.6512|(1065.0, 270.6)
117.6679|(1069.9, 272.0)
117.6845|(1071.7, 272.1)
117.7013|(1071.4, 273.5)
117.7348|(1061.4, 269.8)
117.7513|(1034.6, 262.9)
117.7679|(1019.2, 263.2)
117.7849|(1016.6, 263.2)
117.8016|(1006.4, 262.7)
117.8181|(980.2, 264.5)
117.8348|(980.7, 266.8)
117.8515|(979.8, 268.0)
117.885|(979.8, 270.1)
117.9183|(982.0, 267.1)
117.9352|(983.2, 266.0)
117.9517|(986.8, 267.8)
117.9685|(986.0, 266.8)
117.9852|(984.1, 266.6)
118.002|(984.0, 265.8)
118.0351|(984.6, 267.1)
118.0519|(983.9, 266.9)
118.0686|(985.5, 266.5)
118.0852|(985.5, 268.0)
118.1019|(983.8, 277.8)
118.1188|(997.9, 281.1)
118.1354|(1015.1, 278.3)
118.1521|(1022.4, 277.7)
118.1854|(1057.4, 276.0)
118.2021|(1107.9, 263.8)
118.2188|(1102.4, 267.4)
118.2355|(1101.7, 268.5)
118.2522|(1101.6, 268.5)
118.2689|(1100.7, 268.0)
118.2857|(1099.6, 265.3)
118.3024|(1099.6, 267.2)
118.3358|(1096.3, 261.7)
118.3691|(1094.3, 261.8)
118.3857|(1093.9, 262.2)
118.4025|(1094.1, 261.4)
118.4191|(1093.8, 261.2)
118.4358|(1093.7, 262.2)
118.4527|(1093.8, 264.8)
118.4858|(1094.5, 266.1)
118.5026|(1095.9, 270.7)
118.5195|(1102.5, 273.9)
118.536|(1439.2, 482.4)
118.5526|(1673.6, 626.2)
118.5694|(1653.6, 603.7)
118.5862|(1650.2, 600.7)
118.6028|(1669.6, 612.6)
118.6362|(1705.3, 629.3)
118.6528|(1734.7, 656.2)
118.6697|(1704.0, 643.8)
118.6862|(1701.2, 640.4)
118.703|(1712.9, 638.5)
118.7198|(1716.4, 628.3)
118.7363|(1700.6, 621.2)
118.7532|(1702.9, 618.5)
118.7865|(1702.4, 617.8)
118.8031|(1690.2, 608.6)
118.8199|(1689.3, 608.5)
118.8364|(1691.0, 607.7)
118.8532|(1691.9, 607.4)
118.8699|(1692.6, 610.3)
118.8867|(1695.1, 608.5)
118.9033|(1695.0, 611.6)
118.9201|(1699.1, 606.5)
118.9533|(1700.3, 606.7)
118.9701|(1699.6, 608.0)
118.9867|(1653.5, 576.2)
119.0033|(1590.9, 575.0)
119.0202|(1403.6, 585.3)
119.0537|(1337.3, 589.8)
119.0868|(1086.4, 607.2)
119.1036|(982.3, 611.4)
119.1203|(985.0, 613.3)
119.1369|(987.6, 616.6)
119.154|(993.3, 628.4)
119.1704|(993.9, 631.2)
119.187|(995.7, 637.8)
119.2038|(997.4, 644.3)
119.237|(1003.3, 655.3)
119.2539|(857.9, 874.5)
119.2704|(852.8, 882.6)
119.2872|(851.5, 885.3)
119.3039|(845.9, 893.7)
119.3207|(846.2, 893.6)
119.3374|(847.7, 894.4)
119.3708|(850.1, 894.6)
119.3876|(852.5, 886.5)
119.4043|(851.7, 885.0)
119.4209|(848.5, 881.3)
119.4377|(843.1, 881.1)
119.4545|(841.4, 879.4)
119.471|(840.7, 878.0)
119.4877|(840.2, 877.1)
119.5043|(841.8, 872.1)
119.5377|(855.8, 864.2)
119.5544|(1358.2, 709.2)
119.571|(1292.0, 728.0)
119.5876|(1359.4, 705.4)
119.6047|(1407.7, 689.8)
119.6213|(1335.3, 715.7)
119.638|(1401.4, 708.0)
119.6546|(1483.8, 676.4)
119.6879|(1639.6, 626.4)
119.7046|(1646.8, 622.6)
119.7212|(1642.5, 633.1)
119.7381|(1636.2, 612.9)
119.7549|(1632.9, 605.5)
119.7715|(1630.7, 598.6)
119.788|(1632.7, 602.7)
119.8049|(1624.2, 600.7)
119.8217|(1624.5, 601.3)
119.8381|(1624.6, 601.5)
119.8549|(1620.9, 607.2)
119.8716|(1623.2, 608.6)
119.8884|(1582.3, 601.4)
119.905|(1539.8, 592.4)
119.9218|(1439.1, 575.2)
119.9384|(1394.1, 565.8)
119.955|(1351.6, 556.0)
119.9886|(1078.6, 496.0)
120.0053|(1082.3, 497.6)
120.022|(1082.5, 500.9)
120.0384|(1081.5, 500.0)
120.0555|(1082.6, 501.2)
120.072|(1091.4, 506.5)
120.0887|(1089.2, 505.4)
120.1054|(1090.5, 506.2)
120.1389|(1099.5, 512.9)
120.1555|(1098.3, 513.7)
120.1721|(1098.9, 515.0)
120.189|(1099.7, 518.4)
120.2057|(1099.0, 519.6)
120.2225|(1098.1, 520.4)
120.2388|(1097.0, 521.3)
120.2557|(1094.8, 523.0)
120.2723|(1077.9, 525.1)
120.2891|(1058.4, 525.0)
120.3055|(1041.4, 522.2)
120.3224|(1026.7, 521.9)
120.3389|(980.9, 517.6)
120.3558|(981.3, 517.7)
120.3726|(980.5, 518.0)
120.389|(980.4, 518.1)
120.4057|(981.3, 516.8)
120.4392|(978.4, 513.0)
120.456|(976.4, 509.8)
120.4725|(977.4, 507.6)
120.4892|(977.7, 507.1)
120.5062|(978.1, 507.1)
120.523|(980.2, 508.5)
120.5397|(974.8, 499.9)
120.5895|(930.5, 428.9)
120.606|(923.8, 413.7)
120.6228|(920.3, 403.7)
120.6398|(918.9, 400.4)
120.6565|(925.8, 404.4)
120.673|(925.1, 403.3)
120.6896|(923.3, 399.8)
120.7062|(915.9, 390.1)
120.723|(915.7, 389.8)
120.7396|(917.0, 390.3)
120.7564|(915.8, 367.4)
120.7731|(921.1, 251.3)
120.7898|(921.0, 246.9)
120.8065|(922.9, 233.7)
120.823|(923.3, 230.2)
120.8399|(923.1, 225.4)
120.8565|(922.5, 230.5)
120.8901|(929.0, 227.5)
120.9066|(931.6, 227.1)
120.9234|(936.6, 230.4)
120.94|(943.3, 234.5)
120.9567|(957.1, 247.7)
120.9733|(960.0, 250.2)
120.9902|(960.8, 250.4)
121.0404|(969.2, 255.5)
121.057|(966.8, 253.7)
121.0736|(968.5, 254.1)
121.0905|(969.5, 252.9)
121.1068|(964.8, 258.6)
121.1239|(955.9, 287.7)
121.1404|(930.6, 388.1)
121.157|(917.5, 432.6)
121.1737|(908.0, 467.5)
121.1904|(877.2, 560.9)
121.2071|(875.1, 561.5)
121.2239|(868.2, 544.6)
121.2405|(869.9, 543.8)
121.2573|(879.3, 548.4)
121.2739|(880.2, 548.7)
121.2907|(885.2, 550.8)
121.3074|(883.6, 548.6)
121.324|(883.8, 547.2)
121.3408|(880.0, 540.6)
121.3574|(845.3, 495.7)
121.3739|(841.1, 486.9)
121.3907|(840.5, 486.0)
121.4074|(837.2, 480.5)
121.4242|(836.8, 479.2)
121.4409|(838.8, 475.9)
121.4743|(839.6, 475.7)
121.4914|(839.0, 477.6)
121.5078|(837.0, 477.1)
121.5244|(837.0, 476.6)
121.5412|(834.0, 484.3)
121.5579|(823.1, 504.4)
121.5746|(813.1, 596.0)
121.6078|(808.8, 642.8)
121.6246|(806.1, 667.1)
121.641|(801.5, 745.1)
121.6582|(800.2, 742.9)
121.6745|(799.9, 741.0)
121.6917|(799.5, 739.6)
121.7081|(798.5, 736.5)
121.7245|(794.1, 731.5)
121.7413|(793.2, 739.3)
121.7579|(889.0, 717.9)
121.7748|(1238.9, 680.7)
121.7916|(1428.1, 678.2)
121.8082|(1441.6, 667.6)
121.8248|(1499.8, 666.0)
121.8416|(1512.7, 667.1)
121.8584|(1578.4, 668.5)
121.8752|(1651.9, 663.0)
121.8918|(1690.4, 658.2)
121.9253|(1666.8, 671.4)
121.9417|(1669.0, 670.8)
121.9585|(1696.7, 658.6)
121.9752|(1698.4, 657.2)
121.9919|(1746.3, 658.5)
122.0087|(1779.5, 653.4)
122.0253|(1768.9, 648.2)
122.0586|(1770.8, 642.9)
122.0755|(1749.7, 624.5)
122.0923|(1739.3, 616.2)
122.1254|(1735.5, 613.4)
122.1423|(1707.5, 593.3)
122.159|(1709.6, 598.5)
122.1754|(1714.0, 612.3)
122.1923|(1707.8, 599.0)
122.1923|(1715.0, 613.7)
122.2259|(1711.0, 610.3)
122.2423|(1712.2, 609.8)
122.2589|(1710.6, 608.8)
122.2757|(1703.8, 598.8)
122.2924|(1711.4, 605.2)
122.3089|(1705.5, 594.7)
122.3258|(1690.8, 574.1)
122.3424|(1693.9, 577.4)
122.3925|(1689.3, 570.8)
122.4089|(1673.4, 557.5)
122.4258|(1687.1, 569.6)
122.4424|(1691.5, 572.1)
122.4594|(1690.1, 558.6)
122.4759|(1710.7, 577.2)
122.4927|(1708.6, 574.0)
122.526|(1691.0, 554.2)
122.7266|(954.0, 352.0)
122.7435|(907.2, 371.0)
122.7599|(897.4, 385.2)
122.7765|(891.6, 394.9)
122.7931|(904.0, 411.8)
122.8266|(901.9, 412.4)
122.8431|(901.5, 412.7)
122.8602|(907.1, 420.3)
122.877|(910.8, 425.4)
122.8933|(909.0, 429.8)
122.91|(912.0, 431.9)
122.9266|(913.5, 437.5)
122.9434|(1170.4, 496.1)
122.9765|(1368.8, 526.8)
122.9934|(1536.1, 552.5)
123.0105|(1552.3, 551.5)
123.027|(1580.3, 555.3)
123.0438|(1571.3, 553.8)
123.0602|(1691.5, 592.4)
123.0937|(1675.4, 578.8)
123.127|(1693.2, 587.7)
123.1603|(1729.8, 598.8)
123.1769|(1726.9, 591.2)
123.1938|(1733.4, 598.6)
123.2271|(1736.4, 599.8)
123.2439|(1739.7, 599.2)
123.2772|(1742.9, 602.5)
123.2939|(1753.2, 606.1)
123.3106|(1746.6, 602.7)
123.3275|(1745.5, 599.7)
123.344|(1741.7, 594.6)
123.3607|(1739.2, 592.6)
123.3774|(1729.6, 592.3)
123.394|(1726.1, 589.3)
123.4276|(1725.6, 585.9)
123.4442|(1724.1, 589.7)
123.461|(1720.5, 582.2)
123.4778|(1717.9, 578.0)
123.4944|(1714.7, 574.2)
123.5109|(1713.5, 579.8)
123.5276|(1718.2, 598.2)
123.5443|(1668.6, 582.2)
123.5776|(1365.5, 558.3)
123.5947|(1450.5, 561.8)
123.6112|(1437.1, 558.5)
123.6279|(1083.9, 539.9)
123.6446|(1104.6, 570.0)
123.6778|(1094.4, 565.5)
123.6946|(1096.3, 568.9)
123.728|(1100.8, 582.6)
123.7449|(1100.6, 583.0)
123.7616|(1099.8, 582.4)
123.778|(1099.8, 582.9)
123.7951|(1100.7, 584.6)
123.8114|(1099.6, 583.7)
123.8282|(1001.4, 587.4)
123.8449|(905.6, 599.7)
123.8783|(893.9, 601.4)
123.8949|(880.3, 599.3)
123.9117|(879.8, 603.4)
123.9283|(880.6, 608.1)
123.945|(885.2, 614.5)
123.9618|(885.4, 618.4)
123.9784|(884.8, 620.8)
123.9951|(881.5, 623.0)
124.0285|(877.2, 627.6)
124.0452|(877.6, 627.1)
124.0621|(879.8, 626.4)
124.0786|(882.9, 625.3)
124.0952|(882.7, 624.8)
124.1118|(881.7, 620.6)
124.129|(880.4, 620.3)
124.1454|(877.5, 622.6)
124.1788|(877.0, 623.1)
124.1954|(875.5, 624.8)
124.2121|(868.2, 520.1)
124.2289|(865.1, 453.8)
124.2456|(864.5, 431.7)
124.2622|(864.5, 388.1)
124.2791|(867.3, 392.7)
124.2955|(866.4, 394.0)
124.3291|(864.3, 392.2)
124.3457|(867.2, 389.2)
124.3625|(869.5, 391.3)
124.3791|(869.8, 390.8)
124.3957|(869.9, 390.8)
124.4124|(874.6, 391.4)
124.4292|(875.5, 393.9)
124.4458|(875.4, 393.7)
124.4791|(876.4, 393.7)
124.496|(873.5, 393.2)
124.5127|(868.5, 393.2)
124.5294|(866.1, 393.2)
124.546|(866.4, 391.6)
124.5629|(866.1, 392.2)
124.5796|(864.8, 391.9)
124.5963|(864.3, 391.4)
124.6296|(862.1, 390.8)
124.6462|(860.0, 390.6)
124.6628|(884.8, 411.9)
124.6797|(949.6, 480.8)
124.7129|(960.0, 491.1)
124.7298|(958.0, 489.1)
124.7462|(955.9, 486.5)
124.7798|(955.0, 484.8)
124.7966|(956.4, 485.2)
124.8298|(956.1, 483.0)
124.8465|(957.8, 484.0)
124.8632|(957.7, 484.4)
124.8797|(956.7, 486.3)
124.93|(956.7, 492.4)
124.9467|(955.0, 493.7)
124.9633|(955.5, 483.9)
124.9801|(956.4, 481.7)
124.9968|(958.8, 479.8)
125.0134|(956.6, 481.4)
125.0301|(957.4, 482.5)
125.0468|(958.8, 483.0)
125.0803|(959.5, 482.0)
125.0969|(959.3, 481.7)
125.1137|(959.5, 482.7)
125.1305|(959.4, 482.2)
125.1638|(959.1, 483.1)
125.1803|(959.1, 482.7)
125.1971|(956.3, 476.2)
125.2306|(958.7, 476.5)
125.2472|(966.3, 474.7)
125.2639|(1053.0, 470.0)
125.2972|(1039.2, 471.5)
125.3141|(1065.9, 471.3)
125.3307|(1074.9, 473.2)
125.3475|(1072.0, 468.5)
125.3807|(1063.8, 470.8)
125.3975|(1064.3, 469.6)
125.4141|(1063.8, 470.4)
125.4309|(1063.6, 472.9)
125.4474|(1063.9, 471.5)
125.4642|(1069.2, 469.3)
125.481|(1070.3, 471.7)
125.4977|(1069.0, 470.2)
125.5312|(1315.7, 561.4)
125.5477|(1338.5, 569.1)
125.5646|(1505.5, 605.4)
125.581|(1616.1, 639.9)
125.6146|(1681.0, 664.7)
125.6313|(1675.8, 663.8)
125.6478|(1685.3, 663.8)
125.6814|(1688.8, 665.2)
125.6979|(1699.6, 672.7)
125.7147|(1687.5, 656.2)
125.7479|(1753.1, 664.4)
125.7648|(1773.3, 668.4)
125.7813|(1754.1, 647.5)
125.8317|(1745.8, 628.6)
125.8649|(1713.4, 604.6)
125.8815|(1712.2, 603.2)
125.8985|(1721.5, 611.0)
125.9148|(1707.7, 594.9)
125.9317|(1713.6, 600.6)
125.9818|(1704.9, 592.5)
