126.0153|(1065.4, 551.5)
126.0602|(1062.3, 546.3)
126.0853|(1051.3, 530.7)
126.1017|(1068.4, 549.2)
126.1351|(1070.7, 552.8)
126.1521|(1077.8, 566.1)
126.1684|(1077.7, 568.0)
126.1851|(1078.6, 574.4)
126.2187|(1076.2, 579.0)
126.2353|(1074.5, 581.0)
126.2521|(1078.7, 585.7)
126.2687|(1082.6, 592.5)
126.2854|(1081.5, 604.3)
126.3019|(1065.3, 609.4)
126.3189|(1009.9, 635.1)
126.3355|(865.3, 725.2)
126.3689|(900.4, 697.1)
126.3855|(857.8, 726.2)
126.4024|(828.7, 743.7)
126.4188|(827.4, 741.1)
126.4357|(830.1, 741.5)
126.4524|(827.4, 738.5)
126.469|(820.8, 735.5)
126.4856|(819.1, 732.1)
126.5193|(818.7, 753.8)
126.5358|(814.6, 1032.1)
126.5526|(826.3, 1169.9)
126.569|(829.3, 1197.7)
126.6693|(853.4, 1197.4)
126.6862|(834.6, 1192.5)
126.7194|(837.8, 1196.1)
126.8697|(786.2, 1197.4)
126.9031|(787.6, 1199.8)
127.1201|(763.1, 1172.7)
127.1366|(761.6, 1155.3)
127.1534|(766.6, 1162.7)
127.1702|(767.0, 1163.1)
127.1868|(764.5, 1158.9)
127.2034|(772.9, 1170.1)
127.2203|(772.5, 1168.1)
127.237|(768.4, 1164.0)
127.2704|(765.2, 1157.2)
127.3038|(775.3, 1160.3)
127.3205|(752.6, 1065.6)
127.3372|(751.1, 1024.4)
127.3539|(757.6, 950.3)
127.3706|(765.9, 836.9)
127.3872|(762.8, 819.6)
127.4206|(774.5, 642.0)
127.4371|(768.9, 638.5)
127.4539|(767.4, 655.4)
127.4705|(767.0, 659.9)
127.4873|(766.4, 661.4)
127.504|(764.8, 666.3)
127.5207|(762.8, 673.9)
127.5375|(762.8, 673.3)
127.5709|(775.0, 850.9)
127.5875|(778.1, 935.6)
127.6042|(783.4, 1006.1)
127.6209|(784.3, 1014.4)
127.6377|(787.0, 1018.6)
127.6542|(790.7, 1079.7)
127.6709|(789.8, 1077.5)
127.6878|(787.9, 1069.4)
127.721|(788.5, 1044.8)
127.7545|(788.9, 1030.5)
127.771|(776.2, 981.6)
127.7876|(778.3, 723.1)
127.8044|(778.0, 728.3)
127.8214|(777.2, 773.4)
127.8379|(776.5, 720.7)
127.8713|(776.0, 664.8)
127.8882|(772.5, 672.1)
127.9047|(772.8, 670.4)
127.9214|(772.8, 671.7)
127.938|(772.4, 671.7)
127.9548|(766.5, 669.9)
127.9715|(767.9, 669.4)
127.9882|(766.3, 668.9)
128.0217|(762.2, 673.6)
128.0382|(755.5, 681.8)
128.0549|(750.9, 687.8)
128.0717|(745.2, 696.6)
128.0882|(744.5, 697.6)
128.1048|(741.9, 698.8)
128.1217|(741.0, 699.0)
128.1385|(739.2, 697.2)
128.1717|(728.5, 696.8)
128.1885|(703.2, 699.9)
128.2054|(698.3, 700.3)
128.2217|(705.1, 699.4)
128.2386|(689.4, 701.9)
128.2552|(691.9, 704.5)
128.272|(691.4, 702.0)
128.2888|(691.4, 699.9)
128.3221|(690.4, 699.0)
128.3387|(684.6, 694.7)
128.3555|(684.3, 694.4)
128.3721|(688.0, 698.2)
128.3888|(686.2, 701.5)
128.4056|(685.1, 700.1)
128.4223|(684.5, 698.8)
128.4391|(685.8, 695.0)
128.5892|(793.2, 594.0)
128.6226|(779.7, 624.6)
128.6392|(787.6, 644.6)
128.656|(786.5, 643.5)
128.6726|(787.3, 642.8)
128.6895|(784.5, 640.4)
128.7061|(782.2, 637.2)
128.7227|(780.0, 635.1)
128.7394|(779.6, 631.9)
128.7562|(782.4, 629.7)
128.7895|(783.6, 623.3)
128.8062|(785.3, 622.5)
128.8227|(787.0, 616.0)
128.8395|(788.0, 610.4)
128.8563|(788.2, 610.9)
128.873|(787.3, 612.4)
128.8896|(788.9, 613.6)
128.9229|(792.3, 614.9)
128.9397|(792.2, 614.2)
128.9564|(791.1, 615.9)
128.973|(788.6, 615.2)
128.9901|(787.6, 617.4)
129.0067|(784.0, 619.4)
129.0232|(778.6, 637.6)
129.0399|(777.3, 642.0)
129.0733|(773.9, 665.7)
129.09|(775.4, 668.0)
129.1066|(777.4, 667.7)
129.1235|(777.8, 668.1)
129.14|(779.7, 673.5)
129.1568|(779.6, 672.9)
129.1735|(780.0, 673.7)
129.1904|(779.4, 666.7)
129.2069|(778.5, 667.3)
129.2237|(775.5, 671.9)
129.2404|(775.9, 673.6)
129.2569|(776.7, 674.9)
129.2736|(779.0, 677.4)
129.2903|(782.6, 673.8)
129.3073|(783.2, 673.5)
129.3237|(785.5, 672.1)
129.3406|(785.2, 672.3)
129.3738|(785.2, 945.2)
129.3905|(785.1, 979.5)
129.4072|(783.2, 1011.1)
129.4238|(780.6, 1071.0)
129.4406|(779.1, 1074.1)
129.4574|(779.2, 1074.9)
129.474|(779.5, 1073.8)
129.4908|(780.6, 1086.8)
129.5241|(786.5, 1080.4)
129.5408|(783.7, 1082.4)
129.5575|(782.0, 1076.5)
129.5743|(782.5, 1077.7)
129.5907|(785.8, 1052.8)
129.6076|(784.6, 1056.9)
129.6241|(784.9, 1054.2)
129.641|(785.0, 1048.1)
129.6577|(785.4, 1038.1)
129.6743|(783.2, 1041.3)
129.6909|(779.4, 1043.2)
129.7075|(777.0, 1046.9)
129.7243|(777.1, 1045.2)
129.741|(776.4, 1042.8)
129.758|(776.8, 1046.8)
129.7744|(776.7, 1049.1)
129.7911|(777.1, 1056.0)
129.8245|(778.0, 1076.8)
129.8411|(779.1, 1093.8)
129.8579|(787.3, 1118.2)
129.8746|(787.7, 1129.2)
129.8914|(787.4, 1131.4)
129.9081|(787.5, 1131.8)
129.9247|(785.4, 1131.1)
129.9415|(783.6, 1140.2)
129.9748|(779.4, 1142.5)
129.9914|(783.7, 1101.4)
130.0081|(807.7, 915.7)
130.0249|(808.8, 670.0)
130.0416|(810.4, 729.6)
130.0583|(810.0, 649.4)
130.0749|(809.8, 613.8)
130.0916|(808.7, 605.8)
130.1083|(807.0, 614.9)
130.125|(812.6, 618.1)
130.1416|(813.5, 621.0)
130.1585|(814.0, 622.9)
130.175|(813.4, 626.6)
130.192|(812.8, 626.4)
130.2085|(814.2, 627.5)
130.2252|(813.6, 627.7)
130.2418|(813.0, 627.5)
130.2754|(811.5, 632.2)
130.292|(811.2, 634.3)
130.3086|(810.5, 637.5)
130.3254|(811.0, 638.9)
130.3421|(810.6, 640.1)
130.3589|(809.6, 636.8)
130.3755|(788.9, 546.3)
130.4256|(742.5, 235.5)
130.4422|(736.9, 203.2)
130.4588|(733.4, 198.3)
130.4757|(729.0, 203.0)
130.4925|(727.8, 203.7)
130.5091|(727.7, 204.0)
130.5256|(727.9, 204.9)
130.5424|(728.4, 213.6)
130.559|(729.2, 219.1)
130.5757|(731.4, 228.2)
130.5925|(727.2, 234.4)
130.6092|(726.9, 233.9)
130.6258|(727.3, 343.6)
130.6426|(727.0, 345.3)
130.6591|(727.0, 342.8)
130.6761|(728.7, 348.8)
130.6927|(731.3, 348.2)
130.7093|(732.2, 358.4)
130.7262|(732.1, 356.2)
130.7427|(732.8, 356.0)
130.7593|(734.6, 350.9)
130.7761|(735.8, 353.1)
130.793|(736.6, 353.6)
130.8095|(738.5, 354.3)
130.8263|(737.8, 354.9)
130.8596|(740.7, 354.3)
130.8765|(740.5, 354.6)
130.893|(738.9, 354.3)
130.9096|(736.9, 353.4)
130.9264|(737.9, 353.7)
130.943|(731.5, 350.1)
130.96|(721.3, 340.2)
130.9931|(720.4, 335.3)
131.0098|(719.8, 333.9)
131.0264|(715.2, 329.0)
131.0599|(714.9, 324.5)
131.0767|(713.5, 322.1)
131.11|(712.7, 323.8)
131.1267|(712.8, 323.0)
131.1602|(733.9, 331.4)
131.1767|(732.6, 327.6)
131.1934|(749.7, 326.2)
131.2101|(757.1, 327.1)
131.2271|(765.8, 329.9)
131.2437|(777.4, 329.8)
131.2602|(782.3, 328.2)
131.2769|(785.9, 324.9)
131.3103|(784.3, 318.4)
131.327|(784.7, 318.2)
131.3605|(784.4, 318.2)
131.3771|(784.7, 316.3)
131.4105|(793.7, 320.7)
131.4439|(854.3, 332.6)
131.4606|(870.0, 337.6)
131.4941|(895.6, 342.8)
131.5107|(894.9, 341.7)
131.5276|(893.8, 341.4)
131.5441|(889.3, 339.7)
131.5608|(889.4, 339.4)
131.5774|(886.9, 338.3)
131.5941|(890.3, 335.8)
131.6109|(890.3, 333.0)
131.6277|(889.7, 332.4)
131.6442|(890.3, 331.2)
131.6776|(890.0, 329.8)
131.6943|(891.3, 327.4)
131.7111|(890.5, 326.9)
131.7277|(890.4, 325.1)
131.7613|(889.8, 324.4)
131.7778|(889.3, 323.8)
131.7944|(888.0, 319.1)
131.8111|(888.0, 313.2)
131.8279|(887.7, 315.1)
131.8447|(887.5, 316.8)
131.8614|(893.1, 318.2)
131.8947|(892.3, 317.8)
131.9114|(891.5, 315.6)
131.9279|(827.6, 326.6)
131.9447|(797.7, 330.5)
131.9613|(799.1, 330.3)
131.978|(786.9, 331.2)
131.9948|(769.1, 329.1)
132.0283|(773.7, 327.7)
132.0451|(773.0, 328.5)
132.0617|(775.7, 323.8)
132.0782|(777.2, 322.7)
132.095|(776.6, 315.8)
132.1116|(772.0, 311.5)
132.1285|(771.9, 310.0)
132.145|(772.5, 310.7)
132.1619|(774.2, 312.0)
132.1785|(775.3, 311.9)
132.2118|(776.6, 312.8)
132.2286|(775.7, 315.9)
132.2451|(775.5, 317.7)
132.262|(775.4, 319.1)
132.2787|(776.1, 320.2)
132.2954|(776.6, 324.9)
132.312|(776.0, 321.3)
132.3286|(778.3, 322.2)
132.362|(778.7, 322.0)
132.3787|(780.5, 322.1)
132.3956|(803.5, 322.6)
132.4123|(860.9, 324.7)
132.4289|(899.4, 325.2)
132.4455|(932.0, 342.0)
132.4789|(928.1, 336.8)
132.5123|(927.0, 335.4)
132.5289|(924.9, 338.3)
132.5457|(921.2, 343.1)
132.5625|(918.7, 339.8)
132.5791|(918.7, 334.9)
132.5958|(916.5, 332.7)
132.6124|(914.5, 329.1)
132.6293|(912.6, 322.5)
132.6627|(910.7, 319.7)
132.6794|(910.6, 319.6)
132.6961|(912.8, 319.3)
132.7127|(914.3, 318.3)
132.7294|(911.4, 316.3)
132.7461|(912.3, 316.5)
132.7628|(914.8, 319.9)
132.7794|(915.4, 323.5)
132.8127|(907.8, 319.8)
132.8297|(901.1, 317.4)
132.8463|(892.7, 306.9)
132.863|(892.4, 306.4)
132.8797|(894.2, 309.1)
132.8965|(896.7, 309.6)
132.93|(892.5, 308.9)
132.963|(891.6, 309.8)
132.9798|(891.6, 308.5)
132.9965|(890.4, 309.2)
133.0133|(888.2, 308.8)
133.03|(845.3, 290.0)
133.0632|(793.7, 264.5)
133.0801|(793.0, 259.7)
133.1132|(788.4, 250.3)
133.1301|(788.7, 249.8)
133.1468|(785.7, 251.8)
133.1634|(782.4, 256.0)
133.1801|(782.4, 256.2)
133.1967|(784.8, 257.8)
133.2135|(788.3, 257.1)
133.2636|(803.1, 264.4)
133.2803|(803.2, 261.8)
133.297|(892.9, 316.7)
133.3137|(901.1, 321.7)
133.3471|(911.2, 321.1)
133.3637|(904.8, 314.7)
133.3805|(906.8, 315.3)
133.4138|(951.0, 316.0)
133.4307|(946.1, 316.8)
133.4473|(951.1, 311.6)
133.4639|(954.3, 310.5)
133.4808|(960.3, 307.2)
133.5141|(959.3, 304.1)
133.5308|(957.3, 302.9)
133.5641|(958.6, 298.2)
133.5809|(956.6, 298.2)
133.5977|(953.5, 294.7)
133.6142|(953.7, 294.1)
133.631|(953.7, 293.9)
133.6476|(953.4, 293.8)
133.6643|(957.7, 299.9)
133.6809|(958.2, 301.6)
133.7144|(957.6, 304.6)
133.7311|(951.0, 316.2)
133.7478|(948.2, 316.1)
133.7645|(950.2, 318.9)
133.7813|(950.7, 322.6)
133.7978|(958.1, 329.7)
133.8145|(959.3, 330.7)
133.8311|(958.7, 330.2)
133.8646|(956.6, 326.0)
133.8815|(957.7, 326.0)
133.8982|(957.2, 324.6)
133.9148|(956.2, 322.4)
133.9314|(956.2, 323.0)
133.9481|(956.8, 322.8)
133.965|(957.0, 319.2)
133.9814|(956.9, 319.5)
134.0148|(957.3, 319.3)
134.0316|(956.5, 317.1)
134.065|(956.9, 323.2)
134.0982|(954.6, 323.7)
134.1151|(953.8, 322.2)
134.1317|(910.3, 450.9)
134.1651|(896.0, 544.6)
134.182|(889.5, 598.2)
134.1985|(893.5, 562.7)
134.2153|(893.8, 562.0)
134.2318|(889.4, 658.5)
134.2486|(891.3, 689.5)
134.2653|(890.4, 692.6)
134.2819|(889.6, 695.0)
134.3152|(887.4, 697.6)
134.3321|(886.3, 699.2)
134.3489|(882.2, 702.8)
134.3654|(879.0, 705.2)
134.382|(827.9, 695.9)
134.3986|(818.2, 695.4)
134.4155|(817.9, 696.1)
134.4322|(814.8, 695.9)
134.4655|(795.4, 688.5)
134.4824|(794.6, 691.0)
134.4989|(797.6, 696.9)
134.5157|(797.4, 697.8)
134.5492|(798.3, 683.1)
134.5658|(797.5, 684.4)
134.5824|(797.1, 683.7)
134.6159|(797.4, 684.3)
134.6325|(799.1, 689.8)
134.6494|(804.1, 693.9)
134.666|(804.1, 691.4)
134.6827|(803.3, 686.7)
134.6994|(803.6, 686.9)
134.716|(805.2, 681.4)
134.7329|(810.6, 678.9)
134.7662|(818.4, 677.8)
134.7828|(822.8, 678.1)
134.7995|(852.0, 679.7)
134.8162|(863.2, 674.9)
134.833|(863.1, 670.5)
134.8495|(865.6, 667.9)
134.8664|(864.5, 668.3)
134.883|(863.8, 666.7)
134.9163|(866.9, 666.8)
134.9332|(874.9, 669.8)
134.9665|(871.0, 663.3)
135|(874.8, 667.4)
135.0163|(875.4, 668.1)
135.0333|(875.8, 671.0)
135.0666|(875.8, 672.9)
135.0833|(874.7, 676.1)
135.1002|(875.0, 676.3)
135.1335|(873.5, 677.6)
135.1501|(874.3, 679.2)
135.1667|(876.3, 683.0)
135.1834|(878.8, 685.2)
135.2169|(878.1, 685.3)
135.2338|(877.6, 680.9)
135.2502|(875.9, 671.7)
135.2669|(874.8, 669.9)
135.2835|(873.0, 668.4)
135.3003|(872.0, 667.3)
135.3169|(873.7, 663.5)
135.3339|(875.1, 662.2)
135.3671|(876.4, 661.4)
135.3838|(878.7, 657.7)
135.4005|(880.1, 658.0)
135.4172|(888.9, 657.3)
135.4339|(891.2, 655.9)
135.4505|(895.0, 656.1)
135.4672|(896.1, 656.1)
135.4839|(896.3, 654.3)
135.5173|(893.6, 653.6)
135.534|(890.2, 652.7)
135.5508|(882.4, 649.5)
135.5842|(888.8, 650.8)
135.6008|(886.1, 652.6)
135.6175|(884.0, 653.7)
135.6342|(881.9, 651.4)
135.6677|(882.8, 655.0)
135.6842|(884.3, 656.4)
135.7012|(886.6, 662.4)
135.7177|(889.8, 665.0)
135.7345|(895.7, 672.9)
135.751|(895.9, 676.2)
135.868|(854.2, 583.2)
135.8847|(836.8, 494.6)
135.9181|(876.9, 613.7)
135.9348|(865.2, 580.8)
135.9681|(884.2, 651.1)
135.9851|(898.1, 689.4)
136.0015|(899.5, 683.7)
136.0181|(899.4, 669.4)
136.0351|(897.7, 668.5)
136.0516|(898.0, 667.5)
136.0683|(895.8, 668.0)
136.0849|(896.1, 667.7)
136.1184|(894.4, 672.0)
136.1352|(896.7, 669.9)
136.1685|(892.5, 660.0)
136.1851|(891.1, 655.7)
136.2018|(892.3, 657.6)
136.2185|(894.7, 655.4)
136.2351|(893.5, 654.5)
136.2686|(900.0, 653.9)
136.2853|(902.5, 655.1)
136.302|(906.0, 657.6)
136.3187|(901.7, 662.1)
136.3353|(898.8, 666.4)
136.352|(899.8, 669.0)
136.3688|(900.4, 671.1)
136.3853|(896.1, 676.6)
136.4189|(897.5, 676.9)
136.4356|(890.7, 678.7)
136.4523|(889.8, 680.3)
136.4689|(892.3, 681.4)
136.4856|(893.4, 682.4)
136.5023|(893.4, 683.3)
136.519|(894.8, 688.1)
136.5358|(894.6, 686.8)
136.5691|(892.6, 690.8)
136.5858|(891.9, 693.9)
136.6195|(892.0, 694.7)
136.6359|(892.9, 692.6)
136.6525|(897.5, 683.0)
136.6692|(897.1, 683.7)
136.686|(900.6, 701.2)
136.7193|(962.2, 849.2)
136.736|(954.2, 830.1)
136.7527|(990.4, 935.9)
136.7695|(995.0, 955.8)
136.7861|(994.9, 981.7)
136.8029|(991.3, 978.4)
136.8196|(991.3, 972.0)
136.8364|(989.6, 963.0)
136.8695|(992.0, 953.9)
136.8864|(993.3, 952.1)
136.9031|(991.7, 955.7)
136.9196|(993.7, 951.1)
136.9364|(986.9, 921.9)
136.9531|(984.1, 909.3)
136.9697|(984.1, 908.7)
136.9866|(987.0, 911.7)
137.02|(982.2, 920.5)
137.0364|(953.9, 953.4)
137.1701|(847.3, 1019.7)
137.2035|(845.7, 1044.1)
137.2202|(845.6, 1044.1)
137.2369|(844.3, 1057.4)
137.2536|(842.4, 1063.2)
137.2703|(842.2, 1055.7)
137.287|(839.0, 1067.2)
137.3203|(834.3, 1059.5)
137.337|(835.0, 1040.0)
137.3538|(829.3, 990.9)
137.3704|(827.4, 939.1)
137.3872|(827.8, 919.2)
137.404|(828.7, 918.8)
137.4205|(824.9, 894.2)
137.4373|(822.9, 893.1)
137.4707|(820.8, 893.6)
137.4873|(822.1, 890.1)
137.504|(820.0, 890.2)
137.5205|(819.2, 892.8)
137.5376|(819.5, 893.3)
137.554|(823.4, 894.4)
137.5707|(824.4, 897.0)
137.5876|(824.0, 899.9)
137.621|(806.5, 925.0)
137.6543|(792.5, 940.5)
137.671|(783.2, 952.1)
137.6876|(779.9, 954.3)
137.7043|(777.8, 954.3)
137.7211|(777.5, 954.1)
137.7377|(773.3, 957.8)
137.7712|(772.4, 958.4)
137.7879|(771.5, 949.4)
137.8046|(771.8, 949.8)
137.8211|(773.7, 944.5)
137.8379|(781.1, 931.2)
137.8546|(780.0, 921.4)
137.8714|(784.6, 828.8)
137.8881|(789.1, 767.1)
137.9214|(795.1, 665.8)
137.938|(787.9, 674.5)
137.9547|(783.9, 674.8)
137.9714|(783.3, 678.1)
137.9881|(780.7, 683.6)
138.0048|(779.5, 684.6)
138.0216|(781.7, 687.3)
138.0383|(782.9, 687.7)
138.0717|(780.8, 684.9)
138.0883|(781.7, 684.8)
138.105|(783.2, 687.0)
138.1218|(785.2, 689.4)
138.1384|(786.4, 689.8)
138.155|(785.7, 690.2)
138.1719|(784.7, 690.3)
138.1886|(783.4, 682.3)
138.2218|(757.6, 582.7)
138.2386|(738.3, 500.3)
138.2553|(736.7, 480.9)
138.2719|(739.7, 468.2)
138.2885|(740.7, 468.1)
138.3054|(741.0, 468.2)
138.3221|(742.2, 469.2)
138.3388|(742.4, 469.5)
138.3722|(740.9, 472.6)
138.3888|(739.9, 473.4)
138.4055|(739.0, 474.0)
138.4222|(740.0, 473.5)
138.4389|(742.6, 472.1)
138.4557|(743.1, 472.1)
138.4726|(743.2, 471.8)
138.4888|(742.9, 471.6)
138.5223|(740.0, 470.3)
138.539|(744.8, 453.4)
138.5558|(772.7, 372.2)
138.5724|(807.4, 263.6)
138.5891|(819.4, 230.2)
138.6059|(828.2, 201.9)
138.6225|(831.2, 194.1)
138.6393|(834.7, 190.0)
138.6726|(837.6, 188.2)
138.6893|(832.5, 194.2)
138.706|(832.1, 194.4)
138.7227|(829.1, 196.4)
138.7394|(829.3, 194.9)
138.7561|(824.7, 193.0)
138.7728|(809.8, 195.4)
138.7896|(800.1, 199.1)
138.8228|(793.2, 202.8)
138.8397|(783.9, 216.6)
138.8563|(781.2, 223.6)
138.8731|(783.2, 227.8)
138.8897|(784.0, 229.0)
138.9064|(788.0, 235.3)
138.9229|(802.7, 278.3)
138.9397|(823.3, 338.3)
138.9732|(826.9, 351.6)
138.9897|(826.2, 360.7)
139.0064|(822.9, 358.6)
139.0233|(821.4, 357.6)
139.0399|(820.6, 353.7)
139.0566|(820.3, 354.3)
139.0735|(820.7, 356.0)
139.0901|(808.5, 353.7)
139.1068|(804.3, 355.1)
139.1233|(799.1, 355.5)
139.1403|(792.7, 359.3)
139.1567|(791.9, 359.6)
139.1733|(793.4, 359.6)
139.1903|(793.1, 359.6)
139.2068|(795.9, 372.5)
139.2235|(794.2, 373.7)
139.2404|(793.9, 374.3)
139.2736|(764.7, 362.9)
139.2903|(756.4, 361.0)
139.3069|(746.9, 359.3)
139.3237|(735.5, 354.1)
139.3405|(734.9, 352.8)
139.3572|(732.3, 342.7)
139.3739|(732.6, 345.0)
139.3905|(734.0, 349.4)
139.4238|(734.8, 349.5)
139.4405|(736.5, 354.8)
139.4573|(737.9, 355.3)
139.474|(741.2, 359.2)
139.4905|(744.2, 361.4)
139.5075|(744.5, 362.8)
139.5239|(742.9, 360.0)
139.5409|(750.2, 338.4)
139.5575|(752.1, 325.7)
139.5741|(751.7, 318.9)
139.5908|(749.7, 313.0)
139.6075|(749.3, 312.5)
139.6242|(749.8, 310.5)
139.6411|(749.1, 309.7)
139.6575|(748.5, 309.6)
139.6745|(746.9, 309.1)
139.691|(745.6, 308.6)
139.7244|(742.7, 307.8)
139.741|(745.1, 308.4)
139.7577|(786.8, 311.5)
139.7745|(790.1, 316.1)
139.7912|(790.7, 315.2)
139.8079|(789.9, 316.6)
139.8246|(787.9, 315.3)
139.8745|(790.8, 321.0)
139.8918|(789.2, 321.3)
139.908|(788.6, 322.6)
139.9245|(788.8, 332.1)
139.9417|(786.9, 334.3)
139.9581|(786.5, 334.3)
139.9748|(773.9, 347.3)
139.9913|(753.6, 362.7)
140.0082|(745.6, 368.9)
140.0248|(740.7, 376.2)
140.0415|(744.6, 374.4)
140.0584|(748.3, 373.0)
140.075|(744.9, 370.8)
140.0916|(744.0, 369.1)
140.1084|(743.3, 367.6)
140.1252|(740.5, 363.5)
140.1415|(740.0, 364.8)
140.1751|(750.2, 367.2)
140.1919|(762.7, 367.9)
140.2085|(779.5, 366.7)
140.2254|(782.3, 365.9)
140.242|(803.6, 362.5)
140.2586|(824.0, 361.1)
140.2754|(823.9, 360.3)
140.3254|(821.7, 358.3)
140.342|(815.8, 352.4)
140.3588|(815.1, 353.6)
140.3755|(806.6, 353.3)
140.3923|(786.3, 355.9)
140.4088|(763.5, 358.6)
140.4255|(750.9, 354.8)
140.4422|(750.0, 356.1)
140.4589|(748.1, 357.1)
140.4756|(747.5, 356.0)
140.4922|(750.0, 354.8)
140.5091|(750.5, 353.2)
140.5257|(751.2, 353.0)
140.5423|(755.9, 354.0)
140.559|(756.3, 353.5)
140.576|(755.1, 352.8)
140.5924|(757.5, 355.8)
140.7594|(865.6, 217.8)
140.776|(822.5, 321.8)
140.7928|(809.9, 314.0)
140.8095|(801.9, 311.5)
140.8264|(801.5, 311.8)
140.843|(800.0, 327.9)
140.8596|(801.9, 337.9)
140.8764|(802.1, 339.6)
140.893|(804.2, 339.7)
140.9096|(808.1, 355.2)
140.9263|(804.2, 360.9)
140.943|(803.3, 360.3)
140.9599|(801.0, 360.0)
140.9766|(799.8, 361.9)
140.9933|(799.1, 364.2)
141.0098|(801.2, 364.8)
141.0265|(801.0, 364.4)
141.0433|(800.9, 364.7)
141.0599|(787.1, 354.8)
141.0766|(779.0, 348.0)
141.0934|(769.3, 340.3)
141.1102|(758.9, 331.4)
141.1267|(743.1, 327.4)
141.1434|(739.0, 327.0)
141.1602|(739.1, 317.5)
141.1767|(733.9, 316.4)
141.2101|(734.0, 317.4)
141.227|(736.4, 317.8)
141.2435|(741.0, 318.5)
141.2602|(740.4, 319.4)
141.277|(736.4, 327.6)
141.2937|(734.5, 330.4)
141.3104|(738.8, 330.3)
141.3437|(739.7, 325.1)
141.3604|(744.0, 326.5)
141.3771|(748.6, 323.3)
141.3937|(836.9, 313.7)
141.4107|(834.2, 312.1)
141.4272|(857.6, 309.2)
141.444|(845.9, 308.1)
141.4606|(850.9, 305.8)
141.4773|(856.3, 300.8)
141.494|(859.4, 306.0)
141.5108|(861.0, 307.5)
141.5273|(858.5, 307.4)
141.5442|(859.3, 306.6)
141.5609|(859.0, 306.7)
141.5776|(859.4, 307.0)
141.594|(857.8, 306.6)
141.6109|(899.2, 309.1)
141.6275|(917.8, 316.4)
141.6613|(939.3, 325.9)
141.6776|(938.4, 325.6)
141.6944|(951.5, 329.6)
141.7109|(948.1, 329.7)
141.7278|(947.9, 324.9)
141.7444|(948.5, 321.7)
141.7611|(951.7, 321.9)
141.7949|(950.0, 320.6)
141.8113|(944.9, 317.8)
141.8279|(897.7, 299.8)
141.8445|(887.4, 295.0)
141.8612|(874.7, 289.1)
141.878|(843.8, 273.2)
141.8947|(791.6, 243.6)
141.9281|(792.9, 243.9)
141.9617|(795.3, 245.3)
141.978|(795.6, 249.0)
141.9949|(793.3, 260.5)
142.0117|(792.2, 264.1)
142.0283|(790.7, 266.9)
142.045|(789.6, 270.9)
142.0616|(785.9, 277.7)
142.0783|(784.6, 277.1)
142.1118|(783.0, 280.1)
142.1286|(783.1, 279.9)
142.145|(783.0, 278.6)
142.1619|(785.8, 278.9)
142.1784|(786.9, 279.0)
142.1953|(791.2, 284.4)
142.2119|(788.4, 284.0)
142.2453|(782.5, 279.2)
142.262|(784.2, 276.9)
142.2786|(797.1, 274.2)
142.2953|(836.9, 272.1)
142.3122|(854.5, 271.3)
142.3286|(879.9, 269.7)
142.3454|(899.2, 268.4)
142.3788|(898.8, 267.9)
142.4121|(896.7, 268.4)
142.4289|(897.6, 270.8)
142.4458|(899.8, 275.6)
142.4622|(899.6, 275.7)
142.479|(899.8, 275.4)
142.4957|(899.8, 275.1)
142.5123|(898.8, 272.0)
142.5292|(909.0, 266.9)
142.5624|(914.3, 265.6)
142.5793|(916.9, 265.6)
142.5959|(931.9, 262.9)
142.6126|(937.2, 258.1)
142.6292|(938.5, 259.0)
142.646|(944.3, 256.6)
142.6625|(942.9, 254.5)
142.6793|(935.7, 252.4)
142.7127|(935.6, 252.7)
142.7294|(933.8, 247.8)
142.7629|(924.9, 240.4)
142.7796|(923.1, 238.3)
142.7962|(918.2, 234.5)
142.8296|(910.9, 229.0)
142.8629|(905.4, 230.3)
142.8796|(907.0, 233.8)
142.8962|(905.4, 240.5)
142.913|(905.0, 240.3)
142.9297|(878.7, 234.8)
142.963|(821.5, 235.6)
142.9799|(821.4, 235.6)
143.0132|(806.1, 236.7)
143.0299|(807.7, 240.1)
143.0467|(807.2, 240.1)
143.0634|(807.7, 240.8)
143.0799|(803.4, 239.6)
143.0966|(785.3, 232.4)
143.1133|(784.6, 227.2)
143.13|(782.5, 226.4)
143.1633|(781.0, 225.0)
143.1801|(780.6, 225.1)
143.1969|(777.9, 225.0)
143.2134|(780.3, 222.7)
143.2302|(781.2, 221.7)
143.2468|(782.7, 217.3)
143.2634|(782.5, 215.6)
143.2804|(782.2, 215.3)
143.3138|(779.8, 215.5)
143.3303|(781.8, 216.2)
143.3473|(780.9, 217.0)
143.364|(785.3, 223.6)
143.3806|(784.3, 228.2)
143.4138|(786.7, 232.3)
143.4306|(785.8, 237.9)
143.4639|(794.4, 269.0)
143.4806|(809.9, 299.4)
143.4974|(815.4, 317.4)
143.5142|(814.5, 313.4)
143.5309|(816.7, 318.8)
143.5473|(815.9, 320.6)
143.5641|(817.3, 325.1)
143.5807|(815.7, 324.9)
143.6143|(816.5, 327.7)
143.631|(817.2, 333.2)
143.6477|(818.6, 332.8)
143.6642|(818.0, 332.6)
143.6811|(815.5, 330.7)
143.6975|(813.4, 329.0)
143.7143|(814.1, 329.8)
143.7312|(814.7, 330.1)
143.7645|(813.5, 328.6)
143.7814|(812.4, 322.1)
143.7978|(812.8, 320.8)
143.8145|(813.6, 321.0)
143.8311|(810.8, 321.0)
143.8648|(797.7, 321.9)
143.8814|(789.1, 324.2)
143.9148|(765.0, 328.1)
143.9316|(762.0, 329.0)
143.9482|(745.9, 332.8)
143.965|(744.4, 329.8)
143.9982|(741.9, 324.5)
144.0151|(751.3, 334.1)
144.0651|(755.4, 339.5)
144.0818|(755.9, 344.3)
144.0985|(842.5, 337.1)
144.115|(901.9, 332.9)
144.1317|(953.5, 325.6)
144.1484|(950.4, 321.2)
144.1651|(950.7, 322.7)
144.1819|(950.0, 325.1)
144.2152|(946.2, 318.2)
144.2319|(945.7, 316.4)
144.2486|(945.4, 319.2)
144.2654|(945.2, 322.1)
144.282|(945.3, 318.9)
144.2987|(943.8, 325.7)
144.3155|(946.2, 328.1)
144.332|(946.5, 328.5)
144.3654|(946.2, 328.4)
144.3823|(947.1, 328.9)
144.4156|(948.7, 330.4)
144.449|(953.3, 337.8)
144.4655|(952.8, 337.3)
144.4822|(952.1, 332.0)
144.5159|(956.0, 330.3)
144.5324|(956.7, 328.7)
144.5491|(958.3, 327.8)
144.5658|(957.8, 326.8)
144.5825|(957.3, 325.1)
144.5992|(956.6, 324.5)
144.6158|(955.2, 324.1)
144.6326|(951.4, 323.3)
144.6659|(952.4, 324.7)
144.6828|(953.1, 325.7)
144.6993|(955.2, 322.9)
144.716|(957.6, 319.6)
144.7327|(953.5, 317.5)
144.7494|(950.7, 315.9)
144.7661|(945.0, 301.1)
144.7828|(946.6, 302.9)
144.8161|(936.5, 294.9)
144.8329|(938.8, 292.6)
144.8496|(922.1, 284.8)
144.8663|(885.1, 259.4)
144.8828|(883.3, 259.3)
144.8999|(880.9, 254.7)
144.9163|(881.1, 255.5)
144.933|(885.6, 259.2)
144.9666|(881.5, 254.5)
144.9834|(876.3, 245.7)
144.9999|(881.4, 248.0)
145.0332|(877.2, 250.2)
145.0502|(873.4, 251.8)
145.0664|(867.4, 244.7)
145.0833|(830.9, 216.8)
145.1168|(827.0, 212.7)
145.1335|(811.0, 205.8)
145.1501|(788.4, 198.3)
145.1667|(795.5, 201.6)
145.1834|(771.1, 200.2)
145.2004|(762.0, 199.0)
145.2167|(763.4, 197.8)
145.2335|(766.2, 200.4)
145.2669|(765.5, 198.7)
145.2836|(769.1, 200.3)
145.3003|(771.3, 197.1)
145.317|(769.8, 198.3)
145.3337|(769.3, 199.0)
145.3504|(767.9, 200.1)
145.367|(768.3, 199.2)
145.3837|(767.6, 199.5)
145.4172|(766.7, 201.4)
145.434|(765.7, 202.9)
145.4505|(763.2, 200.3)
145.4839|(768.4, 206.5)
145.5008|(769.6, 206.8)
145.5173|(768.3, 209.2)
145.5341|(765.2, 209.3)
145.5676|(765.3, 209.1)
145.5842|(765.3, 210.5)
145.601|(765.4, 211.6)
145.6175|(765.4, 211.9)
145.6342|(766.8, 214.3)
145.6509|(757.3, 203.6)
145.6675|(754.7, 199.2)
145.6842|(746.1, 161.9)
145.7178|(740.6, 138.4)
145.7344|(742.9, 146.7)
145.7678|(739.9, 128.9)
145.7844|(739.9, 129.5)
145.8012|(739.8, 130.1)
145.8178|(740.4, 131.8)
145.8345|(740.8, 137.1)
145.868|(740.1, 136.2)
145.8847|(740.6, 139.6)
145.9012|(759.2, 175.9)
145.9182|(768.9, 199.8)
145.9349|(767.0, 204.5)
145.9514|(764.7, 209.2)
145.968|(763.9, 211.5)
145.9848|(763.3, 216.1)
146.0181|(763.4, 219.3)
146.035|(765.7, 221.8)
146.0682|(770.1, 213.0)
146.0852|(771.4, 211.2)
146.1018|(771.6, 212.8)
146.1188|(771.0, 215.3)
146.1353|(771.2, 218.0)
146.1685|(771.1, 220.3)
146.1852|(774.0, 222.9)
146.2018|(773.5, 222.9)
146.2187|(773.0, 214.3)
146.2351|(774.1, 204.4)
146.2518|(771.2, 207.4)
146.2687|(769.8, 206.5)
146.2853|(767.6, 199.3)
146.3187|(764.0, 195.8)
146.3354|(761.9, 192.9)
146.3521|(757.9, 179.9)
146.3855|(760.9, 162.7)
146.4021|(762.3, 161.5)
146.4189|(761.7, 161.8)
146.4356|(758.0, 160.5)
146.469|(757.9, 155.8)
146.4858|(760.0, 144.9)
146.5191|(760.5, 144.6)
146.5357|(759.3, 151.9)
146.5524|(759.7, 153.9)
146.5692|(757.3, 155.3)
146.5857|(757.0, 155.3)
146.6193|(760.1, 159.3)
146.6359|(758.9, 159.8)
146.6526|(756.8, 162.4)
146.6693|(751.9, 188.8)
146.6859|(743.0, 227.6)
146.7025|(742.8, 244.6)
146.7193|(744.0, 244.2)
146.7362|(736.1, 304.3)
146.7693|(735.4, 306.4)
146.7861|(737.5, 307.5)
146.8028|(738.9, 305.4)
146.8195|(739.3, 306.3)
146.8361|(739.5, 309.3)
146.8532|(739.1, 313.9)
146.8696|(738.6, 314.4)
146.8865|(734.9, 314.3)
146.9199|(722.4, 320.9)
146.9362|(721.3, 317.9)
146.953|(719.5, 320.6)
146.9699|(718.6, 321.5)
146.9864|(718.1, 319.7)
147.2536|(794.4, 67.3)
147.2702|(819.9, 66.6)
147.287|(800.8, 72.6)
147.3037|(806.4, 72.6)
147.3204|(793.1, 96.4)
147.337|(790.5, 97.3)
147.3705|(778.2, 105.2)
147.3871|(749.7, 88.2)
147.4038|(740.0, 83.6)
147.4204|(734.7, 81.5)
147.4371|(728.8, 80.0)
147.4539|(723.1, 84.4)
147.4707|(722.6, 85.3)
147.4874|(724.2, 83.0)
147.5208|(744.2, 95.2)
147.5541|(892.0, 64.1)
147.5708|(896.3, 62.8)
147.5874|(917.4, 61.7)
147.6041|(919.7, 52.8)
147.6208|(919.3, 50.1)
147.6376|(920.6, 52.4)
147.671|(916.4, 59.2)
147.6877|(920.3, 67.3)
147.7043|(920.0, 72.5)
147.721|(919.8, 73.2)
147.7377|(919.3, 77.4)
147.7545|(919.2, 84.7)
147.7713|(919.8, 84.3)
147.7879|(920.1, 82.7)
147.8211|(917.9, 81.1)
147.838|(918.6, 81.0)
147.8545|(922.6, 76.0)
147.8713|(926.9, 76.0)
147.888|(969.1, 81.4)
147.9047|(975.0, 82.4)
147.9215|(979.3, 85.1)
147.9381|(984.0, 86.1)
147.9716|(999.2, 84.0)
147.988|(998.3, 82.4)
148.0049|(1001.4, 93.2)
148.0214|(1001.1, 96.1)
148.0382|(999.3, 96.9)
148.0551|(996.8, 99.3)
148.0716|(997.1, 96.5)
148.0884|(995.6, 99.8)
148.1217|(996.6, 102.1)
148.1384|(1007.5, 101.5)
148.1551|(1032.0, 100.6)
148.1717|(1036.6, 100.6)
148.1885|(1037.0, 103.4)
148.2053|(1036.4, 102.3)
148.2218|(1039.5, 102.5)
148.2386|(1040.1, 103.8)
148.2719|(1041.6, 107.3)
148.2886|(1043.6, 110.3)
148.3052|(1047.5, 117.9)
148.322|(1046.3, 118.4)
148.3387|(1037.5, 117.4)
148.3555|(1026.1, 115.6)
148.3722|(1023.4, 115.7)
148.3887|(1025.4, 117.4)
148.4221|(1020.4, 120.7)
148.4388|(1022.0, 122.4)
148.4556|(1023.9, 125.4)
148.4723|(1024.6, 126.0)
148.489|(1024.8, 126.0)
148.5058|(1023.2, 125.0)
148.5224|(1020.7, 123.8)
148.539|(1018.6, 123.9)
148.5557|(1020.0, 123.6)
148.5892|(1043.3, 121.6)
148.6058|(1045.2, 120.9)
148.6225|(1062.0, 118.8)
148.6392|(1081.9, 115.1)
148.656|(1082.0, 116.3)
148.6727|(1081.7, 117.2)
148.6894|(1081.4, 116.6)
148.7227|(1080.2, 118.6)
148.7395|(1074.8, 117.9)
148.7561|(1021.7, 118.3)
148.7728|(875.5, 108.1)
148.7895|(831.8, 106.6)
148.8063|(819.0, 107.4)
148.8229|(813.2, 108.6)
148.8395|(804.3, 108.6)
148.8729|(799.7, 110.1)
148.8896|(798.8, 108.5)
148.9062|(799.6, 118.4)
148.923|(800.8, 132.4)
148.9398|(788.1, 125.6)
148.9565|(786.5, 123.3)
148.9731|(786.3, 122.5)
148.99|(779.2, 113.0)
149.0066|(765.4, 98.9)
149.0231|(766.2, 97.7)
149.04|(765.5, 103.3)
149.0566|(765.8, 106.3)
149.0732|(766.9, 113.2)
149.0902|(770.2, 111.9)
149.1066|(774.2, 110.2)
149.1236|(779.1, 108.0)
149.1401|(794.8, 104.6)
149.1734|(818.0, 106.4)
149.1902|(824.9, 108.3)
149.2068|(860.8, 113.9)
149.2235|(863.1, 114.2)
149.2403|(862.8, 113.8)
149.257|(873.4, 111.9)
149.2738|(890.3, 109.7)
149.2903|(904.5, 110.1)
149.3236|(916.8, 115.5)
149.3571|(921.8, 117.0)
149.3737|(921.6, 116.4)
149.4072|(922.1, 120.3)
149.4238|(922.2, 117.6)
149.4572|(922.1, 122.5)
149.474|(922.4, 125.0)
149.4908|(922.4, 123.8)
149.5073|(923.2, 123.6)
149.524|(923.3, 124.2)
149.5409|(921.9, 126.0)
149.5576|(920.5, 126.8)
149.5742|(921.6, 126.4)
149.5908|(926.8, 122.7)
149.6241|(933.4, 118.8)
149.6409|(939.7, 120.3)
149.6578|(970.8, 120.7)
149.6743|(987.3, 118.7)
149.6909|(988.4, 117.4)
149.7078|(989.0, 118.9)
149.7244|(990.8, 115.8)
149.7744|(990.8, 116.1)
149.7911|(996.9, 119.8)
149.8079|(997.5, 119.6)
149.8247|(998.9, 118.3)
149.8411|(999.1, 118.3)
149.8579|(998.4, 120.3)
149.8746|(996.6, 125.4)
149.8912|(996.2, 127.2)
149.908|(995.0, 125.5)
149.9248|(993.3, 124.9)
149.9413|(996.0, 125.4)
149.9581|(998.4, 125.8)
149.9747|(1000.6, 125.3)
149.9915|(1007.7, 122.0)
150.0082|(1020.6, 128.9)
150.0249|(1024.4, 132.5)
150.0416|(1026.3, 135.2)
150.0749|(1033.4, 148.2)
150.0916|(1033.7, 154.4)
150.1082|(1035.8, 152.4)
150.1251|(1036.6, 152.0)
150.1418|(1036.7, 153.3)
150.1584|(1040.6, 157.5)
150.1752|(1056.2, 164.9)
150.2253|(959.7, 289.4)
150.2418|(883.6, 395.5)
150.2585|(815.2, 503.9)
150.2755|(807.7, 518.4)
150.2921|(749.9, 607.6)
150.3087|(753.0, 604.7)
150.3255|(754.8, 602.1)
150.342|(756.6, 598.7)
150.3587|(758.4, 600.3)
150.3753|(762.9, 611.7)
150.3923|(769.0, 635.9)
150.4089|(772.9, 654.6)
150.4256|(779.7, 690.2)
150.4424|(774.1, 716.2)
150.4589|(772.7, 726.5)
150.4757|(777.9, 730.1)
150.4923|(777.7, 730.3)
150.5091|(776.9, 721.0)
150.5258|(780.6, 717.4)
150.5424|(780.5, 715.1)
150.5591|(780.0, 716.4)
150.5759|(780.4, 716.2)
150.5926|(780.1, 716.4)
150.6093|(774.3, 721.3)
150.6259|(773.7, 721.6)
150.6592|(764.6, 718.0)
150.676|(763.7, 717.0)
150.6926|(758.7, 712.6)
150.7092|(758.6, 712.6)
150.726|(758.9, 712.6)
150.7428|(762.6, 715.3)
150.7595|(770.5, 720.2)
150.793|(770.1, 719.6)
150.8094|(773.4, 718.9)
150.8262|(775.3, 718.1)
150.8427|(772.2, 722.3)
150.8597|(771.4, 719.2)
150.8763|(768.9, 717.8)
150.8932|(768.2, 716.4)
150.9097|(766.4, 715.1)
150.9264|(768.3, 716.7)
150.943|(771.9, 718.1)
150.9598|(779.0, 715.2)
150.9763|(776.3, 717.8)
150.9932|(807.0, 709.8)
151.0099|(817.5, 709.7)
151.0267|(820.2, 714.6)
151.0432|(825.7, 723.8)
151.06|(825.0, 774.9)
151.0766|(825.9, 1138.9)
151.1101|(822.8, 1147.1)
151.1267|(824.1, 1178.1)
151.1435|(824.6, 1195.5)
151.1601|(822.0, 1181.6)
151.1768|(820.6, 1173.0)
151.1933|(817.0, 1167.0)
151.2102|(813.5, 1167.1)
151.2437|(813.2, 1165.6)
151.2605|(813.2, 1155.4)
151.277|(816.2, 1148.4)
151.2938|(815.4, 1144.2)
151.3104|(813.5, 1147.7)
151.327|(817.8, 1141.6)
151.3437|(817.1, 1127.2)
151.3604|(816.8, 1121.3)
151.3771|(816.5, 1118.1)
151.4105|(817.3, 1112.6)
151.4272|(817.3, 1112.6)
151.4438|(810.8, 1116.6)
151.4607|(785.2, 1134.9)
151.4773|(771.8, 1139.5)
151.4939|(768.8, 1127.0)
151.5108|(768.7, 1126.5)
151.5275|(782.5, 1078.3)
151.5608|(824.4, 750.2)
151.5775|(819.5, 774.8)
151.5942|(840.6, 492.7)
151.6109|(858.4, 313.2)
151.6276|(861.4, 290.1)
151.6443|(867.7, 179.7)
151.661|(865.2, 193.6)
151.6776|(863.5, 202.4)
151.7112|(862.5, 202.5)
151.7278|(857.4, 219.6)
151.7444|(859.5, 215.7)
151.7612|(860.8, 226.7)
151.7778|(871.3, 264.8)
151.7945|(877.6, 287.1)
151.8279|(876.1, 294.6)
151.8612|(877.5, 294.0)
151.8779|(876.4, 289.2)
151.8947|(876.2, 288.6)
151.9114|(876.7, 289.7)
151.9282|(875.6, 288.9)
151.9447|(876.9, 290.2)
151.9615|(875.2, 289.2)
151.978|(857.2, 275.0)
152.0116|(833.4, 254.7)
152.0281|(833.8, 252.6)
152.045|(804.8, 223.2)
152.0617|(804.5, 222.7)
152.0782|(804.6, 223.1)
152.095|(808.6, 228.0)
152.1117|(809.4, 230.6)
152.1284|(809.9, 229.4)
152.1616|(812.2, 230.1)
152.1785|(812.9, 230.8)
152.1953|(814.3, 232.9)
152.212|(814.8, 233.4)
152.2286|(815.7, 235.0)
152.2452|(813.9, 231.8)
152.2787|(814.5, 230.9)
152.312|(823.9, 234.3)
152.3288|(848.7, 235.9)
152.3454|(857.1, 235.2)
152.362|(869.7, 233.7)
152.3787|(868.5, 234.0)
152.3956|(876.8, 233.1)
152.4122|(915.6, 234.6)
152.429|(914.3, 232.3)
152.4622|(914.4, 236.3)
152.479|(914.7, 236.4)
152.5124|(914.4, 236.0)
152.529|(912.7, 232.3)
152.696|(771.4, 910.5)
152.7126|(753.4, 994.2)
152.7295|(761.9, 996.2)
152.7627|(767.9, 999.4)
152.7794|(768.2, 998.5)
152.7962|(773.7, 974.1)
152.8129|(767.8, 974.0)
152.8297|(773.0, 967.1)
152.863|(775.8, 972.9)
152.8796|(774.6, 975.1)
152.913|(777.7, 962.4)
152.9297|(778.3, 964.6)
152.9464|(779.2, 969.0)
152.9632|(778.1, 967.2)
152.9796|(779.1, 966.8)
152.9966|(778.2, 969.5)
153.0132|(773.7, 976.1)
153.0298|(770.5, 967.5)
153.0632|(771.0, 977.6)
153.08|(770.0, 966.7)
153.0967|(770.8, 961.2)
153.1132|(771.1, 958.1)
153.1302|(773.2, 953.0)
153.1467|(776.8, 900.4)
153.1634|(784.0, 816.7)
153.1801|(817.2, 480.7)
153.2136|(822.3, 433.0)
153.2302|(823.4, 418.7)
153.247|(829.9, 344.9)
153.2637|(827.1, 340.3)
153.2803|(823.5, 343.7)
153.3137|(821.1, 345.4)
153.3303|(820.7, 345.9)
153.3637|(821.0, 345.1)
153.3805|(815.8, 340.1)
153.3973|(817.0, 343.7)
153.4139|(827.3, 356.4)
153.4472|(822.8, 356.8)
153.464|(818.9, 352.2)
153.4806|(818.6, 351.7)
153.514|(819.4, 351.6)
153.5308|(817.3, 347.9)
153.5476|(814.8, 346.7)
153.5641|(815.1, 347.4)
153.5807|(794.6, 327.9)
153.5975|(784.0, 312.2)
153.6141|(779.4, 303.5)
153.6308|(776.0, 301.0)
153.6643|(775.0, 301.5)
153.681|(771.3, 296.4)
153.6977|(769.5, 294.8)
153.7146|(762.1, 286.0)
153.731|(760.8, 281.4)
153.7477|(762.4, 275.3)
153.7645|(761.1, 275.3)
153.7811|(762.9, 278.5)
153.8146|(854.7, 657.5)
153.8314|(853.0, 648.8)
153.848|(857.5, 665.8)
153.8647|(860.7, 655.7)
153.898|(859.2, 651.3)
153.9147|(858.8, 652.6)
153.9313|(859.2, 655.6)
153.9647|(860.5, 656.7)
153.9815|(862.9, 658.7)
153.9982|(863.0, 658.4)
154.0148|(863.3, 659.7)
154.0315|(863.4, 657.2)
154.0483|(861.9, 652.9)
154.0648|(857.5, 649.8)
154.0817|(856.9, 649.6)
154.115|(857.1, 648.1)
154.1318|(857.8, 648.3)
154.1486|(857.1, 651.2)
154.1651|(857.2, 637.5)
154.1817|(841.3, 201.7)
154.1985|(841.3, 170.1)
154.2151|(839.3, 149.6)
154.2318|(838.4, 138.5)
154.2652|(838.2, 133.0)
154.2821|(837.7, 135.5)
154.2987|(834.2, 144.4)
154.3154|(834.1, 150.2)
154.3489|(837.0, 157.5)
154.3654|(837.3, 157.5)
154.3821|(838.9, 157.5)
154.4154|(839.2, 157.1)
154.4323|(839.1, 157.2)
154.4489|(834.1, 162.4)
154.4657|(833.5, 174.1)
154.4823|(793.6, 685.4)
154.4991|(799.3, 754.7)
154.5156|(797.4, 797.2)
154.5324|(797.6, 800.3)
154.5658|(794.3, 795.3)
154.5824|(793.8, 789.5)
154.5991|(792.6, 787.5)
154.6159|(792.9, 784.2)
154.6325|(780.6, 992.9)
154.6493|(780.0, 1006.1)
154.6659|(783.9, 980.4)
154.6825|(783.6, 989.3)
154.7162|(779.9, 1055.7)
154.7327|(778.4, 1035.2)
154.7496|(777.6, 1043.0)
154.766|(778.0, 1039.7)
154.7996|(780.0, 1035.4)
154.8161|(775.4, 1033.1)
154.8328|(775.9, 1031.4)
154.8664|(774.5, 1030.4)
154.883|(768.9, 1026.2)
154.8997|(757.8, 1018.5)
154.933|(748.7, 1005.1)
154.9497|(748.8, 1004.0)
154.9664|(749.3, 1006.3)
154.983|(747.3, 1001.2)
155.0165|(750.5, 1008.6)
155.0333|(749.3, 1001.7)
155.0499|(753.2, 993.0)
155.0666|(753.3, 994.7)
155.0834|(749.3, 989.4)
155.1|(748.7, 988.7)
155.1168|(747.6, 980.2)
155.2168|(759.8, 956.7)
155.2338|(783.2, 1043.5)
155.2503|(781.4, 1070.3)
155.2671|(780.6, 1078.5)
155.2836|(782.5, 1097.5)
155.3171|(784.1, 1109.5)
155.3505|(789.3, 1134.7)
155.3839|(788.4, 1136.1)
155.4005|(788.5, 1138.4)
155.4172|(788.3, 1141.7)
155.4338|(787.9, 1136.0)
155.4673|(786.0, 1114.1)
155.4841|(785.7, 1110.8)
155.5008|(787.8, 1114.9)
155.5174|(789.1, 1097.9)
155.5342|(789.5, 1091.1)
155.5508|(790.0, 1077.9)
155.5674|(788.6, 1076.0)
155.5841|(788.1, 1074.4)
155.6176|(792.2, 1075.2)
155.6342|(792.4, 1075.5)
155.6676|(789.5, 1078.3)
155.701|(790.1, 1078.2)
155.7177|(788.8, 1079.3)
155.7678|(788.5, 1085.9)
155.7845|(789.3, 1079.8)
155.8012|(786.4, 1081.8)
155.8179|(748.1, 964.4)
155.8345|(738.1, 924.7)
155.8512|(735.5, 905.6)
155.868|(733.7, 895.6)
155.8847|(735.9, 893.4)
155.918|(740.7, 881.6)
155.9348|(743.6, 882.4)
155.9681|(741.9, 875.9)
155.9847|(741.8, 877.5)
156.0016|(742.3, 889.7)
156.0181|(741.6, 887.1)
156.035|(740.9, 894.5)
156.0683|(744.8, 897.9)
156.085|(743.8, 903.6)
156.1187|(745.2, 908.3)
156.1517|(743.2, 901.9)
156.1685|(743.4, 901.1)
156.2186|(743.2, 904.3)
156.2353|(743.8, 900.7)
156.252|(735.8, 907.7)
156.2685|(733.5, 924.7)
156.2853|(733.7, 924.6)
156.302|(733.8, 924.3)
156.3186|(733.0, 926.6)
156.3355|(731.4, 932.0)
156.3688|(736.6, 937.1)
156.3855|(732.6, 934.3)
156.5191|(828.7, 9.7)
156.5524|(822.6, 34.2)
156.5692|(823.6, 54.3)
156.5858|(824.1, 59.1)
156.6026|(827.6, 71.7)
156.6193|(827.5, 71.1)
156.636|(824.7, 90.8)
156.6692|(824.7, 88.6)
156.6858|(825.4, 99.5)
156.7026|(825.0, 99.7)
156.7193|(822.6, 102.0)
156.736|(824.1, 100.5)
156.7527|(824.4, 102.9)
156.7694|(831.2, 110.1)
156.7862|(831.5, 109.2)
156.8197|(831.5, 106.6)
156.8362|(830.4, 107.7)
156.8529|(832.8, 130.8)
156.8696|(836.9, 189.7)
156.8863|(848.1, 380.9)
156.9029|(849.4, 406.3)
156.9197|(849.8, 413.7)
156.9364|(850.3, 420.2)
156.9699|(847.9, 464.4)
157.0033|(850.2, 463.2)
157.0199|(851.1, 464.0)
157.0365|(854.8, 463.7)
157.0533|(862.9, 465.4)
157.0699|(861.8, 465.5)
157.0866|(861.2, 465.4)
157.12|(860.2, 463.4)
157.1367|(857.5, 459.1)
157.2705|(913.3, 14.4)
157.287|(913.5, 18.0)
157.3036|(918.5, 38.1)
157.3203|(923.6, 89.5)
157.3371|(923.3, 94.6)
157.3537|(923.9, 99.7)
157.3704|(923.8, 101.1)
157.3872|(926.8, 104.6)
157.4206|(920.7, 110.0)
157.4541|(927.6, 113.1)
157.4706|(928.7, 116.5)
157.4873|(927.7, 118.5)
157.504|(925.8, 120.8)
157.5207|(925.4, 120.9)
157.5376|(926.5, 122.5)
157.5708|(926.4, 124.3)
157.5874|(926.9, 123.9)
157.6044|(926.8, 122.1)
157.6209|(924.3, 122.1)
157.6375|(923.6, 122.9)
157.6541|(926.3, 126.6)
157.6709|(924.6, 125.5)
157.6877|(925.8, 126.3)
157.721|(924.5, 124.3)
157.7377|(922.6, 124.2)
157.7543|(921.0, 120.0)
157.771|(920.3, 119.7)
157.7878|(920.7, 122.0)
157.8045|(920.6, 123.1)
157.8212|(920.8, 123.3)
157.8378|(917.9, 115.5)
157.8714|(917.5, 109.3)
157.888|(938.3, 168.0)
157.9049|(935.2, 159.3)
157.9213|(936.3, 163.9)
157.9379|(929.4, 175.8)
157.9549|(894.3, 170.5)
157.9715|(862.0, 170.0)
157.9882|(831.7, 171.9)
158.0217|(831.2, 172.0)
158.0382|(834.4, 181.5)
158.055|(836.6, 183.3)
158.0716|(836.6, 187.5)
158.0883|(837.9, 196.5)
158.105|(838.0, 199.1)
158.1216|(837.8, 205.0)
158.1385|(837.6, 204.9)
158.1717|(832.6, 206.2)
158.1885|(830.0, 202.3)
158.2052|(829.8, 201.5)
158.2218|(832.0, 201.5)
158.2384|(834.2, 203.3)
158.2552|(836.8, 204.7)
158.272|(838.9, 203.9)
158.2886|(840.3, 203.1)
158.3221|(842.0, 207.0)
158.3387|(840.4, 205.7)
158.3555|(838.7, 204.6)
158.372|(838.4, 204.5)
158.3889|(836.6, 203.9)
158.4055|(838.5, 248.1)
158.4224|(837.3, 304.6)
158.439|(837.3, 322.5)
158.4558|(837.0, 328.6)
158.4724|(837.9, 338.4)
158.4892|(838.1, 340.8)
158.5056|(834.3, 340.3)
158.5223|(835.1, 340.6)
158.5391|(833.7, 339.9)
158.5558|(832.3, 336.0)
158.5726|(833.1, 331.0)
158.5892|(835.5, 328.2)
158.6225|(837.8, 329.7)
158.6395|(897.6, 125.8)
158.656|(912.7, 85.6)
158.6726|(924.4, 62.6)
158.6893|(928.1, 56.9)
158.706|(933.1, 43.4)
158.7229|(931.2, 50.5)
158.7395|(932.2, 57.3)
158.7728|(921.8, 60.1)
158.7893|(915.0, 64.2)
158.8062|(915.4, 67.8)
158.8229|(915.3, 67.5)
158.8395|(913.4, 73.4)
158.8564|(911.2, 79.8)
158.8729|(911.6, 81.0)
158.8896|(911.0, 89.2)
158.9064|(911.3, 91.8)
158.923|(911.6, 92.7)
158.94|(910.3, 96.2)
158.9564|(910.2, 96.1)
158.973|(910.0, 96.0)
158.9899|(911.6, 92.6)
159.0068|(911.8, 88.5)
159.023|(922.1, 88.4)
159.0399|(968.0, 94.9)
159.0734|(988.8, 98.5)
159.0899|(991.0, 100.1)
159.1068|(993.1, 102.3)
159.1232|(992.0, 102.5)
159.1401|(991.9, 104.7)
159.1568|(991.7, 105.4)
159.1734|(991.4, 108.2)
159.1903|(990.7, 107.4)
159.2235|(985.8, 106.7)
159.2402|(968.5, 101.1)
159.2571|(912.8, 101.4)
159.2737|(900.4, 101.6)
159.2904|(900.1, 100.8)
159.307|(893.3, 101.4)
159.3236|(893.4, 100.3)
159.3405|(895.7, 99.0)
159.3571|(892.7, 101.8)
159.3736|(897.3, 106.0)
159.4072|(899.2, 106.4)
159.424|(899.6, 107.9)
159.4413|(893.4, 156.4)
159.4573|(846.4, 535.4)
159.474|(844.4, 554.2)
159.4906|(840.3, 577.1)
159.524|(832.8, 600.0)
159.5408|(830.5, 600.9)
159.5574|(830.9, 599.1)
159.5741|(831.6, 597.4)
159.5908|(832.1, 599.6)
159.6075|(832.1, 597.4)
159.6245|(831.3, 599.2)
159.6743|(816.7, 658.8)
159.691|(804.1, 689.6)
159.7076|(801.6, 698.3)
159.7245|(800.3, 703.2)
159.7411|(792.3, 726.3)
159.7576|(792.6, 723.1)
159.7744|(789.6, 727.1)
159.7911|(788.0, 730.7)
159.8079|(791.7, 728.4)
159.8244|(788.7, 732.3)
159.8412|(786.8, 728.5)
159.858|(784.1, 720.7)
159.8745|(783.0, 717.8)
159.8915|(783.9, 717.0)
159.908|(785.2, 713.2)
159.9247|(789.1, 710.8)
159.9414|(788.6, 709.9)
159.9748|(781.0, 694.3)
159.9914|(781.0, 694.5)
160.0082|(781.0, 696.8)
160.0248|(780.5, 694.0)
160.0417|(781.1, 693.7)
160.0751|(787.8, 682.5)
160.1251|(784.4, 685.8)
160.1417|(785.4, 688.2)
160.1584|(787.9, 691.0)
160.1753|(795.3, 698.7)
160.1918|(807.2, 678.9)
160.2085|(821.3, 643.3)
160.2252|(838.6, 590.2)
160.2419|(865.7, 348.5)
160.2585|(869.8, 316.5)
160.2753|(886.0, 156.8)
160.2919|(885.8, 147.9)
160.3087|(884.3, 159.5)
160.3254|(881.7, 168.7)
160.3421|(882.9, 168.8)
160.3587|(883.2, 169.3)
160.3754|(883.6, 169.9)
160.3922|(884.6, 172.2)
160.4088|(883.7, 173.2)
160.4257|(885.9, 176.6)
160.4422|(888.9, 179.8)
160.4589|(883.4, 177.6)
160.4758|(885.1, 178.9)
160.4924|(888.7, 180.0)
160.509|(885.4, 192.7)
160.5256|(853.6, 413.9)
160.559|(835.2, 626.8)
160.5759|(832.2, 679.1)
160.5925|(829.1, 706.7)
160.6092|(828.5, 707.8)
160.6258|(821.4, 711.1)
160.6426|(822.0, 709.7)
160.6594|(819.4, 708.5)
160.6926|(818.6, 707.7)
160.7093|(819.3, 705.1)
160.726|(820.1, 703.4)
160.7428|(821.6, 702.0)
160.7595|(827.7, 702.0)
160.7762|(838.9, 702.0)
160.7929|(841.3, 701.4)
160.8094|(846.9, 704.3)
160.8261|(849.2, 706.3)
160.8429|(853.8, 710.7)
160.8597|(852.7, 714.0)
160.8764|(851.7, 714.1)
160.8931|(845.0, 714.6)
160.9097|(808.9, 713.6)
160.9265|(794.7, 700.5)
160.9429|(791.7, 701.2)
160.9598|(788.8, 701.0)
160.9764|(784.8, 701.2)
161.01|(783.9, 693.7)
161.0264|(785.2, 695.4)
161.0432|(792.9, 701.0)
161.06|(792.8, 698.8)
161.0767|(791.2, 695.1)
161.0934|(788.5, 687.1)
161.11|(789.1, 687.3)
161.1436|(787.7, 678.7)
161.1602|(788.2, 672.3)
161.1768|(788.2, 671.7)
161.1935|(787.2, 671.4)
161.2102|(786.9, 672.0)
161.2269|(786.3, 673.4)
161.2436|(782.8, 672.7)
161.2604|(782.7, 673.0)
161.277|(785.7, 670.8)
161.3105|(786.6, 669.0)
161.327|(787.2, 667.7)
161.3438|(788.3, 665.1)
161.3604|(788.2, 666.7)
161.3771|(787.2, 667.9)
161.3938|(787.1, 667.8)
161.4106|(785.0, 646.3)
161.4272|(783.1, 621.4)
161.4607|(781.5, 611.8)
161.4773|(779.4, 608.6)
161.494|(777.2, 605.1)
161.5109|(783.0, 605.0)
161.5275|(783.6, 606.2)
161.5444|(793.0, 610.6)
161.5608|(792.9, 611.7)
161.5773|(789.0, 611.6)
161.6109|(787.1, 612.0)
161.6275|(788.8, 614.0)
161.6442|(787.2, 613.3)
161.6609|(913.2, 625.0)
161.6777|(954.8, 627.5)
161.6945|(961.1, 622.9)
161.7277|(972.6, 618.7)
161.7611|(969.3, 613.3)
161.7776|(972.3, 622.3)
161.7945|(972.8, 623.9)
161.8113|(972.3, 627.4)
161.8279|(971.0, 626.5)
161.8445|(969.5, 625.3)
161.8612|(963.4, 624.8)
161.878|(958.3, 619.4)
161.9113|(922.9, 603.0)
161.9281|(912.8, 596.1)
161.9448|(897.9, 591.9)
161.9616|(894.7, 590.0)
161.978|(892.4, 580.3)
161.9948|(893.0, 586.2)
162.0115|(895.7, 583.5)
162.0282|(895.1, 583.4)
162.0616|(874.9, 585.4)
162.0782|(861.2, 590.0)
162.095|(858.3, 590.1)
162.1118|(851.7, 590.1)
162.1284|(848.8, 590.4)
162.1451|(840.3, 589.3)
162.1785|(830.0, 579.6)
162.2119|(822.1, 581.7)
162.2286|(823.8, 578.9)
162.2452|(797.5, 576.2)
162.262|(788.7, 576.5)
162.2788|(779.0, 575.0)
162.2954|(777.8, 575.5)
162.3121|(777.7, 575.9)
162.3288|(781.0, 579.7)
162.362|(786.9, 578.9)
162.3789|(785.1, 579.3)
162.3954|(788.9, 579.6)
162.4123|(787.4, 579.6)
162.4288|(785.6, 579.2)
162.4456|(783.5, 581.8)
162.4622|(786.8, 586.8)
162.4789|(781.7, 587.0)
162.5123|(783.0, 586.9)
162.529|(782.9, 587.3)
162.5457|(786.3, 585.9)
162.5625|(809.2, 582.5)
162.5793|(816.7, 581.0)
162.5957|(822.2, 578.6)
162.6124|(825.7, 576.1)
162.6293|(826.6, 576.6)
162.6625|(825.9, 576.0)
162.6792|(827.0, 578.2)
162.696|(820.4, 579.1)
162.7128|(787.4, 588.3)
162.7296|(782.7, 588.5)
162.7627|(781.1, 587.6)
162.7795|(779.9, 585.0)
162.8128|(779.4, 584.1)
162.8295|(778.1, 598.1)
162.8464|(779.4, 602.9)
162.8629|(788.8, 653.0)
162.8796|(789.9, 659.8)
162.8963|(792.2, 677.6)
162.913|(791.1, 678.6)
162.9297|(789.3, 680.3)
162.9632|(787.3, 679.2)
162.9798|(786.8, 679.0)
162.9966|(786.6, 676.1)
163.0131|(787.1, 676.8)
163.0298|(789.5, 675.8)
163.0465|(788.5, 673.1)
163.0632|(793.1, 671.8)
163.0799|(796.2, 668.5)
163.1134|(817.9, 670.0)
163.1301|(843.5, 673.4)
163.1467|(839.5, 672.6)
163.1636|(857.8, 678.1)
163.1802|(864.2, 680.5)
163.1968|(871.2, 683.3)
163.2136|(870.6, 678.2)
163.2301|(872.4, 675.7)
163.2636|(871.3, 674.8)
163.2803|(869.8, 672.9)
163.297|(869.5, 673.0)
163.3138|(869.2, 673.8)
163.3306|(871.1, 676.0)
163.347|(873.7, 674.5)
163.3639|(881.8, 653.3)
163.3804|(895.8, 618.0)
163.4142|(901.9, 602.9)
163.4306|(911.8, 576.7)
163.4474|(910.8, 570.2)
163.4639|(910.2, 567.1)
163.4805|(913.1, 572.2)
163.4974|(915.0, 572.4)
163.5139|(914.2, 572.2)
163.5306|(912.3, 573.0)
163.564|(910.0, 577.2)
163.5808|(910.8, 577.2)
163.5974|(911.7, 577.7)
163.6143|(909.9, 578.7)
163.6308|(909.6, 579.3)
163.6476|(910.8, 578.4)
163.6643|(910.9, 578.0)
163.6809|(909.4, 579.7)
163.7143|(910.7, 584.2)
163.7311|(911.6, 586.2)
163.7479|(912.3, 588.1)
163.7644|(921.9, 587.4)
163.7978|(950.0, 582.2)
163.8146|(950.6, 582.3)
163.8312|(951.7, 581.8)
163.8647|(951.8, 579.4)
163.8814|(951.2, 578.1)
163.8979|(951.2, 576.5)
163.9147|(950.9, 576.8)
163.9313|(950.5, 572.8)
163.9481|(923.4, 552.9)
163.9647|(874.9, 526.2)
163.9814|(858.1, 518.4)
164.0148|(842.3, 512.9)
164.0314|(801.4, 493.9)
164.0482|(798.4, 490.6)
164.065|(790.6, 493.6)
164.0816|(786.8, 490.1)
164.0982|(783.6, 485.3)
164.1149|(784.7, 486.6)
164.1315|(786.6, 489.1)
164.165|(788.8, 491.6)
164.1819|(789.1, 491.8)
164.1985|(790.8, 493.2)
164.2153|(794.4, 495.2)
164.2487|(798.9, 494.3)
164.2653|(798.8, 494.1)
164.2819|(805.8, 488.4)
164.3154|(824.1, 490.8)
164.332|(890.9, 498.3)
164.3489|(923.2, 502.9)
164.3821|(960.3, 506.4)
164.399|(960.6, 505.7)
164.4155|(961.9, 505.2)
164.4321|(961.2, 505.0)
164.4656|(961.8, 505.5)
164.4824|(962.0, 505.2)
164.4989|(962.4, 505.2)
164.5156|(960.9, 506.0)
164.5323|(960.6, 506.9)
164.5491|(967.6, 505.1)
164.5657|(995.2, 504.5)
164.5826|(1002.8, 504.4)
164.616|(1024.8, 498.2)
164.6324|(1039.5, 501.0)
164.6494|(1038.3, 496.3)
164.6659|(1041.6, 505.8)
164.6828|(1045.3, 505.4)
164.6994|(1044.9, 504.3)
164.716|(1044.6, 503.7)
164.733|(1044.2, 503.9)
164.7662|(1040.4, 505.7)
164.7829|(1041.1, 506.2)
164.7995|(1041.4, 506.5)
164.8329|(1046.3, 506.5)
164.8496|(1047.2, 506.1)
164.8661|(1047.2, 506.0)
164.8829|(1048.2, 504.7)
164.9164|(1046.8, 503.0)
164.9331|(1043.4, 500.0)
164.9497|(917.9, 498.2)
164.9663|(834.6, 499.3)
164.983|(797.4, 503.7)
164.9998|(786.1, 505.2)
165.0165|(786.5, 506.8)
165.0334|(788.6, 508.8)
165.0668|(789.4, 509.3)
165.0833|(790.1, 508.3)
165.1002|(799.3, 504.3)
165.1166|(801.7, 499.8)
165.1333|(803.3, 492.0)
165.1667|(803.2, 488.5)
165.1834|(804.7, 482.1)
165.2168|(804.9, 480.6)
165.2337|(803.2, 481.6)
165.2503|(800.8, 491.3)
165.2838|(799.3, 489.1)
165.3003|(803.6, 486.7)
165.317|(824.6, 486.7)
165.3336|(823.4, 487.4)
165.3672|(828.1, 488.0)
165.3838|(831.9, 490.1)
165.4172|(828.5, 494.1)
165.4341|(830.9, 493.8)
165.4505|(831.5, 493.6)
165.4673|(833.7, 495.8)
165.484|(833.8, 496.5)
165.5175|(838.8, 496.5)
165.5341|(836.6, 496.1)
165.5508|(941.3, 508.7)
165.5675|(949.8, 509.1)
165.5841|(955.2, 508.2)
165.6008|(955.8, 508.4)
165.6177|(955.0, 507.5)
165.634|(954.1, 498.7)
165.6678|(954.2, 498.0)
165.6843|(954.2, 496.2)
165.7051|(953.6, 491.9)
165.7176|(953.9, 489.6)
165.7344|(953.9, 487.1)
165.7509|(952.8, 483.4)
165.7677|(952.5, 480.9)
165.7844|(955.3, 482.4)
165.9347|(1005.7, 385.3)
165.9682|(986.9, 372.0)
165.9849|(984.4, 390.1)
166.0015|(992.4, 424.9)
166.0182|(998.9, 469.9)
166.0347|(999.2, 476.0)
166.0515|(1000.1, 481.6)
166.0685|(1000.4, 483.2)
166.0849|(1002.8, 506.9)
166.1184|(1011.2, 511.5)
166.135|(1011.9, 512.1)
166.1517|(1027.4, 513.1)
166.1683|(1044.2, 514.6)
166.1851|(1052.6, 520.0)
166.202|(1055.2, 520.7)
166.2186|(1055.2, 517.1)
166.2352|(1055.0, 517.6)
166.2685|(1057.2, 518.1)
166.2853|(1060.5, 517.7)
166.302|(1063.4, 517.0)
166.319|(1064.7, 515.8)
166.3353|(1064.1, 516.8)
166.3522|(1065.5, 516.8)
166.3687|(1061.8, 518.5)
166.3855|(1058.1, 520.1)
166.4188|(1054.9, 522.1)
166.4522|(1058.9, 524.0)
166.469|(1060.5, 523.2)
166.4857|(1059.4, 521.0)
166.5024|(1059.4, 521.3)
166.5191|(1057.9, 519.8)
166.5358|(1057.4, 519.1)
166.5691|(1054.4, 516.1)
166.5858|(1053.8, 514.3)
166.6024|(1053.8, 513.8)
166.6192|(1053.9, 513.8)
166.6526|(1064.9, 512.8)
166.6695|(1068.9, 511.6)
166.7195|(1069.2, 512.0)
166.7361|(1060.9, 511.7)
166.7526|(1060.0, 514.1)
166.7695|(1059.6, 514.3)
166.7862|(1058.6, 512.5)
166.8027|(1058.9, 512.3)
166.8196|(1059.0, 512.1)
166.8362|(1059.1, 512.2)
166.8697|(1059.2, 508.9)
166.903|(1057.0, 508.5)
166.9197|(1054.7, 508.7)
166.9363|(1052.5, 507.5)
166.953|(1053.2, 508.1)
166.9699|(1053.5, 508.1)
166.9865|(1054.2, 507.4)
167.02|(1054.5, 507.8)
167.0365|(1055.3, 507.3)
167.0534|(1054.8, 502.3)
167.0698|(1055.7, 498.7)
167.0867|(1057.4, 496.8)
167.1031|(1084.9, 502.9)
167.1199|(1088.8, 503.5)
167.1368|(1089.6, 503.5)
167.1703|(1099.6, 504.9)
167.1868|(1100.6, 504.0)
167.2034|(1100.2, 502.8)
167.2203|(1100.4, 504.6)
167.2369|(1100.3, 504.4)
167.2535|(1091.9, 509.7)
167.2701|(1025.8, 544.8)
167.2871|(881.3, 618.5)
167.3203|(877.3, 621.4)
167.337|(870.9, 630.1)
167.3538|(873.3, 632.1)
167.3704|(872.8, 636.7)
167.387|(872.7, 636.4)
167.4038|(872.2, 637.5)
167.4206|(871.7, 640.2)
167.4372|(871.3, 650.7)
167.4706|(868.1, 655.5)
167.4873|(867.4, 655.4)
167.5041|(870.6, 656.2)
167.5207|(872.3, 657.5)
167.5374|(880.7, 653.1)
167.5541|(896.7, 643.2)
167.5708|(921.9, 620.6)
167.5876|(939.6, 604.7)
167.6209|(1005.5, 547.2)
167.6375|(1042.1, 511.9)
167.6543|(1041.4, 512.7)
167.6709|(1040.0, 507.0)
167.6877|(1039.9, 506.3)
167.7044|(1039.4, 505.8)
167.7211|(1039.9, 506.3)
167.7376|(1041.5, 510.1)
167.7712|(1042.5, 514.1)
167.7877|(957.3, 609.8)
167.8046|(961.4, 604.9)
167.8214|(959.1, 606.8)
167.8377|(953.5, 611.1)
167.8547|(953.1, 608.8)
167.8714|(952.4, 604.9)
167.8879|(949.5, 601.5)
167.9048|(949.1, 600.6)
167.938|(949.7, 600.7)
167.9549|(953.2, 603.3)
167.9714|(953.3, 597.6)
168.0048|(952.9, 595.5)
168.0215|(949.5, 593.5)
168.0383|(948.5, 592.4)
168.0716|(951.4, 594.6)
168.0886|(957.9, 601.6)
168.105|(957.1, 602.2)
168.1216|(954.3, 601.3)
168.1384|(949.1, 603.2)
168.1718|(944.9, 603.3)
168.1885|(938.5, 604.4)
168.2218|(935.5, 604.8)
168.2385|(932.0, 604.2)
168.2552|(931.5, 600.4)
168.272|(928.2, 593.3)
168.2885|(929.3, 586.5)
168.3054|(929.9, 586.6)
168.322|(929.8, 585.7)
168.3389|(929.9, 585.0)
168.3556|(929.8, 586.1)
168.3721|(928.7, 586.3)
168.3889|(928.8, 585.6)
168.4055|(937.4, 580.5)
168.4221|(1017.8, 531.0)
168.4388|(1033.4, 522.4)
168.4556|(1046.2, 514.9)
168.4723|(1057.3, 507.5)
168.4893|(1054.1, 506.4)
168.5224|(1054.8, 506.7)
168.5392|(1051.8, 505.3)
168.5556|(1056.8, 504.9)
168.5724|(1056.4, 503.3)
168.5891|(1057.1, 502.1)
168.6062|(1056.6, 502.7)
168.6228|(1057.6, 505.4)
168.6392|(1057.6, 506.0)
168.6726|(1056.7, 507.7)
168.6892|(1056.1, 509.4)
168.706|(1055.7, 510.3)
168.7227|(1055.8, 509.6)
168.7393|(1053.6, 509.8)
168.7563|(1054.0, 510.6)
168.7727|(1054.5, 510.6)
168.7895|(1056.5, 510.8)
168.8063|(1056.7, 511.5)
168.8228|(1057.0, 512.8)
168.8396|(1045.0, 508.9)
168.8562|(1040.5, 507.9)
168.8729|(1010.2, 502.0)
168.8897|(1008.4, 500.7)
168.9065|(989.6, 497.6)
168.9231|(957.2, 493.0)
168.9398|(957.1, 494.6)
168.9731|(957.6, 496.6)
168.9898|(958.4, 499.7)
169.0065|(959.0, 500.2)
169.0233|(959.9, 501.3)
169.0399|(961.0, 501.6)
169.0565|(962.5, 500.6)
169.0733|(960.7, 500.3)
169.1233|(958.2, 504.2)
169.14|(957.5, 505.0)
169.157|(957.3, 504.8)
169.1733|(953.9, 504.4)
169.1902|(953.5, 499.0)
169.207|(953.7, 493.8)
169.2234|(955.1, 489.0)
169.2568|(956.3, 485.0)
169.2736|(956.2, 488.0)
169.2903|(957.3, 493.3)
169.3072|(956.2, 495.0)
169.3236|(955.1, 496.8)
169.3405|(953.9, 501.0)
169.3572|(954.2, 505.0)
169.3737|(954.7, 505.1)
169.3905|(957.8, 507.9)
169.4238|(956.6, 508.3)
169.4406|(943.5, 507.3)
169.4572|(892.7, 506.7)
169.4739|(888.8, 509.0)
169.4908|(882.8, 508.9)
169.5076|(875.6, 506.0)
169.524|(874.0, 505.0)
169.5741|(867.8, 499.3)
169.5908|(869.0, 500.0)
169.6075|(868.1, 499.0)
169.6243|(871.8, 495.2)
169.6409|(872.4, 494.1)
169.6578|(872.1, 494.6)
169.6743|(872.6, 495.1)
169.691|(873.5, 495.3)
169.7075|(874.1, 494.4)
169.7243|(876.7, 496.9)
169.741|(875.9, 496.3)
169.7577|(873.3, 493.8)
169.7745|(872.6, 494.9)
169.7914|(872.8, 496.2)
169.8078|(871.8, 496.4)
169.8247|(877.1, 493.1)
169.8412|(886.7, 482.0)
169.8746|(895.8, 475.0)
169.8914|(898.6, 473.5)
169.9079|(900.2, 470.8)
169.9247|(900.1, 570.4)
169.9414|(897.9, 600.5)
169.9582|(899.3, 621.8)
169.9748|(900.6, 632.9)
170.025|(905.9, 649.5)
170.0415|(905.7, 649.9)
170.0582|(902.0, 645.3)
170.0749|(899.4, 640.4)
170.0915|(896.5, 640.0)
170.1083|(893.2, 645.2)
170.1417|(893.6, 647.5)
170.1584|(892.8, 652.4)
170.175|(897.5, 682.2)
170.1917|(897.9, 710.5)
170.2086|(898.2, 719.8)
170.2254|(898.8, 722.4)
170.2421|(898.8, 736.3)
170.2586|(900.6, 749.8)
170.2753|(901.5, 750.4)
170.292|(900.4, 751.3)
170.3087|(899.9, 743.2)
170.3254|(899.5, 742.5)
170.3423|(899.2, 741.3)
170.3588|(898.2, 737.2)
170.3755|(899.2, 738.5)
170.3922|(901.1, 738.1)
170.4091|(901.8, 738.7)
170.4255|(892.9, 747.4)
170.4589|(884.5, 744.9)
170.4756|(864.1, 734.4)
170.4924|(836.6, 722.4)
170.509|(817.1, 714.3)
170.5257|(810.2, 711.2)
170.5425|(809.8, 710.3)
170.5591|(807.3, 714.7)
170.5925|(807.2, 715.7)
170.6091|(809.9, 713.9)
170.626|(818.9, 714.6)
170.6425|(844.1, 678.0)
170.6594|(856.6, 661.9)
170.6762|(883.3, 623.7)
170.6926|(881.9, 620.2)
170.7093|(889.6, 607.7)
170.726|(961.6, 488.8)
170.7427|(961.1, 487.8)
170.7596|(958.8, 488.8)
170.776|(958.6, 488.7)
170.793|(958.1, 487.7)
170.8096|(952.0, 493.9)
170.8261|(949.1, 496.2)
170.8428|(950.2, 494.6)
170.8597|(950.3, 493.7)
170.8762|(949.3, 496.8)
170.9097|(917.9, 583.1)
170.9265|(911.2, 602.1)
170.9429|(899.3, 637.4)
170.9599|(892.4, 659.0)
170.9764|(892.1, 661.1)
170.9933|(892.9, 658.6)
171.0099|(890.9, 655.2)
171.0435|(890.1, 656.5)
171.0599|(889.4, 656.7)
171.0766|(889.4, 659.0)
171.0933|(888.3, 658.2)
171.1101|(891.5, 661.4)
171.1268|(893.3, 662.9)
171.1435|(893.9, 663.7)
171.1768|(892.6, 662.3)
171.1935|(893.0, 662.7)
171.2103|(892.8, 660.8)
171.2268|(892.9, 657.0)
171.2436|(895.3, 649.0)
171.2602|(933.2, 521.0)
171.277|(940.5, 499.1)
171.2938|(942.8, 492.8)
171.3103|(944.2, 485.9)
171.327|(942.4, 488.6)
171.3605|(941.8, 489.2)
171.377|(941.0, 492.2)
171.3938|(939.0, 495.0)
171.4107|(932.5, 487.6)
171.4271|(930.3, 494.0)
171.4441|(901.3, 605.1)
171.4605|(890.4, 631.2)
171.4772|(888.4, 643.7)
171.5106|(888.7, 645.5)
171.5273|(893.2, 639.9)
171.5443|(891.5, 643.2)
171.5609|(889.4, 652.3)
171.5774|(888.2, 653.6)
171.5942|(879.6, 646.6)
171.6275|(820.5, 617.4)
171.6608|(821.4, 615.3)
171.6774|(806.0, 602.8)
171.6943|(789.5, 592.4)
171.7111|(789.9, 588.7)
171.7278|(789.9, 588.4)
171.7445|(789.8, 588.6)
171.7611|(789.5, 588.0)
171.7778|(788.3, 589.3)
171.8113|(788.4, 591.8)
171.8279|(789.9, 593.6)
171.8447|(790.1, 594.4)
171.8614|(788.7, 592.4)
171.8779|(787.3, 589.7)
171.8947|(787.5, 588.1)
171.9114|(787.4, 586.6)
171.928|(787.7, 583.0)
171.9614|(788.8, 580.7)
171.9781|(788.7, 577.4)
171.9949|(788.6, 576.5)
172.0116|(789.5, 576.1)
172.0283|(790.5, 576.2)
172.045|(794.4, 585.1)
172.0783|(795.0, 586.5)
172.1116|(794.2, 583.6)
172.1283|(792.5, 558.2)
172.1451|(793.1, 544.2)
172.1619|(793.6, 514.7)
172.1785|(792.3, 501.2)
172.2119|(794.1, 469.4)
172.2288|(794.9, 468.6)
172.2619|(794.5, 468.4)
172.2786|(796.6, 466.7)
172.2954|(798.3, 466.3)
172.3121|(798.6, 466.7)
172.3287|(799.5, 468.3)
172.3454|(799.3, 468.7)
172.3621|(798.3, 467.8)
172.3787|(797.2, 468.6)
172.4122|(796.7, 468.6)
172.4288|(793.3, 469.9)
172.4455|(792.9, 469.0)
172.4621|(792.5, 469.2)
172.479|(792.6, 469.3)
172.4958|(792.6, 470.9)
172.5121|(791.8, 472.0)
172.529|(789.5, 473.8)
172.5624|(787.7, 474.5)
172.5791|(783.8, 475.7)
172.5959|(780.9, 477.8)
172.6125|(769.1, 483.0)
172.6293|(757.0, 485.4)
172.6626|(753.1, 487.8)
172.6792|(752.6, 486.4)
172.7127|(754.1, 488.2)
172.7294|(754.2, 487.2)
172.7461|(769.8, 492.4)
172.7628|(815.2, 501.7)
172.7795|(818.8, 501.5)
172.7962|(820.5, 500.6)
172.8129|(829.1, 501.4)
172.8296|(838.5, 499.0)
172.8629|(841.1, 496.6)
172.8797|(841.0, 495.5)
172.8964|(840.1, 492.7)
172.9129|(839.4, 491.6)
172.9298|(838.4, 491.4)
172.9464|(834.2, 498.4)
172.963|(832.7, 499.6)
172.9797|(831.9, 497.6)
173.0132|(830.8, 498.5)
173.0299|(830.8, 498.5)
173.0466|(831.3, 498.1)
173.0634|(834.1, 503.2)
173.0799|(836.8, 503.8)
173.0967|(836.2, 502.3)
173.1136|(831.4, 501.1)
173.1301|(817.7, 499.6)
173.1634|(810.1, 498.7)
173.1802|(808.1, 500.2)
173.197|(791.8, 505.6)
173.2135|(785.3, 515.9)
173.2469|(784.1, 517.4)
173.2637|(786.6, 515.9)
173.2801|(789.9, 512.4)
173.3137|(790.5, 511.6)
173.3305|(791.2, 510.7)
173.3471|(790.6, 510.2)
173.3637|(784.4, 509.2)
173.3803|(779.1, 505.7)
173.3973|(781.6, 510.8)
173.4138|(785.5, 512.0)
173.4305|(785.0, 510.7)
173.4638|(785.5, 510.7)
173.4806|(785.3, 509.9)
173.4972|(784.2, 508.5)
173.514|(787.3, 508.8)
173.5306|(786.5, 507.9)
173.5473|(786.9, 507.5)
173.5642|(783.9, 507.8)
173.5807|(778.6, 525.6)
173.6141|(770.4, 665.3)
173.631|(769.3, 681.0)
173.6476|(764.2, 713.7)
173.6644|(765.2, 706.9)
173.6977|(751.8, 724.7)
173.7143|(751.8, 724.5)
173.7643|(753.0, 721.7)
173.7812|(753.0, 720.9)
173.7979|(753.7, 719.2)
173.8145|(757.4, 722.6)
173.848|(753.1, 716.7)
173.8645|(743.3, 718.9)
173.8812|(717.8, 724.3)
173.9146|(717.4, 724.7)
173.9315|(713.9, 727.2)
173.948|(711.3, 728.4)
173.9648|(707.8, 729.3)
173.9815|(707.4, 728.3)
173.9981|(710.4, 709.3)
174.0149|(711.0, 710.0)
174.0315|(709.4, 710.5)
174.0649|(710.5, 702.0)
174.0816|(709.6, 701.4)
174.0984|(704.9, 701.6)
174.1149|(703.6, 697.4)
174.1485|(700.4, 696.6)
174.1651|(699.3, 696.0)
174.1818|(699.5, 694.2)
174.2151|(700.7, 691.9)
174.2319|(700.9, 690.7)
174.2485|(697.2, 685.0)
174.2818|(696.3, 683.2)
174.2987|(694.9, 682.1)
174.3152|(697.0, 689.6)
174.332|(722.6, 797.7)
174.3655|(739.1, 874.3)
174.3821|(748.9, 924.4)
174.3988|(764.2, 974.2)
174.4154|(771.9, 1009.7)
174.4323|(766.2, 1016.0)
174.4489|(764.3, 1021.5)
174.4656|(764.4, 1019.2)
174.4823|(765.0, 1015.2)
174.5157|(763.5, 1013.3)
174.5322|(763.8, 1013.7)
174.5492|(763.8, 1005.9)
174.5657|(769.3, 1000.5)
174.5823|(808.4, 994.3)
174.5991|(851.4, 975.1)
174.6159|(925.0, 943.5)
174.6325|(1355.6, 743.1)
174.6659|(1463.2, 692.0)
174.6825|(1550.7, 651.1)
174.6995|(1649.8, 610.7)
174.7329|(1655.8, 614.5)
174.7492|(1651.9, 611.9)
174.7663|(1647.8, 608.5)
174.7828|(1622.5, 592.0)
174.8164|(1616.0, 588.0)
174.833|(1617.7, 586.5)
174.8663|(1617.1, 585.8)
174.883|(1538.3, 545.0)
174.8998|(1419.6, 497.5)
174.9164|(1174.2, 401.0)
174.9333|(1152.5, 391.6)
174.9668|(950.7, 309.9)
174.9831|(936.5, 304.4)
174.9999|(932.4, 295.7)
175.0166|(942.8, 302.3)
175.0333|(944.2, 306.1)
175.05|(945.6, 308.6)
175.067|(946.9, 312.5)
175.0837|(950.3, 320.1)
175.117|(949.9, 329.0)
175.1334|(949.6, 332.4)
175.1501|(952.5, 334.2)
175.1668|(953.0, 335.5)
175.1837|(954.4, 337.2)
175.2003|(955.0, 338.6)
175.2169|(952.6, 338.6)
175.2336|(951.7, 339.8)
175.2674|(952.0, 339.4)
175.2838|(952.7, 339.0)
175.3171|(952.3, 340.8)
175.3337|(953.0, 340.6)
175.3503|(952.9, 340.3)
175.3671|(952.8, 340.3)
175.3838|(953.3, 341.4)
175.417|(952.1, 344.2)
175.4339|(952.9, 343.0)
175.4505|(953.1, 343.4)
175.4672|(954.5, 344.6)
175.4838|(958.1, 346.0)
175.5007|(958.3, 347.5)
175.5174|(957.5, 347.0)
175.5341|(957.2, 346.4)
175.5676|(957.0, 346.3)
175.5843|(955.8, 345.1)
175.6008|(974.4, 350.1)
175.6174|(1496.5, 555.9)
175.6343|(1522.6, 565.4)
175.6508|(1547.0, 575.1)
175.6676|(1568.7, 582.5)
175.6844|(1566.7, 580.7)
175.7177|(1583.0, 580.0)
175.7345|(1578.4, 578.4)
175.7678|(1553.6, 545.3)
175.7843|(1548.1, 542.7)
175.801|(1544.4, 541.0)
175.8178|(1530.2, 534.8)
175.868|(1509.8, 528.4)
175.9014|(1500.5, 519.7)
175.9181|(1017.5, 315.1)
175.9348|(941.2, 284.3)
175.9514|(941.3, 283.2)
175.9682|(942.2, 283.6)
175.9849|(941.8, 281.1)
176.0184|(940.4, 287.4)
176.0349|(942.8, 286.3)
176.0516|(945.6, 290.5)
176.0682|(947.0, 294.8)
176.0849|(960.6, 299.7)
176.1017|(963.7, 301.5)
176.1184|(961.9, 302.0)
176.1351|(952.9, 304.0)
176.1685|(951.0, 304.5)
176.1852|(952.1, 304.9)
176.2187|(952.3, 304.2)
176.2354|(952.1, 303.7)
176.2522|(958.7, 306.2)
176.2686|(1050.0, 343.0)
176.2855|(1193.6, 402.6)
176.319|(1401.4, 492.4)
176.3522|(1711.6, 617.7)
176.3689|(1702.7, 607.2)
176.3856|(1697.1, 600.7)
176.4022|(1696.7, 599.5)
176.4191|(1678.9, 581.1)
176.4358|(1664.7, 567.4)
176.469|(1657.6, 562.4)
176.4856|(1649.4, 558.7)
176.5025|(1654.8, 559.4)
176.5191|(1647.6, 554.1)
176.5357|(1660.7, 571.4)
176.5526|(1658.1, 567.9)
176.5692|(1657.1, 566.9)
176.5867|(1667.6, 574.8)
176.6195|(1654.8, 564.7)
176.6361|(1665.4, 572.1)
176.6527|(1650.4, 569.3)
176.6693|(1633.1, 557.0)
176.6861|(1544.5, 532.3)
176.7028|(1093.3, 375.4)
176.7196|(1042.0, 350.4)
176.7362|(1011.1, 336.1)
176.7695|(899.6, 290.2)
176.8029|(902.6, 291.2)
176.8194|(903.6, 291.6)
176.8361|(907.1, 295.8)
176.8529|(913.4, 311.7)
176.8697|(913.8, 311.1)
176.8863|(919.8, 314.1)
176.9196|(920.3, 314.6)
176.9364|(920.1, 316.0)
176.9532|(920.9, 314.0)
176.9698|(918.7, 315.6)
176.9865|(913.8, 288.4)
177.0034|(911.1, 277.6)
177.02|(904.1, 255.7)
177.0366|(899.6, 243.2)
177.0701|(893.0, 223.8)
177.0867|(893.7, 223.5)
177.1034|(893.2, 223.4)
177.1201|(892.2, 223.6)
177.1368|(892.8, 223.4)
177.1534|(891.7, 222.4)
177.171|(891.3, 222.5)
177.187|(891.6, 223.7)
177.2204|(890.8, 222.0)
177.2368|(891.1, 222.5)
177.2538|(892.3, 222.3)
177.2701|(891.7, 219.3)
177.2871|(894.2, 217.3)
177.3038|(894.8, 217.2)
177.3204|(895.8, 216.7)
177.3372|(897.4, 216.8)
177.3705|(899.0, 216.8)
177.3871|(898.3, 217.2)
177.4039|(899.1, 216.8)
177.4204|(1131.4, 393.0)
177.4373|(1326.4, 523.9)
177.4541|(1425.9, 586.5)
177.4707|(1435.2, 592.8)
177.4875|(1465.3, 612.7)
177.5208|(1483.7, 630.6)
177.5374|(1462.3, 617.6)
177.5541|(1476.3, 619.5)
177.5708|(1466.7, 614.1)
177.5876|(1594.4, 625.5)
177.6042|(1608.4, 626.0)
177.621|(1643.0, 634.8)
177.6376|(1674.1, 644.0)
177.6711|(1677.2, 626.0)
177.6875|(1665.8, 596.2)
177.721|(1649.6, 576.8)
177.7377|(1656.8, 586.8)
177.7543|(1678.3, 616.7)
177.7711|(1669.2, 605.1)
177.788|(1627.4, 592.0)
177.8045|(1234.5, 659.3)
177.8213|(1173.1, 681.6)
177.8381|(1130.0, 690.8)
177.8546|(1157.7, 681.4)
177.8713|(1017.2, 723.9)
177.8879|(914.5, 738.3)
177.9048|(914.7, 731.4)
177.9213|(915.6, 727.9)
177.9381|(916.9, 727.8)
177.9715|(920.5, 740.4)
