6.840153|(1363.4, 500.8)
6.863138|(1384.0, 496.5)
6.863138|(1379.8, 497.9)
6.883138|(1378.4, 492.5)
6.900031|(1381.7, 497.1)
6.932853|(1385.7, 532.0)
6.94979|(1384.4, 547.5)
6.965973|(1389.6, 555.7)
6.98254|(1379.9, 547.2)
6.999106|(1378.4, 544.2)
7.015672|(1371.8, 536.6)
7.032578|(1369.7, 531.5)
7.049115|(1368.7, 216.6)
7.065372|(1370.2, 521.3)
7.082074|(1367.8, 513.5)
7.098504|(1371.0, 488.4)
7.115084|(1371.6, 478.3)
7.132091|(1357.0, 502.9)
7.148205|(1345.5, 520.5)
7.165113|(1340.4, 526.7)
7.181338|(1341.8, 519.4)
7.197906|(1339.6, 524.4)
7.214474|(1340.3, 220.7)
7.231042|(1361.0, 601.0)
7.247661|(1394.8, 793.1)
7.264172|(1392.9, 741.8)
7.281192|(1393.7, 900.9)
7.297697|(1401.2, 924.4)
7.314224|(1404.2, 976.0)
7.330726|(1411.8, 983.3)
7.347248|(1413.8, 971.7)
7.363572|(1434.3, 981.9)
7.397291|(1459.7, 950.4)
7.413295|(1448.3, 977.3)
7.429843|(1432.3, 985.3)
7.446409|(1430.2, 983.8)
7.462975|(1419.6, 995.6)
7.47998|(1422.0, 993.0)
7.496597|(1418.1, 994.2)
7.51306|(1427.0, 988.1)
7.529244|(1434.7, 987.7)
7.545812|(1437.7, 982.0)
7.562375|(1440.6, 981.9)
7.578942|(1442.5, 981.6)
7.595508|(1449.0, 978.6)
7.612181|(1452.1, 979.0)
7.62865|(1445.3, 982.9)
7.645618|(1444.4, 982.8)
7.661777|(1423.6, 986.1)
7.69523|(1418.5, 988.4)
7.711478|(1418.3, 991.5)
7.728042|(1416.3, 997.2)
7.744604|(1418.5, 1005.5)
7.761179|(1418.3, 1011.9)
7.777747|(1417.2, 1007.9)
7.794739|(1417.6, 1003.9)
7.811126|(1414.1, 1003.9)
7.844011|(1409.8, 1010.6)
7.860577|(1409.1, 1017.9)
7.877145|(1409.5, 1018.6)
7.893709|(1426.9, 1002.2)
7.911149|(1433.5, 1006.7)
7.927172|(1436.2, 1014.4)
7.943409|(1432.7, 1021.9)
7.960688|(1427.5, 1026.5)
