0.02|(1201.1, 35.1)
0.1626653|(1200.0, 331.7)
0.1792344|(1198.1, 312.8)
0.1964273|(1201.6, 313.8)
0.2290339|(1199.9, 319.7)
0.2455035|(1189.8, 331.0)
0.2786706|(1171.2, 358.1)
0.2952007|(1165.7, 362.8)
0.3117679|(1159.8, 365.0)
0.3284559|(1166.1, 357.9)
0.3449014|(1174.9, 351.6)
0.3614686|(1173.6, 68.4)
0.3780425|(1186.2, 382.1)
0.394605|(1192.2, 356.6)
0.4277551|(1188.3, 376.7)
0.4443077|(1187.8, 380.8)
0.4608685|(1188.5, 368.6)
0.4774381|(1213.6, 299.3)
0.4940068|(1286.8, 40.2)
1.71994|(1394.5, 306.3)
1.736503|(1387.2, 399.7)
1.753073|(1372.5, 557.7)
1.786432|(1371.1, 606.3)
1.835903|(1378.7, 597.1)
1.869036|(1377.0, 630.2)
1.885603|(1369.2, 660.9)
1.902475|(1345.3, 739.1)
1.935784|(1343.6, 719.5)
1.951869|(1359.1, 689.2)
1.968438|(1364.2, 670.6)
1.985003|(1360.7, 655.2)
2.001868|(1350.5, 723.0)
2.018136|(1325.1, 775.1)
2.035467|(1315.2, 805.6)
2.05127|(1315.1, 806.0)
2.084404|(1301.8, 837.3)
2.100971|(1266.1, 923.1)
2.117538|(1274.0, 909.5)
2.134104|(1285.3, 902.0)
2.150671|(1303.0, 566.5)
2.167238|(1327.6, 822.9)
2.183807|(1339.8, 826.2)
2.200488|(1339.7, 823.8)
2.233505|(1339.2, 814.2)
2.250935|(1342.9, 823.8)
2.26664|(1336.9, 834.6)
2.283202|(1339.1, 531.0)
2.29977|(1324.9, 869.7)
2.316335|(1325.1, 874.1)
2.332902|(1316.4, 871.8)
2.350378|(1321.2, 874.7)
2.382632|(1319.3, 881.0)
2.399183|(1306.7, 895.1)
2.416152|(1301.6, 886.9)
2.432307|(1285.5, 901.5)
2.448932|(1239.2, 687.0)
2.465436|(1219.7, 546.2)
2.482003|(1224.5, 501.5)
2.498571|(1225.7, 384.2)
2.531702|(1266.3, 49.9)
2.548278|(1266.5, 34.7)
2.564836|(1275.6, 31.0)
2.581405|(1263.2, 37.9)
2.614719|(1209.5, 63.6)
2.63135|(1208.2, 57.6)
2.647671|(1194.6, 50.8)
2.680805|(1191.6, 47.3)
2.69747|(1189.9, 46.1)
2.71394|(1212.7, 36.1)
2.730508|(1266.3, 33.5)
2.74754|(1412.7, 51.0)
2.796829|(1639.4, 107.1)
2.830247|(1628.5, 81.1)
2.846468|(1633.7, 72.9)
2.863044|(1636.7, 69.3)
2.879607|(1652.4, 63.4)
2.896858|(1653.4, 63.8)
2.929316|(1628.5, 73.6)
2.945889|(1622.3, 77.2)
2.979386|(1633.1, 88.3)
2.995568|(1632.7, 88.6)
3.012142|(1701.1, 158.8)
3.028728|(1709.6, 168.7)
3.061861|(1737.7, 183.3)
3.078856|(1750.9, 174.5)
3.094975|(1753.0, 172.8)
3.128109|(1761.4, 173.5)
3.144676|(1768.0, 185.9)
3.161236|(1766.8, 196.1)
3.177809|(1763.9, 198.7)
3.194369|(1764.8, 208.2)
3.211334|(1752.9, 195.6)
3.228436|(1762.3, 188.8)
3.260635|(1767.7, 191.9)
3.277597|(1766.7, 192.3)
3.293769|(1761.6, 193.6)
3.310334|(1762.1, 190.5)
3.326902|(1768.6, 193.3)
3.343469|(1770.1, 195.1)
3.360035|(1768.3, 204.0)
3.376601|(1760.1, 195.4)
3.393167|(1759.5, 188.1)
3.4263|(1651.4, 146.5)
3.442867|(1684.9, 139.5)
3.459434|(1526.2, 126.1)
3.476001|(1516.4, 125.6)
3.492568|(1491.3, 124.6)
3.509134|(1323.9, 131.2)
3.525707|(1322.8, 131.7)
3.542269|(1323.5, 130.3)
3.558836|(1318.3, 131.2)
3.608541|(1309.6, 127.9)
3.625131|(1310.0, 152.3)
3.641667|(1322.0, 149.8)
3.658244|(1325.4, 148.1)
3.674951|(1325.6, 141.1)
3.691464|(1325.5, 142.7)
3.724505|(1288.7, 157.3)
3.741072|(1304.5, 155.5)
3.757634|(1304.1, 151.2)
3.774204|(1308.6, 148.1)
3.790779|(1326.8, 156.0)
3.807345|(1325.6, 159.8)
3.82404|(1323.9, 161.6)
3.840471|(1321.3, 179.0)
3.890175|(1314.3, 192.1)
3.906737|(1312.4, 198.4)
3.923303|(1308.5, 198.1)
3.939869|(1302.3, 199.5)
3.956438|(1295.0, 210.2)
3.973007|(1295.2, 209.0)
3.989568|(1295.9, 207.5)
4.006135|(1296.7, 197.5)
4.022702|(1291.6, 150.3)
4.039917|(1292.3, 153.6)
4.055834|(1274.9, 117.4)
4.072401|(1270.1, 86.6)
6.078085|(1269.9, 119.2)
6.094901|(1256.2, 280.6)
6.127785|(1267.5, 148.1)
6.144352|(1259.7, 274.6)
6.160919|(1293.1, 382.8)
6.177483|(1298.0, 385.0)
6.194052|(1296.8, 385.4)
6.21062|(1304.0, 385.8)
6.227202|(1277.1, 422.0)
6.243751|(1266.9, 428.3)
6.276889|(1261.3, 433.9)
6.293617|(1257.5, 435.7)
6.310017|(1261.2, 452.3)
6.326583|(1259.0, 450.5)
6.343218|(1262.9, 466.6)
6.359717|(1270.9, 476.9)
6.376284|(1307.8, 509.3)
6.393235|(1298.5, 494.5)
6.425984|(1293.1, 495.2)
6.44255|(1294.5, 490.6)
6.459117|(1289.9, 489.3)
6.475683|(1280.4, 490.9)
6.492271|(1276.2, 514.7)
6.508819|(1293.6, 555.0)
6.525383|(1307.1, 557.1)
6.54195|(1319.4, 552.8)
6.558728|(1323.3, 548.0)
6.575083|(1353.8, 531.0)
6.59165|(1358.1, 518.6)
6.608218|(1369.4, 502.9)
6.624783|(1375.7, 509.3)
6.64135|(1381.5, 508.3)
6.65792|(1383.5, 503.9)
6.674485|(1385.1, 506.5)
6.691196|(1384.7, 507.7)
6.707618|(1384.4, 204.2)
6.724877|(1394.4, 525.2)
6.740751|(1387.8, 519.9)
6.757318|(1385.4, 518.8)
6.773883|(1380.6, 516.4)
6.790452|(1377.4, 518.1)
6.807018|(1376.2, 515.7)
