419.3804|(669.3, 1166.2)
419.3973|(661.5, 1171.2)
419.4307|(669.8, 1156.2)
419.4806|(691.6, 1160.8)
419.497|(697.8, 1162.3)
419.5139|(704.3, 1164.0)
419.5307|(705.0, 1140.7)
419.5474|(708.1, 1139.5)
419.5638|(710.0, 1142.6)
419.5979|(705.6, 1157.8)
419.6137|(692.2, 1156.9)
419.6308|(684.1, 1146.5)
419.648|(676.6, 1147.5)
419.665|(671.2, 1142.8)
419.6809|(655.2, 1140.8)
419.6983|(644.1, 1137.9)
419.715|(646.0, 1137.1)
419.7316|(626.4, 1134.8)
419.748|(628.1, 1128.5)
419.7657|(633.9, 1104.3)
419.7819|(648.9, 1083.5)
419.798|(655.4, 1079.2)
419.815|(647.1, 1076.6)
419.8318|(649.7, 1075.1)
419.8486|(649.2, 1074.9)
419.8652|(629.8, 1091.8)
419.8818|(632.6, 1078.4)
419.8982|(653.7, 1043.3)
419.9147|(660.6, 1039.5)
419.9311|(659.6, 1041.3)
419.9475|(660.5, 1039.3)
419.9655|(660.0, 1041.1)
419.9819|(662.2, 1045.5)
419.9991|(660.6, 1045.3)
420.0152|(658.6, 1047.8)
420.0489|(658.4, 1054.0)
420.0647|(655.4, 1056.8)
420.0818|(645.1, 1076.8)
420.0985|(638.5, 1094.1)
420.1151|(640.7, 1101.9)
420.132|(642.2, 1092.2)
420.1495|(632.1, 1063.7)
420.1824|(591.3, 1086.3)
420.1991|(588.0, 1085.4)
420.2149|(597.9, 1082.6)
420.2332|(661.5, 1062.3)
420.2487|(697.4, 1069.6)
420.2661|(714.9, 1070.4)
420.2988|(725.0, 1068.6)
420.332|(719.2, 1056.6)
420.3652|(720.3, 1046.1)
420.3814|(723.8, 1047.1)
420.3992|(733.9, 1038.2)
420.4154|(735.5, 1040.9)
420.4322|(733.0, 1029.2)
420.449|(726.5, 1015.9)
420.4656|(725.7, 1016.7)
420.7831|(755.3, 1150.9)
420.8156|(759.9, 1144.7)
420.8324|(770.7, 1128.8)
420.8661|(779.4, 1127.0)
420.8834|(786.5, 1121.6)
420.8995|(785.5, 1099.6)
420.9329|(793.6, 1093.1)
420.9492|(789.1, 1094.9)
420.9656|(797.2, 1100.9)
420.9829|(783.5, 1050.4)
421.0005|(786.7, 1057.3)
421.0167|(780.3, 1055.0)
421.0332|(769.6, 1073.4)
421.0512|(756.4, 1075.2)
421.0824|(741.9, 1082.4)
421.0993|(715.1, 1098.8)
421.1328|(716.4, 1135.6)
421.1496|(712.8, 1133.0)
421.1665|(733.3, 1119.0)
421.1825|(750.4, 1143.8)
421.2669|(743.5, 1144.1)
421.2997|(732.2, 1129.6)
421.3335|(739.0, 1132.7)
421.3494|(742.9, 1145.7)
421.7344|(919.4, 1151.9)
421.9012|(1027.4, 878.8)
421.934|(912.0, 951.7)
421.9507|(920.6, 980.0)
421.9839|(918.4, 988.2)
422.0006|(907.3, 969.4)
422.0171|(845.8, 927.4)
422.0342|(836.5, 909.6)
422.0513|(804.0, 873.6)
422.0687|(760.8, 830.5)
422.0856|(743.6, 809.8)
422.101|(718.1, 794.8)
422.1344|(712.9, 789.7)
422.1512|(712.3, 788.8)
422.1675|(712.8, 783.9)
422.185|(714.3, 778.6)
422.2014|(683.3, 796.1)
422.2191|(677.0, 795.5)
422.2358|(675.6, 795.7)
422.2508|(672.4, 796.8)
422.2843|(676.0, 794.7)
422.301|(675.4, 793.8)
422.3179|(676.3, 794.2)
422.3351|(679.5, 794.8)
422.352|(674.2, 793.0)
422.3685|(667.8, 790.0)
422.3855|(666.8, 787.5)
422.4019|(658.9, 778.2)
422.4349|(656.3, 762.9)
422.452|(654.3, 769.6)
422.4686|(662.4, 777.5)
422.4857|(664.4, 772.2)
422.5023|(667.9, 774.9)
422.5197|(667.3, 775.8)
422.5374|(668.0, 770.6)
422.5524|(667.8, 759.6)
422.585|(667.7, 754.5)
422.6018|(666.0, 751.2)
422.6187|(663.8, 754.1)
422.6351|(662.8, 753.1)
422.6528|(663.6, 749.5)
422.6697|(664.6, 747.6)
422.6866|(666.4, 746.2)
422.7023|(671.7, 745.6)
422.7359|(679.0, 730.1)
422.7524|(675.1, 718.8)
422.7688|(674.5, 716.3)
422.7859|(674.5, 713.0)
422.8029|(670.5, 711.9)
422.8199|(669.6, 709.3)
422.8361|(670.4, 709.2)
422.8526|(670.7, 703.1)
422.8858|(670.5, 702.1)
422.9025|(669.3, 703.6)
422.9189|(668.9, 707.0)
422.9361|(663.1, 713.3)
422.9529|(662.0, 720.4)
422.9699|(665.5, 717.4)
422.9865|(656.3, 724.3)
423.0027|(654.6, 728.0)
423.0358|(652.4, 732.7)
423.0529|(648.9, 738.5)
423.0695|(647.3, 739.8)
423.0865|(649.8, 747.2)
423.1034|(659.5, 750.7)
423.1203|(701.0, 744.5)
423.1373|(706.8, 742.9)
423.1528|(735.1, 731.7)
423.1861|(736.3, 728.6)
423.203|(736.9, 745.6)
423.2201|(735.5, 741.9)
423.2369|(745.5, 721.6)
423.2541|(741.6, 720.7)
423.2708|(736.6, 724.3)
423.287|(733.3, 725.7)
423.303|(716.1, 758.3)
423.3365|(706.8, 820.0)
423.3535|(715.9, 776.5)
423.37|(726.3, 928.3)
423.3866|(720.6, 1015.4)
423.4041|(720.2, 1041.6)
423.4202|(719.2, 1040.8)
423.4372|(717.1, 1038.7)
423.4534|(720.8, 1025.6)
423.4866|(715.4, 1016.5)
423.5037|(717.3, 1014.2)
423.5203|(721.9, 1009.0)
423.5377|(722.0, 1008.7)
423.5541|(718.0, 1008.2)
423.571|(715.8, 1007.7)
423.5874|(713.1, 1006.9)
423.604|(708.7, 1002.0)
423.6536|(694.5, 989.2)
423.6707|(692.6, 997.9)
423.688|(694.1, 1004.9)
423.7043|(689.1, 1042.0)
423.7214|(694.8, 1024.9)
423.7377|(694.3, 1020.5)
423.754|(691.8, 1032.2)
423.7875|(682.2, 1052.9)
423.804|(657.8, 1098.5)
423.8377|(680.3, 1105.1)
423.8556|(688.6, 1112.0)
423.8709|(686.1, 1117.6)
423.8878|(682.3, 1117.5)
423.9043|(680.7, 1114.4)
423.9377|(680.3, 1118.2)
423.9542|(670.8, 1123.8)
423.9714|(671.3, 1110.3)
423.9884|(675.9, 1109.8)
424.0051|(682.7, 1101.4)
424.0209|(672.0, 1091.4)
424.0381|(670.9, 1093.8)
424.0545|(672.4, 1094.7)
424.0883|(659.6, 1098.8)
424.1045|(654.7, 1108.7)
424.1214|(651.0, 1113.7)
424.1388|(649.7, 1103.7)
424.1552|(655.5, 1095.2)
424.172|(654.8, 1094.9)
424.1877|(654.2, 1094.7)
424.2046|(660.9, 1087.0)
424.238|(669.7, 1081.5)
424.2551|(673.0, 1079.2)
424.2893|(665.1, 1083.1)
424.3059|(646.3, 1092.5)
424.3218|(643.3, 1088.2)
424.3385|(650.4, 1100.5)
424.3548|(644.2, 1088.5)
424.388|(645.1, 1091.0)
424.4059|(655.4, 1091.5)
424.4221|(653.5, 1096.2)
424.4388|(674.0, 1093.9)
424.4554|(674.8, 1096.3)
424.4723|(676.4, 1095.0)
424.4883|(680.0, 1078.2)
424.505|(670.8, 1066.9)
424.539|(669.4, 1075.8)
424.5556|(662.1, 1093.7)
424.5724|(656.9, 1113.6)
424.5892|(658.8, 1098.5)
424.6053|(654.4, 1104.5)
424.6221|(655.0, 1102.6)
424.639|(655.4, 1100.0)
424.6552|(655.7, 1104.1)
424.689|(657.9, 1092.7)
424.7053|(661.6, 1074.6)
424.7222|(666.3, 1037.5)
424.7395|(650.6, 1061.6)
424.7567|(653.2, 1056.1)
424.7727|(649.3, 1068.1)
424.7888|(649.5, 1065.4)
424.8393|(646.9, 1105.8)
424.856|(635.2, 1118.7)
424.8734|(628.4, 1129.6)
424.89|(622.8, 1126.2)
424.906|(620.7, 1114.1)
424.923|(619.1, 1084.8)
424.9396|(615.1, 1076.5)
424.9559|(585.1, 1004.0)
424.9895|(597.0, 997.1)
425.007|(590.9, 994.7)
425.0234|(600.1, 983.3)
425.0391|(598.0, 984.9)
425.0564|(592.4, 990.4)
425.0729|(594.7, 996.1)
425.089|(598.6, 996.8)
425.1061|(604.8, 993.0)
425.1396|(609.1, 989.0)
425.1564|(616.7, 992.1)
425.1741|(614.8, 994.6)
425.1902|(616.6, 998.2)
425.2232|(615.3, 995.1)
425.2399|(613.4, 992.5)
425.2562|(606.2, 1001.7)
425.2897|(589.9, 999.4)
425.3065|(596.2, 992.6)
425.3242|(593.6, 993.7)
425.3406|(594.1, 995.2)
425.3571|(603.1, 994.0)
425.3733|(605.6, 996.4)
425.4066|(612.7, 999.1)
425.4398|(621.1, 992.5)
425.4572|(621.4, 994.4)
425.4742|(623.3, 1000.5)
425.4908|(622.0, 1001.0)
425.5072|(621.2, 1001.4)
425.5234|(621.3, 977.1)
425.7408|(772.5, 965.5)
425.7578|(781.7, 996.2)
425.7745|(786.8, 1020.9)
425.807|(790.4, 1023.5)
425.8239|(789.5, 1040.4)
425.8575|(775.7, 1093.2)
425.9085|(789.9, 1095.3)
425.9407|(789.3, 1101.3)
425.9572|(785.3, 1117.9)
425.9915|(784.8, 1130.8)
426.008|(787.2, 1136.0)
426.0414|(785.9, 1141.3)
426.0587|(785.1, 1150.6)
426.0743|(786.2, 1151.0)
426.0908|(788.8, 1143.1)
426.1247|(787.4, 1162.1)
426.1413|(787.6, 1192.1)
426.2248|(854.7, 1189.3)
427.2604|(753.7, 1189.1)
427.2766|(798.2, 1119.5)
427.2936|(803.8, 1130.2)
427.3437|(813.5, 1130.6)
427.511|(745.8, 1110.4)
427.5274|(820.3, 1129.6)
427.5433|(820.3, 1129.6)
427.5603|(820.3, 1129.6)
427.5772|(807.4, 988.3)
427.5935|(748.7, 853.0)
427.6107|(750.3, 839.2)
427.6275|(747.9, 836.6)
427.6438|(742.3, 848.4)
427.6615|(751.1, 852.9)
427.6772|(748.6, 846.2)
427.6948|(753.8, 831.5)
427.7104|(767.8, 824.4)
427.7271|(768.4, 826.2)
427.744|(769.8, 826.8)
427.7604|(771.8, 826.7)
427.7775|(775.1, 827.9)
427.794|(775.5, 831.3)
427.8113|(779.4, 831.7)
427.8276|(782.3, 834.6)
427.8448|(779.6, 834.4)
427.8613|(776.8, 839.9)
427.8778|(773.0, 844.2)
427.8941|(770.6, 849.7)
427.9106|(773.5, 848.4)
427.9278|(772.5, 849.4)
427.9449|(774.5, 840.0)
427.9614|(784.5, 818.8)
427.9782|(791.2, 813.4)
427.9951|(789.3, 809.9)
428.0112|(787.7, 810.0)
428.0276|(797.1, 800.7)
428.0439|(799.2, 797.0)
428.2281|(708.3, 781.0)
428.2452|(811.7, 726.4)
428.2617|(789.1, 728.5)
428.2786|(784.8, 811.7)
428.295|(775.1, 829.9)
428.3114|(772.7, 830.8)
428.3283|(753.1, 920.0)
428.3445|(750.8, 929.4)
428.3612|(752.4, 922.8)
428.3783|(745.3, 919.2)
428.3963|(752.1, 882.5)
428.4116|(757.4, 856.5)
428.4294|(772.1, 777.8)
428.4459|(775.2, 740.1)
428.4615|(786.2, 688.8)
428.479|(787.9, 680.4)
428.4951|(793.3, 643.6)
428.512|(800.4, 613.2)
428.529|(805.2, 596.5)
428.5456|(800.6, 614.9)
428.562|(800.8, 616.9)
428.5795|(760.5, 747.1)
428.595|(767.2, 760.2)
428.6121|(746.6, 846.6)
428.6458|(700.0, 1103.6)
428.6624|(697.5, 1177.5)
428.679|(698.3, 1187.3)
428.6962|(697.7, 1194.3)
429.4637|(678.4, 1189.9)
429.4806|(730.1, 1119.5)
429.4969|(744.7, 1094.6)
429.5133|(756.5, 1083.5)
429.5297|(793.4, 1044.3)
429.5469|(806.8, 1031.0)
429.5639|(812.5, 1020.2)
429.5805|(814.3, 1017.9)
429.5973|(817.0, 1015.7)
429.6144|(824.1, 1023.9)
429.648|(826.2, 1023.8)
429.6644|(824.9, 1026.1)
429.6806|(824.0, 1028.2)
429.6975|(819.0, 1025.9)
429.7137|(823.3, 1025.2)
429.7306|(815.1, 1024.3)
429.7478|(820.2, 1046.2)
429.7807|(813.1, 1051.8)
429.7977|(817.6, 1058.4)
429.8144|(816.2, 1067.7)
429.8306|(814.0, 1059.5)
429.8476|(815.2, 1062.0)
429.8642|(814.4, 1060.5)
429.8817|(815.4, 1062.6)
429.8985|(814.7, 1066.3)
429.9149|(811.2, 1081.2)
429.9313|(796.2, 1105.4)
429.948|(793.9, 1111.1)
429.9644|(780.9, 1116.2)
429.9812|(754.0, 1116.9)
429.9974|(748.0, 1103.7)
430.0147|(742.7, 1105.7)
430.0313|(739.9, 1110.2)
430.0482|(741.8, 1105.0)
430.0649|(740.8, 1091.6)
430.0818|(729.1, 1093.6)
430.0977|(724.2, 1086.9)
430.1147|(693.1, 1090.2)
430.1309|(683.5, 1071.9)
430.1483|(677.9, 1067.3)
430.1647|(680.3, 1049.7)
430.1816|(678.1, 1041.5)
430.1986|(683.1, 1043.6)
430.2155|(682.5, 1043.0)
430.2317|(699.3, 1017.0)
430.2482|(700.6, 986.8)
430.2647|(710.1, 981.3)
430.2817|(700.7, 1000.2)
430.2981|(690.4, 1017.1)
430.3152|(680.6, 1043.7)
430.3322|(671.7, 1062.6)
430.3491|(673.3, 1066.9)
430.3817|(664.7, 1075.1)
430.3983|(664.7, 1075.8)
430.4152|(665.9, 1088.1)
430.4318|(664.6, 1113.5)
430.4484|(661.5, 1124.3)
430.4658|(662.8, 1141.5)
430.4824|(668.2, 1144.3)
430.5158|(670.5, 1144.9)
430.5324|(684.6, 1140.7)
430.5491|(680.8, 1143.4)
430.5654|(708.8, 1104.3)
430.5822|(707.6, 1100.0)
430.5992|(703.8, 1097.9)
430.6156|(704.2, 1090.7)
430.6331|(689.2, 1081.5)
430.6496|(678.4, 1075.5)
430.6828|(670.8, 1080.8)
430.7155|(652.3, 1134.8)
430.7321|(654.8, 1146.8)
430.749|(677.6, 1160.8)
430.7657|(662.4, 1140.9)
430.7832|(658.7, 1139.8)
430.7998|(640.9, 1139.0)
430.8331|(630.7, 1133.9)
430.8495|(642.3, 1127.0)
430.8658|(654.9, 1134.9)
430.8823|(657.7, 1139.3)
430.8993|(661.1, 1153.3)
430.9166|(656.1, 1153.5)
430.9338|(653.7, 1150.8)
430.9493|(646.9, 1149.9)
431.0331|(648.1, 1182.2)
431.1333|(661.1, 1055.7)
431.1498|(664.8, 1040.7)
431.1663|(672.7, 1016.6)
431.1834|(683.4, 1003.3)
431.1993|(678.9, 1029.6)
431.2173|(680.0, 1024.9)
431.2339|(687.6, 1035.4)
431.2507|(690.5, 1037.0)
431.2834|(705.6, 1036.2)
431.3005|(718.4, 1080.2)
431.3168|(717.9, 1083.7)
431.3329|(719.3, 1074.9)
431.3508|(716.4, 1065.6)
431.3669|(716.8, 1063.3)
431.3841|(714.7, 1045.3)
431.4007|(708.4, 1041.2)
431.4498|(692.7, 1052.1)
431.4669|(684.0, 1034.3)
431.4839|(680.2, 1029.3)
431.5007|(680.3, 1021.0)
431.5182|(685.5, 991.5)
431.5346|(686.1, 988.9)
431.5506|(689.6, 1000.9)
431.584|(690.3, 1002.9)
431.6008|(682.6, 1007.8)
431.6172|(682.0, 1009.5)
431.6342|(682.8, 1011.5)
431.6505|(682.4, 1014.5)
431.6674|(681.0, 1013.8)
431.6845|(684.5, 996.9)
431.701|(682.6, 992.7)
431.7341|(679.4, 996.1)
431.7506|(679.2, 995.8)
431.7674|(677.9, 994.1)
431.784|(679.1, 1002.1)
431.8182|(683.1, 1008.3)
431.8349|(695.7, 1011.3)
431.8508|(696.7, 1013.8)
431.8845|(695.4, 1027.9)
431.9008|(692.8, 1030.2)
431.9175|(688.2, 1028.0)
431.9343|(684.7, 1031.1)
431.9512|(684.3, 1028.4)
431.9684|(684.6, 1028.8)
431.9854|(705.2, 887.4)
432.0011|(716.3, 819.2)
432.0348|(719.1, 800.5)
432.0508|(719.7, 797.8)
432.0683|(721.8, 788.1)
432.0846|(722.7, 784.0)
432.1016|(722.6, 784.4)
432.1184|(724.2, 777.8)
432.1357|(716.8, 779.2)
432.1509|(718.0, 778.7)
432.1847|(722.4, 769.3)
432.2014|(732.9, 741.8)
432.2186|(731.1, 737.8)
432.2352|(730.8, 729.5)
432.2686|(723.1, 724.3)
432.3013|(726.9, 712.8)
432.3515|(712.3, 711.2)
432.368|(724.0, 708.3)
432.3848|(726.2, 726.7)
432.4021|(720.5, 723.2)
432.4181|(704.6, 739.7)
432.4348|(704.4, 742.1)
432.4515|(707.0, 742.0)
432.4851|(707.6, 730.2)
432.5017|(701.1, 727.2)
432.5183|(704.1, 714.2)
432.5354|(707.4, 697.7)
432.5527|(724.4, 645.8)
432.5687|(724.0, 652.2)
432.5857|(725.3, 647.7)
432.6019|(726.7, 646.5)
432.6354|(733.3, 656.9)
432.652|(733.0, 665.6)
432.6688|(729.5, 697.8)
432.7027|(721.6, 706.2)
432.7193|(723.5, 708.4)
432.7359|(719.6, 708.7)
432.7517|(717.6, 706.8)
432.7852|(714.4, 693.8)
432.8021|(720.3, 682.5)
432.8193|(720.8, 675.0)
432.836|(720.4, 675.9)
432.853|(717.5, 671.6)
432.8693|(717.9, 667.5)
432.8855|(718.5, 669.7)
432.9022|(718.8, 673.7)
432.9354|(716.7, 674.7)
432.9526|(715.1, 676.4)
432.9862|(703.4, 424.1)
433.0035|(707.2, 400.0)
433.0204|(707.9, 399.3)
433.0362|(707.8, 399.8)
433.0524|(715.5, 394.4)
433.0861|(711.2, 401.9)
433.1027|(709.3, 410.6)
433.1197|(709.6, 427.3)
433.1368|(716.2, 427.2)
433.154|(714.8, 426.5)
433.1699|(705.3, 426.1)
433.1861|(701.5, 426.3)
433.2023|(699.0, 422.7)
433.2361|(695.7, 416.5)
433.2531|(696.0, 417.8)
433.2699|(702.9, 481.8)
433.2868|(713.4, 622.8)
433.3036|(715.4, 649.8)
433.3198|(718.0, 657.5)
433.3369|(720.1, 665.4)
433.3541|(729.4, 672.3)
433.3866|(730.8, 664.4)
433.403|(727.4, 662.0)
433.4198|(725.7, 661.0)
433.4373|(724.3, 659.1)
433.454|(723.3, 653.8)
433.4706|(723.4, 652.5)
433.4876|(725.4, 648.2)
433.5038|(727.3, 636.3)
433.5372|(727.7, 630.2)
433.5536|(733.0, 621.5)
433.5879|(734.5, 622.4)
433.6046|(732.4, 629.7)
433.6208|(716.8, 621.7)
433.6372|(716.4, 621.6)
433.6536|(714.0, 632.7)
433.6875|(714.9, 654.6)
433.7037|(719.0, 755.2)
433.7207|(730.1, 831.6)
433.7376|(732.5, 847.8)
433.7548|(732.8, 890.7)
433.771|(728.1, 922.8)
433.7874|(724.0, 927.0)
433.8039|(721.1, 936.6)
433.8372|(715.2, 947.7)
433.854|(718.1, 953.5)
433.871|(717.2, 954.3)
433.8884|(719.8, 966.6)
433.9046|(721.3, 969.5)
433.9218|(719.8, 970.7)
433.938|(719.1, 973.3)
433.9545|(717.5, 982.9)
433.9878|(704.4, 1020.6)
434.0043|(700.5, 1037.0)
434.022|(699.3, 1038.5)
434.038|(699.2, 1048.6)
434.0551|(698.9, 1045.6)
434.0715|(694.7, 1048.2)
434.0879|(695.7, 1045.6)
434.1049|(696.8, 1043.1)
434.1379|(686.1, 1045.4)
434.1553|(689.0, 1046.7)
434.1717|(685.8, 1051.8)
434.1885|(685.3, 1058.8)
434.2054|(681.7, 1040.1)
434.2214|(680.7, 1036.0)
434.2388|(681.9, 1036.7)
434.2545|(685.2, 1039.7)
434.2884|(685.9, 1039.0)
434.305|(690.0, 1043.2)
434.3218|(689.5, 1052.4)
434.3388|(689.8, 1053.6)
434.3556|(683.1, 1051.6)
434.372|(682.1, 1043.4)
434.3881|(684.2, 1037.6)
434.4046|(682.6, 1046.6)
434.4383|(684.8, 1031.3)
434.4558|(685.2, 1038.3)
434.4727|(685.1, 1039.9)
434.4892|(681.3, 1048.8)
434.5063|(673.8, 1057.4)
434.5226|(672.4, 1060.2)
434.5386|(674.1, 1059.4)
434.5552|(677.0, 1053.4)
434.5886|(674.6, 1056.4)
434.6053|(679.0, 1060.5)
434.6238|(680.0, 1065.7)
434.6562|(687.2, 1046.4)
434.6721|(687.4, 1046.8)
434.6895|(687.0, 1053.7)
434.7057|(684.3, 1055.4)
434.7393|(687.1, 1048.7)
434.756|(687.1, 1047.7)
434.773|(679.1, 1054.7)
434.7895|(678.3, 1049.9)
434.8064|(672.7, 1014.6)
434.8225|(671.7, 1013.3)
434.8389|(671.4, 1023.1)
434.8556|(673.4, 1017.9)
434.8892|(672.2, 1024.2)
434.9059|(671.7, 1043.9)
434.9236|(679.0, 1048.5)
434.9395|(682.3, 1046.6)
434.9565|(680.7, 1047.0)
434.9727|(686.4, 1030.3)
435.1401|(735.5, 697.5)
435.1899|(690.6, 972.0)
435.2065|(682.0, 1003.3)
435.2242|(684.2, 995.5)
435.2402|(692.1, 978.8)
435.2567|(696.8, 952.3)
435.273|(697.2, 963.3)
435.29|(696.9, 963.4)
435.3062|(694.9, 961.0)
435.3403|(691.1, 971.8)
435.3573|(687.7, 982.7)
435.3737|(687.6, 994.7)
435.39|(686.2, 999.5)
435.4068|(686.2, 1008.0)
435.4234|(685.3, 1021.6)
435.4397|(676.1, 1033.7)
435.4567|(678.6, 1034.5)
435.4906|(675.8, 1038.4)
435.5071|(680.6, 1032.8)
435.5244|(676.3, 1026.9)
435.5412|(687.5, 1000.3)
435.5578|(686.0, 996.5)
435.5739|(685.8, 993.5)
435.5901|(685.4, 996.0)
435.6069|(674.2, 1005.9)
435.6409|(678.8, 1002.2)
435.6577|(680.5, 1001.4)
435.6749|(684.2, 995.3)
435.6905|(682.9, 983.3)
435.7244|(683.0, 979.3)
435.7405|(682.3, 979.2)
435.7908|(675.8, 980.4)
435.8253|(636.0, 968.8)
435.8409|(641.1, 965.6)
435.8575|(647.6, 963.5)
435.874|(640.0, 971.6)
435.8908|(644.0, 983.5)
435.9074|(646.6, 996.1)
435.941|(647.9, 1007.8)
435.9581|(648.6, 1017.8)
435.9749|(648.5, 1016.2)
435.9915|(650.8, 1003.0)
436.0077|(650.5, 1004.2)
436.0244|(648.8, 1011.8)
436.0409|(649.4, 1013.4)
436.0577|(653.9, 1007.8)
436.0916|(652.3, 1013.5)
436.1085|(659.7, 1004.2)
436.1249|(649.0, 996.1)
436.1417|(656.9, 1006.3)
436.1578|(636.1, 989.7)
436.1747|(626.3, 1006.4)
436.1914|(631.8, 998.6)
436.2086|(630.0, 996.5)
436.2415|(627.6, 998.8)
436.2589|(651.2, 968.5)
436.2756|(657.5, 976.2)
436.2921|(671.4, 977.9)
436.3083|(667.2, 978.3)
436.325|(666.3, 978.5)
436.3416|(662.3, 978.1)
436.3587|(659.7, 972.9)
436.392|(662.7, 966.8)
436.4092|(672.6, 978.5)
436.4249|(674.8, 975.6)
436.4415|(687.5, 987.6)
436.458|(688.5, 985.0)
436.475|(703.0, 985.1)
436.492|(706.2, 979.7)
436.5086|(708.4, 976.8)
436.542|(717.9, 964.3)
436.5593|(722.7, 952.5)
436.5756|(724.1, 960.8)
436.5921|(721.9, 969.4)
436.6086|(714.1, 980.3)
436.625|(708.4, 985.5)
436.6432|(705.6, 991.6)
436.6588|(700.0, 1002.4)
436.6931|(696.2, 1004.8)
436.7093|(700.8, 1008.1)
436.726|(702.8, 1010.1)
436.7423|(702.2, 1010.7)
436.7586|(703.0, 1009.0)
436.7755|(705.6, 1008.1)
436.7924|(704.0, 1008.5)
436.8092|(702.2, 1008.9)
436.8428|(683.7, 1011.1)
436.8604|(681.3, 1014.0)
436.8758|(683.9, 1014.7)
436.8922|(679.2, 1031.7)
436.9089|(680.3, 1049.0)
436.9256|(681.2, 1050.1)
436.9424|(690.4, 1044.8)
436.9594|(692.7, 1043.5)
436.9929|(687.8, 1044.2)
437.0094|(674.6, 1037.5)
437.0261|(660.8, 1040.7)
437.0426|(664.3, 1044.0)
437.0591|(663.3, 1039.6)
437.0762|(660.5, 1025.2)
437.0928|(659.7, 1014.3)
437.1104|(656.0, 999.4)
437.1438|(664.6, 998.0)
437.1597|(667.4, 1002.8)
437.1763|(667.4, 1012.2)
437.1925|(665.2, 1036.3)
437.2095|(665.3, 1036.6)
437.2263|(654.4, 1013.8)
437.243|(656.2, 1006.1)
437.2599|(655.9, 1004.3)
437.2934|(655.1, 993.7)
437.3272|(663.5, 1032.5)
437.3437|(666.4, 1040.5)
437.3601|(664.9, 1034.5)
437.3773|(664.2, 1033.7)
437.3938|(664.8, 1030.6)
437.4113|(665.2, 1018.8)
437.4442|(661.3, 1014.7)
437.4604|(662.7, 1024.5)
437.4769|(664.5, 1036.1)
437.4943|(663.6, 1035.5)
437.5108|(664.1, 1032.8)
437.5268|(666.2, 1015.9)
437.5439|(665.6, 1015.7)
437.5604|(662.0, 1007.7)
437.5943|(681.5, 996.5)
437.6111|(691.3, 996.5)
437.6278|(700.0, 994.0)
437.6443|(703.4, 991.5)
437.6604|(710.6, 988.5)
437.6778|(713.1, 985.8)
437.6944|(714.3, 986.0)
437.7108|(713.3, 986.6)
437.7449|(713.0, 981.9)
437.7613|(715.3, 981.1)
437.7776|(716.0, 980.9)
437.794|(718.9, 986.6)
437.8105|(707.4, 991.8)
437.8276|(698.1, 1003.5)
437.8448|(699.0, 1020.8)
437.861|(697.5, 1021.3)
437.895|(688.3, 1024.9)
437.9114|(687.9, 1026.8)
437.9275|(686.5, 1036.6)
437.9441|(679.1, 1052.1)
437.9779|(680.1, 1061.1)
437.9944|(684.7, 1062.3)
438.0288|(683.8, 1066.1)
438.0451|(685.9, 1062.8)
438.0616|(681.5, 1062.5)
438.0776|(676.1, 1071.6)
438.0942|(674.6, 1069.8)
438.1112|(675.5, 1072.0)
438.1274|(677.3, 1068.4)
438.145|(677.1, 1067.4)
438.1619|(676.2, 1068.3)
438.1782|(695.2, 1044.7)
438.196|(691.8, 1047.6)
438.2121|(691.7, 1047.2)
438.228|(680.9, 1041.2)
438.2448|(678.1, 1037.4)
438.2612|(679.4, 1032.9)
438.278|(677.1, 1032.3)
438.2954|(676.9, 1033.1)
438.3119|(676.8, 1032.2)
438.3288|(667.5, 1033.2)
438.3461|(669.2, 1033.0)
438.3622|(660.1, 1034.6)
438.3784|(653.2, 1040.0)
438.3949|(660.9, 1058.3)
438.4118|(662.2, 1065.4)
438.429|(658.8, 1066.8)
438.4453|(659.2, 1062.3)
438.4619|(660.1, 1064.2)
438.4796|(646.5, 1062.1)
438.4957|(647.8, 1058.1)
438.5295|(649.3, 1040.3)
438.5451|(645.4, 1036.0)
438.7791|(672.2, 926.4)
438.796|(683.6, 1056.9)
438.8121|(682.0, 1015.8)
438.8295|(680.4, 979.8)
438.8456|(686.1, 1012.9)
438.8629|(686.8, 1023.6)
438.8793|(688.4, 1030.0)
438.8962|(688.0, 1033.4)
438.9131|(685.9, 1035.1)
438.9298|(683.5, 1040.1)
438.9463|(678.5, 1042.5)
438.9626|(678.4, 1038.3)
438.9794|(675.4, 1032.9)
438.9961|(676.8, 1032.7)
439.0128|(676.5, 1032.4)
439.0298|(676.6, 1039.7)
439.0467|(676.7, 1039.7)
439.0632|(675.6, 1034.8)
439.08|(673.7, 1028.2)
439.097|(672.9, 1033.7)
439.1125|(672.8, 1031.7)
439.1299|(670.7, 1026.2)
439.1458|(667.4, 1033.2)
439.163|(667.8, 1032.2)
439.1793|(668.1, 1033.9)
439.1968|(671.3, 1039.0)
439.2132|(670.7, 1047.7)
439.2303|(656.9, 1045.4)
439.2464|(660.5, 1046.5)
439.2631|(665.8, 1043.1)
439.28|(665.6, 1039.6)
439.2964|(659.6, 1030.5)
439.3308|(689.7, 987.5)
439.3471|(709.0, 964.4)
439.3638|(709.3, 955.7)
439.3809|(724.6, 935.5)
439.3968|(706.4, 927.4)
439.4134|(709.3, 897.9)
439.4296|(713.2, 899.1)
439.4473|(712.4, 894.9)
439.4638|(714.6, 892.6)
439.4803|(714.6, 890.3)
439.4976|(711.1, 885.2)
439.5142|(706.9, 893.8)
439.5475|(706.8, 927.6)
439.5799|(705.6, 947.1)
439.5974|(703.9, 974.3)
439.6137|(708.2, 968.2)
439.6315|(712.1, 1002.6)
439.6476|(718.8, 1009.4)
439.6978|(722.0, 1030.6)
439.7311|(718.5, 1033.0)
439.7473|(710.4, 1057.9)
439.7644|(709.2, 1059.3)
439.7811|(703.7, 1068.5)
439.7984|(710.6, 1053.6)
439.815|(727.4, 1010.3)
439.8315|(727.7, 1005.9)
439.8475|(729.7, 1000.4)
439.8637|(728.2, 980.8)
439.881|(735.1, 967.0)
439.8979|(729.7, 972.4)
439.9146|(727.1, 953.3)
439.9314|(726.6, 945.3)
439.948|(696.7, 921.1)
439.9818|(680.2, 925.1)
439.998|(670.7, 932.0)
440.014|(660.5, 941.6)
440.0312|(654.5, 944.9)
440.0477|(655.0, 951.4)
440.0815|(650.0, 955.8)
440.0984|(651.3, 954.7)
440.1152|(644.9, 972.2)
440.1317|(644.9, 949.6)
440.1481|(645.1, 950.4)
440.1651|(648.4, 940.8)
440.1811|(649.8, 940.3)
440.1979|(651.1, 935.3)
440.215|(657.4, 937.5)
440.2323|(661.5, 942.3)
440.2483|(669.6, 962.4)
440.2655|(672.8, 973.7)
440.2821|(680.3, 990.7)
440.2983|(679.7, 1009.1)
440.3148|(680.3, 1006.2)
440.3311|(688.0, 1000.2)
440.3486|(677.5, 1005.8)
440.3655|(679.5, 1022.1)
440.3824|(683.7, 1024.9)
440.3991|(687.2, 1030.9)
440.432|(690.6, 1010.7)
440.4482|(692.6, 1004.3)
440.4648|(693.1, 1004.6)
440.4818|(694.2, 1008.1)
440.4984|(692.9, 1007.4)
440.5161|(679.8, 1020.7)
440.5326|(674.6, 1028.0)
440.553|(674.2, 1028.1)
440.5654|(674.8, 1030.2)
440.5822|(673.2, 1034.7)
440.5983|(674.6, 1030.7)
440.615|(676.5, 1029.3)
440.632|(680.1, 1027.7)
440.6487|(682.1, 1026.3)
440.6654|(682.0, 1027.6)
440.6826|(680.0, 1031.5)
440.6995|(676.6, 1022.9)
440.732|(672.3, 1023.3)
440.7486|(670.2, 1022.4)
440.7656|(670.1, 1024.9)
440.7821|(670.3, 1025.0)
440.799|(671.3, 1026.3)
440.816|(680.4, 1032.2)
440.8333|(682.9, 1029.6)
440.8492|(686.6, 1029.5)
440.8826|(690.8, 1035.6)
440.8987|(694.4, 1048.5)
440.9155|(696.7, 1064.0)
440.9326|(697.1, 1070.7)
440.9495|(696.2, 1069.5)
440.9662|(696.4, 1067.4)
440.9836|(702.3, 1062.8)
440.9994|(704.5, 1056.9)
441.0324|(695.8, 1055.1)
441.0492|(695.0, 1057.4)
441.0659|(688.7, 1059.7)
441.0826|(688.2, 1064.2)
441.0997|(685.4, 1070.5)
441.1169|(692.9, 1059.6)
441.1337|(693.1, 1079.3)
441.1495|(695.9, 1079.7)
441.1826|(691.9, 1085.8)
441.199|(691.7, 1085.6)
441.2166|(690.3, 1089.2)
441.2326|(691.1, 1091.6)
441.2495|(690.4, 1097.9)
441.2667|(693.9, 1101.4)
441.2835|(698.1, 1108.2)
441.2996|(697.8, 1105.8)
441.3331|(696.6, 1103.2)
441.3497|(698.4, 1091.9)
441.3671|(700.4, 1074.8)
441.3839|(698.4, 1075.1)
441.4002|(676.8, 1084.5)
441.4171|(677.1, 1087.3)
441.4343|(680.4, 1093.8)
441.4501|(678.0, 1093.7)
441.6501|(833.1, 1194.0)
441.6672|(735.0, 951.0)
441.6843|(734.8, 1013.3)
441.701|(716.9, 958.2)
441.7176|(716.0, 1011.9)
441.7341|(710.2, 1013.5)
441.751|(685.9, 972.6)
441.7836|(676.8, 991.2)
441.8009|(667.7, 1004.9)
441.8173|(663.6, 1013.1)
441.8342|(661.1, 1015.1)
441.8509|(659.1, 1016.6)
441.8676|(660.9, 1019.1)
441.8852|(660.8, 1019.0)
441.9013|(662.0, 1016.9)
441.9344|(666.0, 1011.0)
441.9507|(665.7, 1006.1)
441.9677|(666.1, 1005.8)
441.9844|(668.1, 1006.0)
442.0015|(668.7, 1005.2)
442.0182|(669.1, 1008.5)
442.0351|(667.9, 1011.1)
442.0513|(667.5, 1013.7)
442.0842|(662.0, 1014.8)
442.1014|(658.1, 1024.2)
442.118|(660.2, 1029.1)
442.1351|(661.7, 1031.4)
442.1516|(664.7, 1034.1)
442.1688|(666.6, 1030.9)
442.1855|(665.1, 1028.9)
442.2015|(665.1, 1027.8)
442.235|(652.4, 1030.8)
442.2513|(653.4, 1029.7)
442.2679|(658.7, 1025.3)
442.285|(671.4, 1020.7)
442.3025|(676.3, 1019.5)
442.3198|(669.3, 1019.5)
442.3355|(666.2, 1020.3)
442.3512|(661.8, 1022.7)
442.3845|(658.3, 1027.7)
442.4014|(659.3, 1025.7)
442.4182|(667.8, 1033.4)
442.4355|(670.1, 1032.6)
442.4522|(672.5, 1029.5)
442.4692|(672.4, 1015.5)
442.4852|(672.1, 1014.3)
442.5013|(673.6, 1003.4)
442.535|(672.9, 1002.6)
442.5518|(674.8, 1005.7)
442.5685|(684.7, 1025.1)
442.5854|(686.8, 1022.6)
442.6028|(691.6, 1019.0)
442.6194|(696.7, 1018.1)
442.6352|(711.4, 1023.0)
442.6515|(705.6, 1020.0)
442.6854|(720.5, 1018.0)
442.7023|(721.1, 1023.1)
442.7185|(718.8, 1037.4)
442.7366|(717.7, 1046.4)
442.7532|(716.5, 1023.6)
442.786|(711.0, 1020.3)
442.8021|(713.3, 1024.4)
442.8357|(713.2, 1010.7)
442.8523|(713.9, 1012.8)
442.8691|(727.9, 873.5)
442.886|(732.2, 819.9)
442.9034|(731.3, 780.6)
442.9193|(730.0, 782.4)
442.9363|(725.8, 754.0)
442.9522|(711.1, 714.9)
442.9855|(718.1, 716.4)
443.0028|(711.8, 717.0)
443.0195|(709.1, 695.6)
443.0367|(711.3, 699.6)
443.0535|(689.0, 693.0)
443.07|(669.1, 698.1)
443.0862|(664.4, 698.9)
443.1028|(661.1, 694.1)
443.1361|(660.5, 692.8)
443.1526|(659.7, 692.8)
443.1697|(655.3, 690.7)
443.1862|(660.6, 692.7)
443.2042|(662.3, 688.8)
443.2196|(662.8, 684.4)
443.2365|(663.1, 686.4)
443.2527|(663.2, 682.0)
443.2859|(687.7, 644.2)
443.3028|(695.8, 639.0)
443.32|(711.8, 631.7)
443.3368|(716.5, 629.9)
443.3542|(718.0, 630.4)
443.3706|(729.1, 635.9)
443.3868|(731.4, 627.6)
443.4035|(732.7, 624.7)
443.4365|(722.6, 620.0)
443.454|(719.1, 619.0)
443.4702|(716.6, 619.0)
443.4872|(715.2, 618.6)
443.5046|(713.9, 612.4)
443.521|(708.5, 613.4)
443.537|(703.1, 616.0)
443.5543|(689.7, 612.6)
443.587|(693.9, 620.0)
443.6036|(691.4, 618.2)
443.6205|(694.3, 609.6)
443.6378|(695.7, 605.1)
443.6539|(695.6, 609.1)
443.6706|(687.9, 605.3)
443.6877|(692.1, 604.0)
443.7039|(692.9, 604.7)
443.7205|(694.8, 608.0)
443.7539|(699.7, 612.8)
443.7713|(697.2, 610.5)
443.788|(705.8, 596.3)
443.8217|(682.6, 675.4)
443.8379|(686.0, 664.5)
443.8542|(687.2, 679.7)
443.8875|(683.9, 694.4)
443.9044|(685.2, 693.7)
443.9212|(685.2, 693.4)
443.9382|(685.5, 693.6)
443.9547|(678.3, 690.4)
443.9718|(680.7, 694.7)
443.9881|(687.0, 690.6)
444.0215|(687.8, 690.6)
444.0382|(680.9, 701.0)
444.0551|(678.4, 707.2)
444.0711|(676.4, 709.4)
444.0882|(664.3, 728.5)
444.1049|(663.7, 731.6)
444.1214|(654.2, 730.4)
444.138|(654.5, 732.4)
444.1555|(652.5, 730.4)
444.1879|(655.2, 734.2)
444.205|(649.7, 728.5)
444.2217|(650.1, 738.2)
444.2383|(649.2, 734.5)
444.2556|(653.9, 737.9)
444.272|(655.1, 737.7)
444.288|(654.7, 729.7)
444.3047|(666.5, 710.0)
444.3386|(703.1, 654.9)
444.3549|(720.3, 626.1)
444.3719|(733.0, 591.5)
444.3886|(728.8, 593.1)
444.422|(717.5, 587.9)
444.4388|(716.2, 589.5)
444.4549|(730.4, 592.2)
444.4886|(732.6, 598.0)
444.5056|(750.3, 587.8)
444.539|(742.6, 591.1)
444.5552|(744.2, 588.0)
444.5723|(733.0, 585.1)
444.5894|(740.4, 585.1)
444.6057|(751.2, 575.3)
444.6392|(752.7, 574.2)
444.6554|(751.7, 576.5)
444.6728|(754.7, 577.4)
444.6891|(770.0, 579.9)
444.7063|(798.5, 597.1)
444.7394|(790.5, 606.1)
444.7563|(792.9, 612.1)
444.789|(794.4, 612.9)
444.8058|(794.0, 614.3)
444.8231|(793.4, 615.4)
444.84|(806.0, 604.7)
444.8724|(806.2, 602.3)
444.8891|(801.4, 578.2)
444.907|(802.1, 577.2)
444.9395|(782.7, 348.2)
444.9565|(778.1, 344.4)
444.973|(762.6, 276.2)
444.9897|(760.6, 246.4)
445.0061|(751.9, 247.9)
445.0229|(726.2, 246.3)
445.0398|(744.9, 245.4)
445.0561|(751.3, 246.4)
445.0733|(748.4, 244.4)
445.1069|(751.4, 245.2)
445.1239|(757.4, 245.4)
445.1404|(748.1, 246.8)
445.1588|(743.5, 244.7)
445.174|(726.2, 243.8)
445.1906|(700.1, 237.3)
445.2067|(675.1, 241.9)
445.2399|(673.3, 243.8)
445.257|(669.9, 245.9)
445.2737|(665.8, 243.8)
445.291|(668.5, 247.0)
445.3069|(673.0, 254.2)
445.3234|(666.4, 255.3)
445.3398|(670.3, 258.7)
445.3566|(672.6, 260.8)
445.3905|(674.6, 258.6)
445.4075|(669.3, 254.4)
445.4243|(664.7, 257.3)
445.4407|(643.9, 256.9)
445.4568|(649.5, 256.0)
445.4744|(645.1, 263.8)
445.4909|(640.5, 272.2)
445.5076|(648.3, 273.7)
445.5406|(647.6, 279.6)
445.5575|(667.2, 285.8)
445.5742|(672.4, 286.4)
445.5904|(671.2, 276.9)
445.607|(665.2, 266.9)
445.6234|(615.8, 244.0)
445.6406|(621.5, 242.2)
445.6571|(629.7, 242.8)
445.6747|(634.7, 245.2)
445.6906|(642.7, 243.0)
445.7078|(646.1, 244.4)
445.7243|(653.5, 239.8)
445.7406|(650.3, 236.0)
445.7572|(645.9, 237.8)
445.7745|(651.3, 240.1)
445.7905|(651.9, 240.9)
445.8073|(648.9, 226.5)
445.8414|(636.0, 224.0)
445.8577|(639.5, 219.8)
445.8745|(638.1, 219.0)
445.8912|(643.1, 210.7)
445.9077|(644.0, 210.7)
445.9247|(660.0, 222.7)
445.9415|(676.2, 234.3)
445.9581|(680.0, 235.5)
445.9917|(693.4, 238.8)
446.0085|(697.9, 246.0)
446.0249|(692.7, 238.2)
446.0421|(700.6, 235.6)
446.0576|(712.4, 216.6)
446.0745|(716.0, 214.5)
446.0909|(716.9, 212.9)
446.1084|(718.0, 216.9)
446.1414|(718.4, 219.3)
446.1583|(723.7, 226.5)
446.1752|(719.2, 226.3)
446.1919|(716.1, 226.6)
446.2086|(722.2, 229.7)
446.2253|(721.9, 231.2)
446.2414|(721.3, 232.0)
446.2581|(715.3, 235.6)
446.2918|(716.1, 234.2)
446.3086|(712.9, 236.4)
446.3251|(698.7, 237.7)
446.3414|(687.3, 239.4)
446.358|(682.5, 246.3)
446.3752|(678.9, 246.9)
446.393|(675.8, 243.4)
446.4087|(662.8, 238.7)
446.4423|(655.8, 233.8)
446.4587|(656.7, 217.8)
446.476|(657.1, 213.0)
446.492|(654.6, 215.2)
446.5082|(647.6, 212.4)
446.5248|(645.1, 211.7)
446.5414|(640.9, 212.2)
446.5585|(639.5, 216.6)
446.5756|(637.7, 217.6)
446.5917|(633.3, 220.9)
446.6093|(632.6, 228.8)
446.6253|(631.3, 224.8)
446.642|(624.7, 224.8)
446.6584|(640.6, 204.8)
446.6755|(632.7, 205.5)
446.6923|(634.2, 200.9)
446.7098|(638.2, 196.1)
446.7425|(641.8, 194.4)
446.7591|(636.0, 201.0)
446.7762|(642.4, 200.8)
446.7922|(646.7, 203.3)
446.8087|(641.8, 206.5)
446.8253|(634.4, 209.8)
446.8425|(636.1, 210.7)
446.8589|(633.2, 211.8)
446.8925|(635.4, 210.6)
446.9093|(640.5, 204.3)
446.9261|(648.2, 204.2)
446.9424|(648.9, 204.4)
446.959|(646.9, 204.1)
446.9759|(651.0, 206.3)
446.9921|(645.3, 201.9)
447.0098|(651.9, 202.0)
447.0261|(656.1, 203.0)
447.0426|(656.4, 207.2)
447.0782|(628.1, 220.7)
447.1091|(627.0, 223.0)
447.1436|(637.8, 224.7)
447.1599|(637.7, 225.2)
447.1932|(648.3, 226.7)
447.2103|(637.6, 231.8)
447.2263|(645.2, 234.9)
447.2428|(650.6, 232.1)
447.2597|(645.1, 224.7)
447.2765|(646.8, 225.1)
447.2935|(649.9, 224.2)
447.3099|(648.2, 226.8)
447.344|(673.0, 258.5)
447.3765|(674.4, 263.1)
447.3932|(666.8, 255.4)
447.427|(643.5, 233.1)
447.4434|(634.2, 223.1)
447.4774|(643.6, 223.0)
447.4934|(638.0, 228.5)
447.5099|(635.0, 223.1)
447.5269|(632.8, 217.9)
447.5433|(637.7, 219.6)
447.5597|(634.3, 205.9)
447.5768|(633.3, 204.5)
447.5931|(636.0, 212.7)
447.6116|(633.2, 200.8)
447.6442|(644.5, 205.0)
447.6613|(662.3, 215.8)
447.6769|(672.9, 220.0)
447.7274|(676.6, 223.9)
447.7611|(676.6, 224.5)
447.795|(677.6, 233.9)
447.811|(678.4, 236.0)
447.8274|(680.7, 234.4)
447.8437|(682.1, 233.2)
447.8618|(682.4, 232.7)
447.8777|(682.0, 232.0)
447.8949|(679.3, 231.7)
447.9108|(669.1, 216.8)
447.9281|(679.3, 214.1)
447.9441|(694.0, 221.0)
447.9608|(708.4, 238.0)
447.9773|(707.8, 237.0)
447.994|(714.4, 228.0)
448.0108|(714.8, 227.2)
448.0276|(714.2, 231.7)
448.0445|(717.0, 230.4)
448.0613|(721.3, 223.3)
448.0955|(719.5, 226.9)
448.1116|(721.3, 227.4)
448.1277|(725.8, 228.0)
448.1441|(730.8, 226.9)
448.1612|(728.6, 229.2)
448.1778|(740.7, 228.6)
448.1949|(758.4, 220.3)
448.2115|(760.9, 218.7)
448.2282|(770.4, 217.1)
448.2455|(773.1, 217.9)
448.2614|(773.7, 218.7)
448.2778|(773.7, 218.7)
448.2946|(774.5, 215.7)
448.3115|(775.1, 212.4)
448.3292|(771.7, 216.1)
448.3452|(772.5, 217.1)
448.3624|(768.6, 221.2)
448.3956|(769.5, 233.7)
448.4124|(791.7, 224.4)
448.4288|(799.8, 225.4)
448.4457|(803.3, 225.9)
448.4621|(806.3, 223.7)
448.4799|(814.4, 221.1)
448.4955|(819.9, 219.3)
448.5123|(827.7, 216.2)
448.5461|(831.6, 211.9)
448.5621|(830.7, 214.5)
448.5788|(834.0, 214.1)
448.5952|(836.3, 218.6)
448.6119|(837.3, 222.4)
448.6289|(839.3, 223.2)
448.6463|(839.0, 221.5)
448.6624|(838.2, 217.5)
448.6958|(840.6, 221.7)
448.7131|(839.2, 225.0)
448.7294|(839.6, 224.4)
448.7455|(829.3, 224.3)
448.7623|(798.1, 226.6)
448.7794|(783.6, 221.3)
448.7957|(780.5, 219.8)
448.8127|(774.8, 219.8)
448.8464|(770.4, 216.7)
448.8634|(770.1, 216.8)
448.88|(768.0, 217.4)
448.8961|(761.3, 220.2)
448.9123|(761.8, 221.2)
448.9294|(764.0, 220.9)
448.9471|(770.6, 219.8)
448.9624|(769.8, 218.4)
448.9961|(770.1, 211.6)
449.0132|(772.7, 215.0)
449.0292|(773.0, 214.5)
449.0459|(773.7, 217.8)
449.0624|(774.5, 216.4)
449.0968|(774.9, 218.6)
449.1133|(769.6, 220.4)
449.1459|(795.9, 218.6)
449.163|(803.3, 217.9)
449.1805|(877.2, 212.0)
449.197|(874.8, 213.9)
449.2309|(888.7, 211.6)
449.2465|(891.5, 209.2)
449.2636|(893.9, 208.7)
449.2798|(885.5, 214.1)
449.2976|(879.2, 220.8)
449.3134|(875.4, 225.2)
449.3297|(889.8, 224.3)
449.3465|(898.5, 221.5)
449.363|(897.8, 222.1)
449.3801|(905.0, 218.7)
449.397|(920.9, 208.2)
449.4134|(926.5, 211.4)
449.43|(923.2, 208.0)
449.4469|(922.4, 207.3)
449.463|(921.4, 205.5)
449.4799|(919.7, 204.5)
449.497|(920.3, 204.1)
449.5135|(921.5, 206.4)
449.5305|(923.4, 208.1)
449.5471|(924.0, 209.1)
449.5639|(918.8, 215.8)
449.5805|(917.3, 212.6)
449.597|(928.3, 207.5)
449.6135|(931.3, 208.2)
449.6301|(934.5, 209.5)
449.6467|(935.3, 210.4)
449.6637|(960.6, 206.4)
449.6805|(969.8, 212.0)
449.6977|(966.1, 210.6)
449.7141|(957.8, 227.3)
449.731|(957.1, 226.8)
449.747|(959.3, 223.4)
449.764|(955.6, 226.1)
449.7805|(943.6, 226.7)
449.7976|(913.2, 225.4)
449.8146|(873.8, 217.5)
449.831|(864.5, 216.3)
449.8482|(846.1, 213.5)
449.8642|(809.3, 210.8)
449.8975|(721.1, 198.7)
449.9145|(726.3, 189.8)
449.9315|(724.4, 188.7)
449.9475|(723.0, 188.3)
449.9641|(716.2, 186.4)
449.9813|(708.8, 182.0)
449.998|(703.6, 181.8)
450.0145|(699.7, 180.1)
450.0475|(697.4, 193.2)
450.0645|(696.2, 193.3)
450.0811|(689.4, 187.1)
450.0974|(681.5, 181.8)
450.1144|(677.3, 174.5)
450.1318|(673.9, 163.5)
450.1646|(671.6, 164.8)
450.1812|(670.9, 164.3)
450.1981|(674.7, 181.2)
450.2146|(672.7, 181.2)
450.231|(672.7, 181.1)
450.2479|(673.4, 175.4)
450.2649|(672.9, 176.4)
450.282|(689.8, 177.5)
450.3151|(690.7, 179.6)
450.3323|(692.7, 178.9)
450.3486|(693.7, 177.6)
450.3647|(695.0, 176.6)
450.3822|(697.9, 178.4)
450.3988|(697.4, 177.9)
450.4153|(697.7, 179.1)
450.4319|(693.3, 182.1)
450.4491|(693.7, 181.7)
450.4656|(693.2, 184.5)
450.4828|(694.2, 191.3)
450.4991|(698.2, 198.9)
450.5318|(704.4, 188.5)
450.5488|(705.2, 189.0)
450.5825|(751.1, 183.1)
450.5995|(776.1, 178.7)
450.6488|(780.3, 196.6)
450.6654|(776.4, 203.2)
450.6819|(775.9, 203.9)
450.6988|(773.5, 202.4)
450.7162|(773.8, 204.1)
450.7327|(782.0, 202.2)
450.7494|(779.3, 197.6)
450.7659|(769.9, 200.8)
450.7991|(776.8, 196.3)
450.8156|(776.2, 189.1)
450.8332|(773.7, 185.0)
450.8498|(774.8, 183.7)
450.8668|(774.8, 185.5)
450.8998|(789.4, 186.6)
450.9164|(795.1, 186.3)
450.9495|(829.9, 205.2)
450.9661|(827.7, 201.2)
450.9835|(831.2, 202.1)
450.9997|(840.0, 207.3)
451.0172|(837.4, 187.9)
451.0337|(834.4, 190.3)
451.0502|(833.9, 189.5)
451.0667|(833.0, 187.7)
451.0996|(830.8, 194.7)
451.1165|(831.2, 193.2)
451.1339|(837.7, 190.4)
451.1499|(859.9, 189.2)
451.1672|(861.0, 190.2)
451.2007|(863.0, 190.6)
451.2171|(864.4, 188.8)
451.2501|(862.8, 189.1)
451.2673|(860.7, 187.7)
451.2841|(858.2, 187.1)
451.3006|(855.2, 185.8)
451.3174|(835.8, 186.4)
451.3338|(817.3, 186.0)
451.3507|(821.5, 186.4)
451.367|(818.7, 186.5)
451.4004|(779.9, 184.5)
451.4176|(779.6, 184.3)
451.434|(777.5, 179.3)
451.4505|(779.6, 183.0)
451.4677|(778.5, 185.3)
451.4842|(783.3, 187.2)
451.5004|(779.6, 189.4)
451.5176|(783.7, 192.9)
451.5507|(773.2, 184.5)
451.5672|(752.2, 167.1)
451.5846|(753.3, 169.0)
451.6012|(769.1, 178.5)
451.6179|(772.4, 179.8)
451.6345|(786.5, 188.4)
451.6516|(785.9, 187.5)
451.668|(784.8, 186.0)
451.718|(786.5, 183.7)
451.7344|(783.6, 182.8)
451.7514|(783.1, 184.1)
451.7676|(804.0, 190.6)
451.7847|(838.7, 195.3)
451.818|(836.0, 194.6)
451.8507|(837.0, 194.6)
451.868|(850.1, 197.2)
451.8854|(847.8, 191.1)
451.9014|(847.6, 190.9)
451.9184|(848.8, 192.2)
451.9357|(853.9, 191.7)
451.9684|(871.5, 193.0)
451.9852|(873.2, 192.9)
452.0184|(870.7, 191.9)
452.0516|(865.9, 190.9)
452.0689|(854.1, 172.5)
452.0849|(846.4, 165.8)
452.1015|(858.6, 181.2)
452.1184|(869.9, 161.9)
452.1514|(878.3, 175.7)
452.1682|(888.2, 191.0)
452.1853|(891.7, 189.7)
452.2024|(890.4, 184.2)
452.2193|(892.5, 179.6)
452.2354|(892.5, 179.2)
452.252|(889.1, 181.3)
452.2854|(889.9, 184.6)
452.319|(889.0, 190.4)
452.3362|(887.1, 193.5)
452.3525|(887.9, 196.2)
452.3694|(876.8, 187.0)
452.3855|(861.4, 187.6)
452.4189|(838.7, 176.5)
452.4869|(824.9, 182.3)
452.5199|(801.5, 146.6)
452.5527|(792.0, 159.9)
452.5692|(777.3, 166.6)
452.6033|(733.1, 188.0)
452.6191|(716.8, 185.1)
452.6692|(703.1, 182.8)
452.6861|(669.5, 181.9)
452.72|(668.9, 183.2)
452.7529|(666.6, 184.5)
452.7697|(664.7, 184.1)
452.7869|(651.3, 187.5)
452.8199|(650.2, 187.7)
452.8364|(647.3, 184.6)
452.8529|(648.8, 183.3)
452.8704|(624.2, 156.0)
452.8866|(635.7, 182.0)
452.9202|(636.5, 182.8)
452.937|(635.6, 179.0)
452.9538|(657.3, 184.2)
452.9875|(649.8, 184.8)
453.0036|(652.7, 186.2)
453.0205|(656.4, 187.7)
453.0704|(663.3, 192.8)
453.0869|(662.5, 205.0)
453.1205|(662.0, 206.5)
453.1372|(665.9, 205.8)
453.1534|(661.9, 212.9)
453.2041|(664.0, 214.5)
453.2206|(655.6, 219.3)
453.2545|(655.2, 218.7)
453.2707|(658.1, 216.0)
453.3037|(679.5, 212.6)
453.3207|(692.7, 211.4)
453.3531|(705.3, 208.6)
453.3704|(701.3, 200.6)
453.3875|(699.0, 203.6)
453.4041|(698.1, 202.4)
453.4203|(697.0, 204.8)
453.4373|(696.3, 205.1)
453.4534|(696.5, 205.6)
453.4872|(696.1, 206.3)
453.5038|(695.1, 206.0)
453.5202|(696.1, 207.0)
453.5376|(714.4, 206.5)
453.5534|(731.3, 198.3)
453.5706|(733.6, 196.7)
453.5866|(734.8, 196.5)
453.6035|(738.1, 198.9)
453.6371|(740.1, 197.6)
453.6533|(740.5, 198.3)
453.6707|(741.0, 200.6)
453.688|(745.4, 198.6)
453.7033|(742.3, 202.8)
453.7202|(742.1, 202.5)
453.7372|(741.9, 201.9)
453.7534|(742.5, 201.5)
453.7869|(742.3, 201.4)
453.8036|(742.2, 200.6)
453.8206|(743.7, 203.8)
453.8366|(743.9, 204.6)
453.8535|(744.0, 205.8)
453.8712|(744.4, 204.2)
453.8868|(761.2, 202.2)
453.9039|(775.2, 202.4)
453.9375|(763.5, 202.7)
453.954|(802.3, 199.9)
453.9704|(821.8, 198.9)
453.9875|(821.0, 205.3)
454.0038|(821.1, 205.7)
454.0206|(822.1, 206.6)
454.037|(823.2, 208.3)
454.0536|(826.0, 211.2)
454.0872|(829.0, 201.7)
454.1048|(831.2, 203.9)
454.121|(831.0, 203.8)
454.1368|(833.4, 202.5)
454.154|(836.6, 196.4)
454.1706|(845.3, 197.2)
454.1874|(846.0, 202.8)
454.2041|(846.8, 203.4)
454.2377|(843.5, 205.5)
454.2546|(838.3, 205.0)
454.272|(838.4, 207.8)
454.2886|(835.0, 206.5)
454.304|(834.8, 200.9)
454.3209|(835.4, 200.3)
454.3374|(838.2, 199.3)
454.3542|(839.3, 198.7)
454.3878|(840.7, 197.7)
454.4049|(827.0, 187.7)
454.4212|(747.5, 177.9)
454.4388|(730.0, 178.8)
454.4547|(709.6, 156.9)
454.471|(702.3, 158.3)
454.4878|(705.5, 164.6)
454.5049|(698.4, 157.7)
454.5381|(705.7, 163.5)
454.5549|(706.0, 169.9)
454.5714|(699.6, 172.0)
454.5877|(694.0, 171.6)
454.6049|(680.1, 170.9)
454.6213|(678.6, 170.7)
454.6385|(675.8, 171.8)
454.6546|(671.2, 172.7)
454.6888|(669.0, 175.4)
454.7052|(670.0, 171.6)
454.7226|(669.9, 172.2)
454.7383|(669.4, 170.5)
454.7549|(665.7, 170.1)
454.7716|(657.1, 157.0)
454.7886|(656.9, 157.6)
454.8048|(657.4, 157.0)
454.8384|(659.5, 163.7)
454.8562|(659.3, 145.1)
454.8717|(665.3, 152.1)
454.8885|(664.3, 157.6)
454.9048|(659.0, 142.3)
454.9219|(653.2, 146.6)
454.9388|(653.2, 149.8)
454.9553|(643.0, 139.6)
454.989|(632.6, 137.3)
455.0051|(632.6, 142.6)
455.0221|(635.7, 144.0)
455.0386|(629.3, 124.1)
455.0556|(642.9, 130.0)
455.0721|(649.9, 133.7)
455.089|(656.9, 138.4)
455.1055|(654.5, 165.2)
455.1222|(642.2, 142.0)
455.1398|(646.7, 153.3)
455.1559|(661.8, 152.4)
455.1727|(732.5, 164.6)
455.189|(768.7, 176.7)
455.2061|(766.9, 184.2)
455.222|(785.3, 193.7)
455.239|(790.4, 195.6)
455.2565|(790.4, 198.8)
455.2896|(797.6, 197.4)
455.3073|(799.7, 197.0)
455.3224|(802.4, 193.0)
455.3395|(800.9, 188.7)
455.3564|(800.9, 190.0)
455.3736|(801.5, 193.4)
455.3899|(801.6, 193.7)
455.4067|(803.6, 190.4)
455.4404|(803.9, 192.1)
455.4569|(805.5, 196.5)
455.4746|(805.1, 193.3)
455.4907|(809.7, 185.0)
455.5067|(810.3, 179.7)
455.5232|(809.8, 178.0)
455.5399|(801.6, 195.6)
455.5569|(803.6, 188.4)
455.5902|(808.2, 176.2)
455.6075|(806.2, 184.7)
455.6246|(805.4, 186.4)
455.6406|(805.7, 189.0)
455.6571|(804.2, 183.0)
455.6737|(806.0, 185.4)
455.6901|(808.0, 186.9)
455.7075|(810.7, 181.2)
455.7413|(809.8, 181.3)
455.7577|(810.1, 176.9)
455.7743|(766.1, 184.9)
455.7914|(758.9, 184.2)
455.8073|(757.4, 184.3)
455.8239|(748.9, 183.5)
455.8408|(749.5, 190.8)
455.858|(752.0, 191.1)
455.8913|(747.7, 185.9)
455.9078|(756.6, 193.2)
455.9251|(755.5, 194.0)
455.9572|(754.0, 194.2)
455.9738|(754.7, 193.4)
455.9906|(757.5, 188.9)
456.0083|(758.1, 188.7)
456.0415|(763.0, 153.6)
456.0584|(764.6, 161.2)
456.0749|(749.9, 156.1)
456.0908|(747.4, 162.3)
456.1076|(749.6, 171.9)
456.124|(750.8, 156.1)
456.1409|(757.1, 160.9)
456.158|(758.7, 160.1)
456.1916|(782.1, 146.9)
456.2083|(778.3, 139.5)
456.2256|(777.4, 137.5)
456.2419|(776.4, 139.2)
456.2579|(763.8, 125.2)
456.2747|(755.4, 122.0)
456.2912|(762.5, 119.6)
456.3079|(749.8, 100.7)
456.3247|(750.0, 94.8)
456.3422|(745.7, 85.5)
456.3574|(748.3, 85.8)
456.3757|(749.0, 88.6)
456.3914|(747.9, 97.4)
456.4077|(746.0, 96.6)
456.4247|(724.4, 82.7)
456.441|(709.6, 74.7)
456.4583|(679.6, 22.1)
456.4747|(694.2, 30.1)
457.0423|(509.9, 229.3)
457.0589|(733.7, 106.5)
457.0757|(761.9, 35.3)
457.0922|(779.8, 38.5)
457.1255|(805.6, 26.1)
457.1428|(799.9, 37.4)
457.1761|(833.9, 16.4)
457.1925|(880.9, 34.1)
457.2095|(903.9, 88.5)
457.2256|(893.0, 60.7)
457.2761|(879.3, 81.9)
457.326|(906.2, 84.6)
457.343|(914.2, 82.6)
457.3606|(867.0, 81.9)
457.3771|(885.1, 120.8)
457.3948|(853.4, 90.2)
457.4109|(863.2, 101.4)
457.4272|(844.7, 114.9)
457.4435|(836.2, 124.8)
457.4599|(826.6, 121.0)
457.4767|(832.5, 118.6)
457.4941|(840.6, 96.9)
457.5103|(857.2, 91.5)
457.5444|(856.5, 97.5)
457.5612|(856.9, 104.4)
457.5767|(857.6, 97.9)
457.5946|(852.4, 98.5)
457.61|(853.7, 128.0)
457.6273|(847.2, 99.6)
457.6446|(811.6, 126.6)
457.6606|(764.1, 155.8)
457.6944|(711.6, 161.0)
457.7112|(668.1, 139.7)
457.7444|(659.3, 146.9)
457.7609|(657.6, 148.0)
457.7771|(658.1, 147.5)
457.7942|(656.4, 147.2)
457.8113|(667.0, 149.9)
457.8445|(677.6, 149.9)
457.8615|(673.1, 146.2)
457.8782|(672.7, 147.6)
457.8942|(673.0, 168.2)
457.911|(669.7, 169.2)
457.9272|(667.4, 181.7)
457.9445|(663.7, 181.6)
457.9607|(641.7, 167.2)
457.9784|(637.4, 161.6)
457.9951|(640.6, 159.9)
458.0111|(639.8, 160.3)
458.0441|(634.2, 177.7)
458.0608|(641.0, 154.5)
458.095|(639.2, 154.8)
458.1119|(657.9, 164.2)
458.145|(745.3, 168.8)
458.1776|(751.2, 169.4)
458.1949|(773.7, 167.4)
458.2112|(783.7, 171.4)
458.2281|(776.0, 192.1)
458.2448|(770.8, 184.7)
458.2788|(761.9, 193.4)
458.3116|(757.1, 242.0)
458.3281|(757.1, 236.6)
458.3613|(823.6, 193.5)
458.379|(798.9, 170.1)
458.3951|(755.5, 141.4)
458.4277|(738.1, 134.9)
458.445|(736.9, 140.0)
458.4615|(737.0, 96.8)
458.478|(752.9, 110.4)
458.4943|(732.5, 89.7)
458.511|(719.7, 70.0)
458.5279|(739.6, 68.1)
458.5449|(731.7, 57.6)
458.5776|(718.2, 55.1)
458.5947|(713.7, 49.4)
458.6115|(715.0, 55.7)
458.6279|(734.0, 68.2)
458.6452|(738.6, 66.5)
458.6614|(742.6, 68.7)
458.6781|(730.9, 51.6)
458.6949|(728.9, 58.0)
458.7279|(718.4, 59.6)
458.7454|(697.4, 73.4)
458.7617|(691.3, 77.8)
458.778|(688.1, 88.7)
458.7951|(710.9, 72.8)
458.8116|(713.9, 73.1)
458.8293|(720.9, 79.0)
458.8458|(729.9, 101.7)
458.8783|(760.2, 90.6)
458.8951|(797.0, 104.0)
458.912|(797.7, 100.2)
458.9284|(797.1, 80.5)
458.9457|(804.1, 90.0)
458.9619|(794.4, 99.3)
458.9794|(793.5, 107.8)
458.9958|(795.1, 108.4)
459.0284|(790.8, 93.3)
459.0456|(781.1, 93.0)
459.062|(777.2, 111.0)
459.0787|(777.7, 117.6)
459.0957|(793.6, 134.1)
459.1122|(791.6, 135.0)
459.1292|(771.4, 105.5)
459.146|(773.3, 95.3)
459.1791|(762.1, 74.6)
459.1959|(762.2, 55.2)
459.2123|(759.9, 59.1)
459.2287|(742.1, 86.5)
459.2458|(801.7, 101.3)
459.2626|(809.2, 93.2)
459.2798|(827.6, 93.2)
459.2959|(856.5, 93.0)
459.3299|(853.7, 93.4)
459.3463|(846.5, 92.2)
459.3628|(848.6, 94.6)
459.3795|(890.8, 136.3)
459.3961|(893.5, 141.0)
459.413|(887.7, 134.1)
459.4301|(864.5, 106.6)
459.447|(874.8, 112.6)
459.4797|(874.2, 112.3)
459.4962|(875.9, 116.1)
459.5127|(891.7, 126.0)
459.5298|(904.0, 114.8)
459.5469|(902.4, 118.0)
459.5632|(896.0, 123.9)
459.5803|(898.3, 117.9)
459.5965|(893.5, 115.0)
459.6467|(854.2, 47.6)
459.6633|(859.5, 53.0)
459.6801|(857.5, 60.1)
459.6977|(855.1, 59.3)
459.7136|(874.4, 95.5)
459.7309|(897.2, 112.6)
459.7482|(869.6, 103.2)
459.7798|(839.3, 96.8)
459.7967|(836.7, 98.6)
459.8138|(821.3, 93.4)
459.8308|(785.7, 87.1)
459.8478|(780.6, 103.4)
459.8642|(777.0, 119.1)
459.8811|(748.9, 113.6)
459.8983|(757.5, 124.5)
459.9302|(770.3, 139.2)
459.9471|(763.6, 135.0)
459.9637|(741.0, 132.7)
459.9806|(745.1, 137.7)
459.9973|(749.8, 136.9)
460.0146|(745.4, 125.6)
460.0315|(756.0, 132.2)
460.0469|(753.2, 128.2)
460.0806|(732.7, 107.2)
460.0971|(738.8, 98.7)
460.1139|(751.5, 101.4)
460.148|(745.3, 100.5)
460.1649|(753.7, 104.6)
460.1816|(765.6, 157.1)
460.1985|(764.8, 168.5)
460.2311|(752.7, 169.3)
460.2478|(763.6, 170.3)
460.2644|(769.1, 178.4)
460.281|(739.5, 160.0)
460.2983|(746.8, 161.1)
460.3148|(719.0, 168.1)
460.3318|(717.7, 190.4)
460.3489|(717.1, 204.2)
460.3816|(717.8, 219.3)
460.3977|(714.3, 212.0)
460.4316|(714.4, 213.0)
460.4482|(714.2, 211.8)
460.4825|(719.9, 199.8)
460.5316|(716.7, 190.4)
460.5484|(712.7, 192.3)
460.5646|(696.0, 205.1)
460.5815|(698.7, 203.2)
460.5982|(697.3, 228.3)
460.6156|(699.2, 239.3)
460.6315|(701.1, 228.5)
460.6482|(702.1, 229.3)
460.6983|(702.2, 207.6)
460.715|(701.0, 206.2)
460.7319|(695.9, 201.5)
460.749|(695.5, 200.9)
460.7661|(695.8, 201.3)
460.7828|(699.4, 203.8)
460.7986|(703.3, 205.1)
460.8321|(783.6, 222.9)
460.8485|(801.4, 226.0)
460.8655|(809.1, 202.8)
460.8824|(841.9, 215.2)
460.8991|(843.9, 216.3)
460.9162|(845.1, 189.6)
460.9328|(848.3, 195.1)
460.9487|(843.1, 189.9)
460.982|(836.3, 179.9)
460.9989|(829.6, 181.3)
461.0157|(826.9, 184.1)
461.0322|(825.0, 186.5)
461.0493|(828.5, 183.4)
461.0666|(832.3, 184.7)
461.0826|(838.1, 185.6)
461.0989|(831.1, 156.3)
461.1324|(840.2, 150.8)
461.1494|(852.1, 157.8)
461.166|(853.5, 157.3)
461.1825|(858.8, 158.9)
461.2|(854.0, 155.3)
461.2173|(851.9, 155.5)
461.233|(853.3, 155.8)
461.249|(851.7, 160.5)
461.2828|(848.0, 165.2)
461.2993|(841.9, 161.1)
461.3163|(848.4, 162.7)
461.3329|(853.6, 157.8)
461.3497|(857.2, 153.2)
461.3668|(865.6, 141.7)
461.3834|(845.3, 145.1)
461.3994|(828.5, 143.8)
461.4328|(820.5, 193.8)
461.4498|(805.7, 180.4)
461.483|(745.9, 199.8)
461.5004|(733.3, 164.1)
461.5176|(731.5, 171.8)
461.5332|(731.0, 188.8)
461.5497|(774.0, 222.3)
461.5831|(742.0, 186.4)
461.5999|(733.5, 186.9)
461.6164|(718.7, 185.9)
461.6331|(705.2, 186.4)
461.6504|(704.9, 214.3)
461.6847|(691.4, 193.4)
461.7009|(687.3, 190.2)
461.7333|(684.1, 173.0)
461.7501|(689.7, 165.8)
461.7669|(690.8, 160.7)
461.7838|(686.7, 142.7)
461.8013|(679.4, 97.3)
461.8177|(690.0, 138.9)
461.8344|(676.5, 116.3)
461.8499|(683.1, 134.0)
461.8835|(672.4, 104.3)
461.9016|(675.4, 103.3)
461.9172|(684.6, 127.6)
461.9338|(699.7, 163.3)
461.9512|(714.7, 168.3)
461.968|(718.4, 170.0)
461.9841|(733.5, 157.2)
462.0005|(757.2, 156.9)
462.0338|(774.1, 130.4)
462.0507|(771.2, 126.0)
462.0672|(779.9, 130.3)
462.0844|(789.7, 138.1)
462.1015|(796.2, 137.0)
462.1179|(797.3, 138.8)
462.1343|(797.3, 138.9)
462.1506|(796.8, 141.5)
462.184|(794.8, 142.7)
462.2007|(792.5, 156.4)
462.235|(780.9, 136.4)
462.2686|(778.4, 113.5)
462.2857|(753.4, 100.0)
462.3343|(834.2, 131.5)
462.3517|(810.1, 157.9)
462.368|(807.9, 175.9)
462.385|(808.7, 201.9)
462.402|(811.3, 200.8)
462.419|(826.8, 180.6)
462.4525|(829.8, 164.3)
462.4852|(824.3, 73.4)
462.5014|(833.4, 83.6)
462.5184|(829.3, 99.3)
462.5353|(829.3, 113.7)
462.5526|(815.4, 137.9)
462.5692|(761.4, 131.4)
462.5853|(755.4, 135.8)
462.6018|(756.2, 158.1)
462.6185|(722.5, 150.1)
462.6357|(753.0, 172.6)
462.6519|(738.3, 161.7)
462.6865|(753.0, 169.7)
462.7029|(719.3, 181.4)
462.7194|(710.1, 194.3)
462.7365|(709.4, 188.1)
462.7522|(707.5, 193.6)
462.7855|(707.0, 182.9)
462.8019|(716.6, 177.5)
462.8189|(723.3, 175.2)
462.8532|(736.8, 177.2)
462.8694|(731.6, 148.4)
462.9022|(730.2, 140.8)
462.9357|(734.5, 177.4)
462.9523|(747.5, 172.8)
462.9695|(747.6, 162.1)
462.9867|(743.7, 155.3)
463.0027|(717.5, 131.7)
463.0196|(716.2, 125.8)
463.0369|(699.7, 146.2)
463.0533|(695.0, 168.5)
463.0854|(735.9, 176.9)
463.1021|(741.2, 179.7)
463.1194|(721.6, 154.0)
463.1364|(730.0, 160.6)
463.1364|(733.7, 161.3)
463.1703|(730.2, 150.0)
463.1864|(736.4, 149.5)
463.2028|(732.6, 142.9)
463.2361|(713.1, 130.4)
463.2532|(720.6, 123.0)
463.2704|(755.5, 127.1)
463.287|(751.9, 148.3)
463.3035|(733.3, 127.3)
463.32|(747.7, 151.3)
463.3363|(749.1, 160.0)
463.3531|(753.3, 164.9)
463.3865|(771.0, 189.9)
463.4032|(775.9, 187.8)
463.4208|(776.1, 175.4)
463.4375|(774.5, 160.9)
463.4552|(775.6, 151.1)
463.4873|(779.1, 157.6)
463.5037|(782.5, 170.2)
463.5367|(788.5, 177.1)
463.5536|(821.7, 201.1)
463.5703|(815.3, 195.6)
463.5871|(801.4, 192.1)
463.6041|(763.7, 164.9)
463.6212|(773.1, 174.3)
463.6373|(775.3, 176.1)
463.6535|(762.9, 202.6)
463.6872|(762.9, 204.5)
463.7035|(755.3, 207.0)
463.7209|(748.4, 209.5)
463.7376|(755.2, 210.2)
463.7545|(753.9, 210.0)
463.7714|(751.2, 192.0)
463.8037|(752.2, 193.8)
463.8374|(747.9, 184.7)
463.8549|(761.2, 234.7)
463.8713|(756.8, 224.8)
463.888|(772.4, 230.1)
464.172|(976.1, 139.2)
464.2214|(883.6, 3.8)
464.2377|(839.2, 61.4)
464.2546|(824.5, 82.1)
464.2881|(812.7, 94.7)
464.305|(841.5, 111.1)
464.3222|(829.5, 173.0)
464.3388|(834.1, 141.3)
464.3553|(836.9, 170.2)
464.3713|(833.4, 160.4)
464.3881|(833.1, 137.7)
464.4043|(831.1, 158.9)
464.438|(848.1, 166.4)
464.4557|(857.0, 207.2)
464.4723|(853.4, 147.0)
464.4899|(867.5, 169.7)
464.5224|(872.0, 161.2)
464.538|(857.4, 136.8)
464.5885|(881.8, 198.8)
464.6056|(861.2, 129.2)
464.623|(873.3, 145.0)
464.6384|(874.3, 136.1)
464.6561|(879.0, 154.4)
464.6724|(880.6, 154.1)
464.6884|(875.7, 125.4)
464.7049|(870.4, 135.1)
464.7387|(830.0, 134.1)
464.7564|(794.6, 134.4)
464.773|(802.0, 153.7)
464.7895|(731.3, 135.5)
464.8058|(744.2, 148.9)
464.8221|(783.9, 153.3)
464.8386|(787.1, 155.0)
464.8556|(759.4, 159.7)
464.8896|(772.3, 164.1)
464.9064|(764.9, 169.4)
464.9231|(751.0, 152.8)
464.9397|(756.3, 160.1)
464.956|(754.1, 143.8)
464.9728|(755.2, 143.8)
464.9889|(755.5, 151.5)
465.0056|(763.8, 131.3)
465.0397|(761.1, 136.5)
465.0566|(753.0, 138.5)
465.0737|(718.8, 156.9)
465.0898|(703.5, 151.4)
465.1066|(710.6, 160.9)
465.1227|(709.7, 153.4)
465.139|(705.5, 150.6)
465.1563|(718.0, 159.1)
465.1895|(698.2, 133.3)
465.2067|(704.8, 140.2)
465.2229|(693.9, 129.9)
465.2397|(694.6, 137.7)
465.2562|(697.7, 141.3)
465.273|(694.0, 131.9)
465.2896|(696.6, 139.2)
465.306|(701.4, 146.1)
465.3402|(704.3, 158.4)
465.3572|(698.7, 161.8)
465.3734|(694.7, 164.8)
465.3898|(701.7, 192.5)
465.4067|(681.9, 180.4)
465.4234|(671.2, 167.0)
465.4397|(654.6, 145.4)
465.4569|(669.0, 165.4)
465.4904|(640.6, 129.1)
465.5072|(645.0, 147.0)
465.5244|(634.3, 133.0)
465.54|(635.1, 138.0)
465.5575|(642.4, 156.9)
465.5739|(635.6, 134.3)
465.5901|(636.0, 133.5)
465.6072|(674.2, 160.0)
465.6411|(659.1, 140.6)
465.6572|(635.7, 133.3)
465.691|(633.9, 120.0)
465.708|(673.0, 148.8)
465.7236|(689.6, 146.4)
465.7401|(738.2, 153.9)
465.7572|(739.2, 156.7)
465.7909|(795.7, 169.9)
465.8082|(819.2, 175.9)
465.8251|(820.4, 175.0)
465.8407|(817.7, 174.6)
465.8576|(820.1, 175.6)
465.8737|(819.1, 178.5)
465.8902|(822.7, 178.3)
465.908|(820.8, 179.7)
465.9412|(824.2, 183.0)
465.9578|(825.0, 183.6)
465.9755|(823.9, 190.8)
465.9908|(809.9, 164.2)
466.0077|(791.8, 183.1)
466.0239|(788.3, 163.2)
466.0409|(781.2, 160.6)
466.0581|(771.8, 177.8)
466.092|(771.3, 191.4)
466.1078|(772.6, 220.5)
466.1247|(713.4, 195.6)
466.1417|(704.7, 194.4)
466.1575|(685.7, 157.8)
466.1746|(675.3, 151.9)
466.1909|(666.8, 152.6)
466.2081|(649.6, 148.1)
466.2415|(654.5, 135.7)
466.2585|(667.1, 129.7)
466.2748|(680.1, 154.3)
466.2917|(673.9, 151.3)
466.3078|(672.1, 148.5)
466.3247|(678.0, 155.2)
466.3416|(663.4, 141.0)
466.3588|(645.5, 126.0)
466.409|(628.0, 110.6)
466.4261|(640.9, 139.6)
466.4424|(646.1, 145.7)
466.4587|(660.5, 152.7)
466.475|(663.0, 156.6)
466.4919|(656.2, 150.4)
466.5094|(659.2, 145.1)
466.5425|(672.3, 170.5)
466.559|(676.4, 172.2)
466.5762|(678.8, 172.6)
466.5921|(691.7, 175.3)
466.6089|(655.9, 151.9)
466.6259|(667.9, 148.3)
466.6423|(681.9, 180.9)
466.6593|(677.7, 171.0)
466.6926|(689.9, 170.7)
466.7093|(705.2, 149.4)
466.7431|(702.4, 126.7)
466.7592|(668.1, 141.6)
466.7757|(649.6, 134.9)
466.7921|(660.8, 139.5)
466.8096|(639.6, 144.0)
466.8425|(637.1, 140.5)
466.8599|(643.2, 160.0)
466.8766|(631.3, 194.0)
466.8925|(634.7, 175.6)
466.9092|(635.4, 169.8)
466.9264|(631.1, 150.8)
466.9433|(627.0, 134.3)
466.9599|(625.6, 133.2)
466.9932|(620.3, 100.9)
467.0097|(643.3, 132.6)
467.0429|(678.2, 128.6)
467.0591|(666.6, 99.1)
467.0766|(659.9, 94.1)
467.0929|(668.0, 106.0)
467.1096|(663.9, 102.8)
467.1432|(665.3, 112.5)
467.1608|(674.8, 114.6)
467.1766|(697.4, 122.9)
467.1938|(702.5, 122.4)
467.21|(698.1, 116.2)
467.2267|(702.1, 117.3)
467.2426|(693.9, 109.2)
467.2603|(700.0, 111.2)
467.2938|(713.1, 110.8)
467.3102|(719.5, 89.5)
467.3272|(740.7, 100.6)
467.3438|(750.8, 98.9)
467.3607|(742.9, 83.9)
467.3769|(745.9, 88.3)
467.3936|(748.5, 97.5)
467.4105|(748.3, 97.3)
467.4439|(731.6, 87.4)
467.4601|(727.2, 83.0)
467.4769|(732.9, 86.5)
467.4935|(728.3, 77.0)
467.5099|(745.2, 83.2)
467.5275|(744.3, 76.2)
467.5435|(745.9, 72.3)
467.5608|(751.2, 79.8)
467.5945|(822.0, 82.0)
467.6271|(824.8, 106.7)
467.6446|(825.9, 121.1)
467.6609|(809.7, 113.9)
467.677|(824.3, 124.9)
467.6948|(818.1, 120.6)
467.7109|(814.5, 119.1)
467.7605|(779.3, 80.5)
467.7773|(770.2, 69.9)
467.7937|(771.8, 69.1)
467.8109|(764.6, 71.6)
467.8443|(757.0, 65.8)
467.8608|(760.4, 65.5)
467.8945|(798.7, 71.9)
467.9111|(851.5, 81.1)
467.9443|(844.1, 88.1)
467.961|(903.4, 107.3)
467.9775|(904.4, 108.5)
467.995|(886.3, 103.7)
468.0109|(806.1, 82.8)
468.0446|(896.1, 82.7)
468.0616|(879.4, 80.8)
468.078|(885.3, 82.0)
468.0946|(854.5, 76.1)
468.1113|(886.3, 123.6)
468.1285|(793.0, 83.1)
468.1451|(823.5, 96.1)
468.162|(782.0, 73.4)
468.1956|(917.9, 110.5)
468.2112|(880.9, 97.1)
468.2281|(904.3, 104.7)
468.2448|(862.4, 106.4)
468.2622|(906.5, 116.0)
468.2788|(858.3, 115.7)
468.2956|(834.8, 112.5)
468.3118|(864.9, 114.5)
468.3619|(814.8, 114.1)
468.3788|(736.5, 112.6)
468.4122|(748.7, 111.0)
468.4283|(781.0, 110.6)
468.4458|(898.5, 116.5)
468.4624|(769.2, 114.5)
468.4961|(832.4, 124.2)
468.5123|(802.5, 132.4)
468.5284|(761.5, 118.7)
468.5454|(744.4, 113.7)
468.5791|(728.0, 105.5)
468.5957|(775.5, 127.4)
468.6122|(758.1, 121.6)
468.6626|(704.6, 101.5)
468.6788|(714.2, 104.3)
468.712|(683.4, 102.6)
468.7294|(755.4, 110.3)
468.7459|(738.3, 103.5)
468.7628|(727.5, 102.1)
468.7793|(695.6, 90.1)
468.7962|(710.4, 88.2)
468.8292|(694.4, 88.0)
468.8453|(747.0, 99.6)
468.8795|(758.3, 102.8)
468.8967|(796.7, 127.8)
468.9301|(794.1, 114.1)
468.9464|(850.1, 134.5)
468.9625|(876.3, 144.3)
468.9792|(890.4, 145.2)
468.9962|(905.2, 146.4)
469.0129|(884.1, 133.5)
469.0298|(900.2, 135.7)
469.0462|(896.4, 131.3)
469.0629|(885.2, 114.0)
469.0969|(918.4, 95.9)
469.114|(929.4, 116.1)
469.1296|(918.8, 112.6)
469.1463|(912.6, 108.6)
469.1632|(918.0, 109.9)
469.1799|(929.1, 115.7)
469.1971|(933.6, 114.4)
469.2301|(955.4, 108.9)
469.2475|(962.7, 122.4)
469.2632|(958.0, 121.5)
469.2794|(928.8, 137.9)
469.2971|(913.7, 141.0)
469.3129|(930.4, 138.3)
469.3306|(945.8, 145.4)
469.3476|(964.4, 130.9)
469.3635|(974.0, 126.9)
469.3806|(994.5, 134.9)
469.3969|(987.9, 130.0)
469.4299|(991.8, 126.6)
469.4465|(993.3, 123.7)
469.4804|(971.2, 76.4)
469.4977|(978.8, 92.3)
469.5305|(973.5, 72.7)
469.5638|(980.1, 72.2)
469.5803|(995.5, 112.2)
469.6144|(992.4, 75.4)
469.6308|(993.6, 90.2)
469.6638|(997.4, 87.7)
469.697|(1004.7, 98.0)
469.7477|(1007.1, 117.8)
469.7802|(969.3, 80.7)
469.831|(979.2, 54.4)
469.881|(982.5, 55.7)
469.8975|(983.7, 58.5)
469.9312|(987.4, 84.2)
469.9811|(988.4, 78.9)
470.0141|(1029.9, 101.5)
470.0655|(1026.8, 96.1)
470.0988|(992.8, 100.5)
470.1481|(920.2, 75.6)
470.1985|(894.7, 78.6)
470.2322|(859.0, 96.4)
470.2487|(846.4, 103.1)
470.2654|(866.9, 108.5)
470.2815|(872.8, 113.9)
470.298|(884.1, 121.1)
470.3151|(891.4, 122.6)
470.3318|(882.1, 125.5)
470.3481|(883.4, 139.9)
470.3659|(871.9, 137.0)
470.3821|(876.0, 139.5)
470.4154|(863.6, 134.0)
470.4479|(829.3, 117.0)
470.465|(850.5, 97.2)
470.4982|(850.4, 94.8)
470.516|(852.1, 92.2)
470.5496|(861.1, 75.4)
470.5983|(872.3, 77.5)
470.6322|(866.2, 72.6)
470.6486|(874.8, 77.5)
470.6822|(867.9, 115.0)
470.6997|(872.5, 121.6)
470.7321|(851.2, 127.1)
470.7487|(834.5, 141.4)
470.7821|(841.8, 132.3)
470.799|(820.6, 153.3)
470.8161|(802.0, 150.7)
470.8332|(797.3, 154.2)
470.8488|(797.0, 133.0)
470.8825|(807.1, 153.4)
470.9159|(820.7, 149.6)
470.9321|(820.7, 149.1)
470.9662|(741.8, 170.0)
470.9988|(701.4, 192.6)
471.0493|(712.0, 166.8)
471.0664|(704.2, 177.3)
471.0996|(738.7, 158.6)
471.1167|(761.0, 143.2)
471.1338|(748.1, 145.2)
471.1488|(727.0, 158.9)
471.1825|(686.2, 169.3)
471.1997|(682.3, 188.6)
471.216|(669.8, 193.6)
471.233|(635.9, 180.0)
471.2498|(663.5, 211.8)
471.2833|(659.9, 211.0)
471.3332|(636.6, 191.3)
471.3667|(709.9, 178.0)
471.3828|(702.5, 190.7)
471.417|(717.6, 163.9)
471.4343|(699.8, 194.0)
471.4507|(708.2, 184.0)
471.4999|(725.6, 157.9)
471.5164|(703.9, 190.5)
471.5511|(771.9, 172.9)
471.5677|(798.1, 197.5)
471.5845|(784.8, 176.4)
471.6|(782.1, 169.9)
471.6337|(818.9, 164.1)
471.6668|(861.6, 112.9)
471.7184|(870.0, 101.0)
471.7508|(864.2, 101.3)
471.7671|(831.6, 105.7)
471.8008|(816.5, 106.6)
471.8174|(802.7, 106.5)
471.8347|(806.4, 106.5)
471.852|(810.5, 109.2)
471.8681|(808.3, 120.6)
471.8846|(813.1, 221.3)
471.9008|(819.1, 202.5)
471.9175|(815.0, 193.4)
471.9678|(811.5, 172.6)
471.9846|(809.5, 184.9)
472.0015|(809.0, 181.7)
472.018|(810.6, 198.6)
472.0348|(817.4, 135.2)
472.0512|(809.8, 148.4)
472.0677|(813.7, 184.7)
472.1015|(806.5, 171.7)
472.1177|(809.6, 187.1)
472.1349|(808.6, 190.0)
472.1514|(810.0, 193.0)
472.1846|(807.4, 175.8)
472.2182|(805.8, 165.9)
472.2352|(810.4, 177.3)
472.2515|(785.7, 129.4)
472.268|(761.1, 159.6)
472.285|(772.6, 170.7)
472.3016|(768.6, 160.1)
472.3184|(773.2, 155.4)
472.3351|(789.7, 168.0)
472.3524|(784.5, 157.8)
472.3685|(799.1, 169.9)
472.4182|(798.3, 171.9)
472.4354|(780.4, 178.7)
472.4516|(747.2, 195.0)
472.4855|(737.5, 169.8)
472.5026|(750.2, 195.5)
472.535|(753.6, 196.9)
472.5516|(756.7, 200.2)
472.5854|(741.3, 196.5)
472.6187|(781.2, 143.6)
472.6361|(775.3, 172.9)
472.6517|(772.8, 153.1)
472.6856|(779.5, 178.8)
472.703|(781.2, 161.6)
472.7199|(794.0, 169.9)
472.7526|(779.3, 145.1)
472.7855|(738.0, 123.6)
472.8025|(717.6, 111.3)
472.8354|(704.2, 81.9)
472.8524|(729.7, 97.0)
472.8861|(758.0, 57.9)
472.9029|(835.7, 60.3)
472.9358|(827.8, 82.6)
472.986|(849.5, 122.4)
473.0195|(892.7, 91.8)
473.0369|(894.5, 88.8)
473.07|(876.1, 97.2)
473.1701|(826.8, 127.2)
473.2038|(958.3, 140.2)
473.2195|(941.3, 186.4)
473.2529|(948.2, 157.6)
473.3034|(912.7, 221.8)
473.3367|(917.8, 225.5)
473.3864|(919.3, 224.4)
473.4368|(924.5, 152.9)
473.4873|(951.4, 117.6)
473.5201|(910.9, 104.4)
473.6046|(768.3, 58.5)
473.6209|(814.2, 74.1)
473.6543|(832.9, 61.4)
473.671|(867.2, 93.0)
473.6875|(871.7, 73.0)
473.721|(875.7, 80.7)
473.7543|(882.2, 80.0)
473.7881|(838.2, 45.9)
473.8041|(838.1, 45.9)
473.8212|(807.6, 46.2)
473.8376|(819.8, 58.6)
473.8879|(823.2, 77.3)
473.9041|(839.7, 137.8)
473.9212|(849.8, 153.2)
473.9382|(869.7, 130.7)
473.9544|(853.7, 162.8)
473.9712|(869.6, 91.9)
473.9878|(862.9, 117.8)
474.0049|(802.0, 121.2)
474.0551|(752.6, 134.2)
474.071|(790.6, 154.9)
474.1048|(801.1, 176.1)
474.1209|(892.7, 167.8)
474.1552|(888.9, 174.1)
474.1711|(893.2, 169.5)
474.1882|(879.5, 176.7)
474.2216|(892.3, 165.4)
474.2388|(881.1, 163.8)
474.2549|(899.5, 170.9)
474.2715|(917.2, 178.4)
474.2881|(904.8, 173.5)
474.3047|(899.1, 172.3)
474.3385|(893.7, 171.5)
474.3548|(887.8, 173.4)
474.3725|(874.5, 169.6)
474.3883|(869.9, 150.3)
474.4055|(873.2, 156.4)
474.4215|(855.4, 149.6)
474.4386|(858.6, 153.3)
474.455|(862.0, 153.1)
474.5063|(899.8, 177.1)
474.5222|(903.4, 174.5)
474.5561|(901.9, 182.2)
474.5719|(898.0, 183.6)
474.6051|(897.9, 190.8)
474.6558|(894.0, 197.5)
474.6725|(891.0, 195.3)
474.7064|(888.7, 195.0)
474.7233|(888.5, 187.0)
474.7562|(886.5, 186.1)
474.7895|(883.6, 197.7)
474.8067|(880.5, 197.3)
474.8392|(877.9, 190.0)
474.8558|(876.3, 192.9)
474.8889|(821.7, 160.4)
474.9395|(746.5, 198.9)
474.957|(747.5, 211.2)
474.973|(742.1, 221.6)
474.9901|(726.2, 222.7)
475.0066|(724.1, 234.4)
475.0227|(717.7, 237.9)
475.056|(712.0, 231.2)
475.0897|(704.0, 238.6)
475.1071|(701.9, 244.0)
475.1233|(706.1, 246.5)
475.1402|(708.7, 242.1)
475.1568|(709.6, 240.4)
475.1731|(709.7, 239.8)
475.1896|(709.5, 239.9)
475.2064|(684.3, 187.5)
475.2401|(679.5, 183.1)
475.2565|(678.6, 179.9)
475.2899|(692.4, 194.1)
475.3064|(700.2, 211.8)
475.3401|(718.5, 145.8)
475.39|(716.4, 169.0)
475.4069|(706.2, 181.4)
475.424|(700.7, 182.5)
475.44|(682.3, 182.1)
475.4571|(682.8, 181.9)
475.4734|(680.2, 183.2)
475.4898|(680.5, 183.8)
475.507|(676.9, 181.4)
475.5572|(678.2, 205.7)
475.5746|(688.0, 197.3)
475.5907|(687.7, 205.2)
475.608|(696.9, 191.5)
475.6239|(700.7, 173.9)
475.6402|(700.9, 171.8)
475.6566|(696.6, 182.6)
475.6912|(695.7, 202.4)
475.7076|(697.6, 192.3)
475.7245|(698.1, 154.1)
475.7404|(698.6, 170.0)
475.7576|(705.2, 157.2)
475.7738|(711.1, 158.3)
475.7903|(713.7, 153.2)
475.8074|(707.4, 153.5)
475.8412|(719.0, 142.4)
475.858|(686.3, 161.8)
475.8743|(686.3, 152.9)
475.8907|(672.0, 163.6)
475.9077|(641.8, 180.3)
475.9406|(673.5, 171.4)
475.958|(680.8, 169.6)
475.9911|(702.0, 153.6)
476.0084|(701.1, 159.8)
476.0245|(724.0, 158.7)
476.0414|(714.5, 170.6)
476.0574|(699.7, 171.1)
476.0742|(697.2, 178.2)
476.0909|(696.3, 184.9)
476.1078|(700.6, 184.4)
476.1417|(698.5, 210.8)
476.1587|(701.4, 209.2)
476.1753|(706.1, 181.2)
476.1913|(700.8, 198.7)
476.2246|(704.1, 201.5)
476.2412|(703.4, 203.6)
476.2585|(704.3, 218.0)
476.275|(700.0, 204.9)
476.2917|(691.3, 220.2)
476.3085|(683.2, 234.2)
476.3248|(690.1, 231.4)
476.3411|(710.4, 223.8)
476.3581|(725.0, 233.7)
476.3748|(724.6, 240.6)
476.3917|(738.3, 245.4)
476.4088|(750.8, 253.2)
476.4419|(774.7, 269.4)
476.459|(780.0, 262.1)
476.4757|(780.4, 267.9)
476.4919|(775.4, 268.4)
476.5085|(777.5, 261.3)
476.5248|(784.0, 255.0)
476.542|(789.7, 261.3)
476.5586|(791.5, 260.7)
476.5924|(790.5, 268.1)
476.6092|(792.8, 275.9)
476.6256|(791.0, 276.9)
476.6421|(791.3, 277.5)
476.659|(786.0, 281.5)
476.6756|(783.1, 283.1)
476.692|(780.3, 285.1)
476.7429|(795.2, 287.6)
476.7763|(808.9, 272.3)
476.7928|(817.0, 284.2)
476.8093|(829.2, 318.0)
476.8259|(837.8, 330.1)
476.8422|(866.5, 379.5)
476.8594|(888.1, 429.9)
476.893|(888.7, 367.8)
476.9105|(887.6, 301.3)
476.9261|(920.9, 423.3)
476.9423|(962.5, 344.7)
476.9596|(882.2, 259.4)
476.9761|(880.1, 254.8)
477.0096|(792.2, 281.3)
477.0435|(879.1, 320.6)
477.0762|(907.7, 306.6)
477.0926|(978.9, 350.9)
477.1261|(897.9, 242.8)
477.1426|(943.0, 263.2)
477.177|(898.9, 243.7)
477.2102|(878.1, 241.2)
477.2263|(868.1, 249.2)
477.2598|(870.8, 258.9)
477.2763|(867.1, 247.3)
477.3101|(868.0, 239.6)
477.3598|(866.4, 216.1)
477.4106|(868.8, 223.8)
477.4603|(874.6, 276.1)
477.4773|(872.7, 284.6)
477.4943|(878.1, 270.5)
477.5434|(887.5, 239.1)
477.5938|(880.1, 229.3)
477.6276|(893.7, 251.6)
477.7939|(1325.9, 413.1)
477.9776|(531.9, 898.7)
477.994|(765.1, 750.2)
478.0449|(769.0, 765.5)
478.0782|(763.6, 777.1)
478.0947|(760.5, 779.2)
478.1112|(715.5, 748.3)
478.1275|(736.3, 734.8)
478.1444|(789.7, 685.7)
478.1616|(779.2, 712.4)
478.1787|(796.6, 700.4)
478.1956|(796.4, 747.3)
478.2118|(782.3, 765.8)
478.229|(783.1, 841.0)
478.2452|(777.5, 872.3)
478.2613|(767.7, 877.6)
478.2778|(762.5, 930.0)
478.2947|(764.1, 962.7)
478.3112|(715.4, 977.7)
478.3289|(735.5, 961.4)
478.3453|(725.2, 972.4)
478.3626|(726.2, 955.3)
478.395|(735.5, 926.0)
478.4118|(737.1, 914.4)
478.4281|(693.3, 849.4)
478.4448|(704.0, 837.8)
478.4617|(679.8, 811.7)
478.4962|(692.1, 755.8)
478.5289|(692.6, 734.4)
478.5453|(682.9, 750.1)
478.5785|(652.3, 804.4)
478.6291|(521.7, 1147.6)
478.6466|(530.0, 1124.3)
478.6783|(692.8, 848.6)
478.6956|(721.1, 825.3)
478.7286|(702.1, 799.6)
478.7457|(682.7, 780.0)
478.7621|(688.0, 780.0)
478.7796|(683.5, 778.0)
478.7964|(715.9, 889.3)
478.8296|(733.3, 889.9)
478.8459|(735.2, 878.1)
478.8621|(745.5, 844.4)
478.8955|(764.1, 859.6)
478.9135|(691.7, 837.6)
478.9295|(689.5, 817.9)
478.9471|(686.8, 817.2)
478.9795|(715.3, 860.4)
478.9957|(761.9, 874.8)
479.0125|(727.1, 850.9)
479.0462|(741.4, 862.4)
479.0977|(749.3, 851.2)
479.1297|(763.6, 806.5)
479.1797|(621.3, 763.0)
479.1963|(613.3, 765.0)
479.2129|(588.7, 756.2)
479.23|(677.1, 833.5)
479.2477|(719.3, 950.0)
479.2799|(704.2, 1000.8)
479.2962|(700.5, 1015.9)
479.3134|(694.9, 1038.5)
479.3301|(682.4, 1050.3)
479.3465|(679.9, 1048.4)
479.3635|(686.1, 1027.6)
479.3808|(691.6, 1020.2)
479.3976|(695.5, 1020.4)
479.4298|(697.1, 1019.3)
479.4469|(698.5, 1030.7)
479.4633|(702.7, 1009.8)
479.4799|(700.7, 1009.2)
479.4969|(697.0, 1010.3)
479.514|(697.3, 1012.3)
479.5306|(692.4, 1027.5)
479.5486|(686.2, 1031.0)
479.5811|(682.0, 1041.6)
479.5966|(681.8, 1041.3)
479.6139|(678.5, 1039.4)
479.6304|(674.5, 1031.1)
479.6468|(680.2, 1016.5)
479.6637|(684.5, 1005.9)
479.6811|(683.7, 1001.5)
479.698|(695.8, 959.1)
479.7306|(706.4, 963.3)
479.7472|(709.8, 968.9)
479.7638|(718.9, 970.9)
479.7807|(717.9, 972.7)
479.7971|(715.4, 974.2)
479.8145|(706.9, 985.2)
479.8315|(705.6, 988.5)
479.8483|(703.6, 970.4)
479.8809|(712.9, 935.8)
479.8976|(712.1, 935.5)
479.9141|(711.9, 937.2)
479.9306|(695.6, 969.0)
479.9476|(696.3, 973.6)
479.9644|(698.3, 968.9)
479.9818|(713.9, 945.9)
479.9983|(708.0, 954.2)
480.0311|(715.9, 932.1)
480.0478|(715.1, 937.1)
480.0643|(707.7, 963.2)
480.0815|(686.0, 1001.7)
480.0977|(684.3, 1012.4)
480.1154|(678.7, 1031.1)
480.1317|(677.6, 1032.5)
480.1484|(667.4, 1040.1)
480.1812|(663.8, 1035.4)
480.2147|(656.6, 1035.2)
480.2313|(650.8, 1040.6)
480.2483|(653.9, 1042.8)
480.2651|(656.1, 1049.2)
480.2823|(660.0, 1042.6)
480.2986|(662.7, 1037.2)
480.3324|(664.5, 1024.4)
480.3481|(666.6, 1016.5)
480.365|(663.9, 999.5)
480.382|(662.9, 991.8)
480.3983|(663.1, 983.6)
480.4153|(661.1, 969.9)
480.4322|(661.0, 988.7)
480.4489|(664.8, 989.4)
480.4816|(662.6, 993.0)
480.4982|(660.5, 983.7)
480.5153|(662.4, 952.5)
480.6825|(713.6, 799.9)
480.6991|(698.9, 650.7)
480.7328|(707.1, 717.7)
480.7498|(726.3, 766.6)
480.7824|(736.0, 801.3)
480.7991|(746.0, 854.0)
480.8159|(748.2, 871.2)
480.8327|(750.9, 888.6)
480.8496|(754.1, 925.0)
480.8668|(750.4, 928.3)
480.8836|(753.9, 948.0)
480.899|(753.1, 947.5)
480.9328|(748.7, 952.6)
480.9491|(741.5, 970.6)
480.9657|(742.9, 968.4)
480.9825|(736.9, 974.7)
480.9994|(721.5, 987.0)
481.0171|(714.7, 992.9)
481.0332|(723.4, 987.8)
481.0495|(712.1, 1017.0)
481.0827|(714.5, 1036.2)
481.0992|(715.2, 1035.3)
481.116|(730.4, 1021.7)
481.1332|(721.1, 1034.4)
481.1665|(722.2, 1038.3)
481.2001|(720.6, 1070.7)
481.2329|(727.2, 1061.2)
481.2496|(734.1, 1045.1)
481.2664|(735.4, 1024.9)
481.2832|(736.5, 1023.0)
481.3001|(734.1, 1024.8)
481.3178|(735.5, 1021.6)
481.3333|(715.2, 1015.2)
481.3673|(715.7, 1016.7)
481.3837|(698.8, 1010.3)
481.3998|(683.5, 1009.2)
481.4338|(670.9, 993.8)
481.4505|(679.0, 988.2)
481.467|(681.3, 991.9)
481.4836|(679.1, 1002.1)
481.5|(680.6, 1015.7)
481.5334|(686.0, 993.5)
481.5504|(700.8, 973.1)
481.5668|(698.5, 973.6)
481.5844|(695.3, 973.8)
481.6007|(695.7, 980.1)
481.6177|(687.1, 979.3)
481.6342|(690.5, 972.2)
481.6506|(689.8, 969.1)
481.7008|(685.8, 962.8)
481.867|(618.4, 609.1)
481.9018|(625.2, 1049.5)
481.9174|(633.0, 970.3)
481.9339|(635.0, 954.5)
481.9504|(619.4, 1008.6)
481.984|(625.3, 988.6)
482.0006|(622.7, 989.2)
482.0175|(644.8, 983.6)
482.0508|(655.6, 972.8)
482.0682|(648.3, 992.3)
482.0842|(648.8, 995.7)
482.1011|(655.0, 999.8)
482.1342|(644.9, 1013.9)
482.1516|(608.2, 1135.2)
482.1682|(615.8, 1111.6)
482.1852|(630.0, 1077.7)
482.2018|(647.9, 994.8)
482.2181|(645.1, 1032.1)
482.2346|(638.3, 1007.1)
482.2519|(654.4, 977.7)
482.2844|(650.6, 989.4)
482.3017|(653.6, 980.7)
482.3186|(651.6, 980.3)
482.3355|(648.8, 1000.5)
482.3525|(647.5, 988.7)
482.4188|(649.8, 979.2)
482.4517|(638.5, 987.0)
482.468|(645.7, 980.0)
482.4862|(651.0, 974.0)
482.5024|(667.8, 898.4)
482.5194|(695.7, 853.8)
482.5356|(696.3, 830.2)
482.552|(712.4, 784.7)
482.5856|(720.1, 766.0)
482.6018|(725.6, 752.9)
482.6192|(724.6, 733.9)
482.636|(724.5, 741.3)
482.6532|(723.6, 730.3)
482.6692|(711.2, 741.1)
482.686|(712.4, 745.6)
482.7021|(718.6, 787.3)
482.7358|(708.1, 790.5)
482.7521|(705.9, 795.1)
482.7693|(713.7, 801.9)
482.7868|(746.8, 789.7)
482.8192|(771.5, 772.3)
482.8358|(789.9, 762.5)
482.8859|(781.6, 774.2)
482.9024|(787.4, 773.9)
482.9201|(782.7, 777.6)
482.9368|(779.7, 788.9)
482.9527|(771.9, 802.7)
482.9693|(769.7, 805.0)
483.0027|(753.4, 826.5)
483.0531|(751.0, 838.8)
483.0703|(753.3, 848.4)
483.0866|(753.6, 869.8)
483.1036|(751.7, 873.6)
483.1197|(750.5, 874.6)
483.1363|(749.9, 872.6)
483.1528|(748.6, 867.1)
483.1868|(744.7, 871.3)
483.2029|(748.9, 878.9)
483.2211|(761.1, 872.7)
483.237|(761.5, 872.5)
483.2529|(769.0, 862.9)
483.27|(766.2, 871.0)
483.2865|(771.6, 880.1)
483.3366|(822.6, 898.9)
483.3532|(817.1, 903.8)
483.3705|(806.9, 903.4)
483.4031|(805.3, 906.8)
483.4201|(807.0, 901.0)
483.4366|(811.4, 896.8)
483.454|(819.9, 885.0)
483.487|(826.8, 876.2)
483.5034|(830.8, 875.2)
483.5204|(827.8, 863.9)
483.5379|(822.4, 841.9)
483.5538|(820.9, 822.4)
483.5706|(820.2, 827.2)
483.5872|(828.2, 816.8)
483.6034|(829.5, 813.0)
483.6711|(840.2, 797.9)
483.6883|(843.9, 797.4)
483.7209|(865.3, 802.9)
483.7371|(863.8, 802.8)
483.7538|(866.2, 799.1)
483.7873|(857.3, 807.0)
483.8045|(859.1, 807.5)
483.8219|(845.5, 810.0)
483.8545|(842.0, 811.5)
483.8708|(844.5, 805.8)
483.9043|(841.3, 838.2)
483.9373|(804.1, 906.7)
483.9554|(811.6, 905.2)
483.9716|(805.7, 917.2)
483.9881|(806.3, 912.0)
484.0046|(811.1, 934.2)
484.0378|(812.7, 936.6)
484.0544|(798.3, 967.7)
484.0879|(799.6, 968.0)
484.1046|(801.9, 961.4)
484.1219|(799.5, 937.1)
484.1382|(798.2, 935.5)
484.1712|(798.0, 934.9)
484.1876|(799.8, 937.9)
484.205|(805.0, 952.6)
484.2387|(805.4, 951.9)
484.2555|(796.9, 970.6)
484.2725|(810.0, 959.2)
484.2891|(822.3, 975.9)
484.3052|(838.0, 981.8)
484.3216|(855.5, 989.0)
484.3547|(1257.3, 1145.6)
484.5562|(1452.5, 1192.7)
484.5724|(1454.4, 1177.9)
484.5887|(1406.9, 1196.0)
484.6217|(1040.5, 1087.9)
484.6384|(1006.0, 1078.1)
484.6558|(922.5, 1107.3)
484.6896|(869.1, 1081.7)
484.7059|(863.6, 1126.3)
484.7223|(865.6, 1110.4)
484.7556|(865.9, 1063.0)
484.7719|(848.1, 1092.6)
484.7888|(851.9, 1119.5)
484.8057|(846.8, 1105.7)
484.839|(847.0, 1108.9)
484.8566|(839.8, 1101.3)
484.8889|(802.0, 1064.5)
484.9055|(768.5, 1042.5)
484.9391|(772.6, 1043.2)
484.9561|(753.7, 1007.9)
484.9898|(758.6, 985.2)
485.0224|(749.9, 986.7)
485.0393|(740.8, 1004.9)
485.0558|(742.1, 1010.0)
485.0724|(723.3, 1044.9)
485.0894|(724.0, 1040.0)
485.106|(737.1, 1038.8)
485.1401|(754.8, 1029.2)
485.1569|(761.6, 1008.7)
487.4606|(858.0, 1148.6)
487.5103|(878.7, 1003.7)
490.5661|(1291.4, 1003.4)
494.8224|(525.0, 736.3)
494.8389|(605.5, 862.7)
494.8559|(553.2, 892.5)
494.8899|(587.2, 912.8)
494.9065|(631.5, 946.7)
494.9395|(758.2, 1045.1)
494.9565|(705.7, 1027.7)
494.9724|(705.4, 1006.8)
494.989|(715.9, 993.5)
495.0399|(714.4, 967.9)
495.0564|(723.9, 969.4)
495.0734|(769.8, 983.4)
495.1061|(765.5, 991.1)
495.1226|(746.0, 990.1)
495.1567|(723.4, 1010.2)
495.1901|(719.0, 1025.5)
495.2065|(720.5, 1038.1)
495.2568|(718.9, 1138.1)
495.3066|(718.9, 1149.8)
495.3898|(674.3, 1148.1)
495.4908|(687.0, 1176.6)
495.5237|(715.4, 1189.4)
495.5736|(729.8, 1173.4)
495.6079|(728.7, 1113.3)
495.6412|(717.1, 1117.6)
495.6571|(691.1, 1117.5)
495.6911|(703.4, 1123.0)
495.7068|(702.2, 1101.1)
495.7404|(697.4, 1087.0)
495.7575|(701.2, 1092.6)
495.7916|(706.5, 1100.8)
495.8075|(680.4, 1050.9)
495.8242|(685.4, 1056.5)
495.8416|(680.0, 1040.9)
495.8571|(735.0, 997.8)
495.8743|(754.3, 962.9)
495.8909|(757.6, 948.6)
495.9075|(760.2, 987.4)
495.9417|(768.8, 959.5)
495.9583|(767.8, 962.0)
495.9746|(772.0, 936.9)
495.9913|(771.9, 917.9)
496.0082|(779.1, 914.1)
496.0244|(773.7, 920.7)
496.0412|(774.5, 942.7)
496.0577|(782.7, 986.7)
496.0748|(783.0, 1015.4)
496.0924|(772.2, 1019.1)
496.1084|(764.6, 976.7)
496.1248|(766.9, 979.0)
496.1412|(762.3, 971.8)
496.1578|(751.9, 955.0)
496.1748|(717.5, 960.9)
496.1912|(565.0, 1021.8)
496.2086|(540.7, 1027.2)
496.2583|(487.2, 1048.5)
496.9099|(770.4, 771.5)
496.9261|(782.6, 968.4)
496.9427|(709.7, 960.0)
496.96|(664.5, 959.4)
496.9771|(686.7, 963.4)
496.9927|(709.1, 968.7)
497.0091|(711.8, 974.8)
497.0423|(729.8, 960.6)
497.0594|(725.3, 956.6)
497.0764|(688.4, 933.2)
497.093|(668.2, 922.9)
497.1098|(668.8, 926.4)
497.1269|(657.0, 926.1)
497.1431|(669.6, 933.1)
497.1596|(660.4, 938.1)
497.1761|(667.2, 966.0)
497.1926|(669.0, 942.1)
497.2102|(651.2, 967.9)
497.2261|(643.4, 957.2)
497.2432|(654.2, 948.5)
497.2598|(629.5, 964.0)
497.2774|(607.0, 972.4)
497.294|(611.3, 964.9)
497.3101|(637.5, 936.8)
497.327|(643.0, 922.9)
497.3437|(643.1, 920.8)
497.3601|(612.7, 938.1)
497.3769|(618.4, 933.8)
497.3937|(615.9, 935.5)
497.4272|(631.3, 928.8)
497.4439|(637.2, 926.1)
497.4601|(637.2, 929.3)
497.4769|(640.5, 928.4)
497.4935|(640.1, 922.6)
497.5104|(636.2, 917.0)
497.5268|(625.0, 906.7)
497.5438|(629.9, 865.3)
497.5605|(633.5, 844.4)
497.5774|(636.7, 837.0)
497.594|(647.4, 797.8)
497.6108|(656.2, 765.5)
497.627|(676.5, 722.9)
497.6442|(677.1, 718.8)
497.6607|(678.9, 717.0)
497.677|(680.5, 715.2)
497.6943|(687.6, 713.3)
497.7112|(699.6, 709.1)
497.7282|(704.0, 708.0)
497.7448|(709.0, 704.9)
497.7606|(711.7, 710.5)
497.7941|(712.8, 709.9)
497.8106|(717.1, 705.5)
497.8275|(718.4, 710.1)
497.8448|(728.2, 711.9)
497.8611|(737.6, 715.1)
497.8784|(747.4, 719.4)
497.8946|(756.5, 723.4)
497.9109|(750.6, 728.2)
497.9273|(739.8, 734.2)
497.9445|(748.6, 753.5)
497.9609|(749.4, 755.7)
497.9782|(749.8, 748.4)
497.9952|(753.8, 742.7)
498.0114|(755.1, 752.2)
498.0284|(761.0, 786.6)
498.0448|(765.4, 809.3)
498.061|(782.7, 800.7)
498.0777|(773.1, 827.2)
498.0945|(776.7, 827.7)
498.1114|(778.0, 824.8)
498.1284|(774.8, 822.0)
498.1457|(750.2, 834.3)
498.1949|(735.7, 835.2)
498.2112|(736.4, 833.0)
498.228|(726.6, 826.3)
498.2446|(713.6, 812.1)
498.2617|(681.1, 797.8)
498.2959|(670.0, 771.7)
498.3287|(655.0, 776.2)
498.3447|(655.2, 767.9)
498.3618|(663.9, 820.5)
498.3778|(651.6, 814.5)
498.3949|(671.4, 783.3)
498.4124|(702.6, 783.5)
498.4291|(700.3, 759.6)
498.446|(684.8, 778.9)
498.4622|(679.7, 785.2)
498.4787|(704.0, 783.3)
498.4953|(704.8, 789.2)
498.5116|(695.0, 789.3)
498.5282|(718.4, 759.0)
498.5617|(720.0, 753.8)
498.579|(708.1, 773.7)
498.5962|(711.6, 759.8)
498.6458|(742.9, 680.9)
498.6618|(725.6, 674.1)
498.6791|(727.9, 658.9)
498.6958|(725.1, 646.1)
498.7121|(716.0, 653.6)
498.7293|(731.9, 652.4)
498.7468|(731.4, 656.7)
498.7628|(722.7, 659.9)
498.7789|(705.3, 688.8)
498.7955|(703.5, 688.7)
498.8122|(714.6, 676.0)
498.829|(715.9, 676.9)
498.8455|(729.7, 672.9)
498.863|(760.4, 754.6)
498.8796|(766.5, 777.1)
498.897|(766.5, 767.4)
498.9127|(783.1, 773.0)
498.9297|(784.4, 767.3)
498.9465|(783.3, 754.4)
498.9628|(782.0, 725.5)
498.9796|(781.9, 716.2)
498.9962|(781.7, 715.0)
499.0124|(782.0, 714.3)
499.0299|(781.1, 718.4)
499.0466|(780.9, 713.3)
499.0636|(781.3, 711.1)
499.0803|(781.4, 711.0)
499.0966|(781.5, 717.1)
499.1132|(785.0, 697.4)
499.1298|(778.6, 685.4)
499.1461|(781.2, 685.9)
499.1633|(799.4, 682.0)
499.1799|(799.0, 684.4)
499.1972|(805.0, 696.1)
499.2137|(807.5, 694.1)
499.2301|(824.3, 701.4)
499.2463|(829.9, 735.9)
499.2627|(826.6, 749.1)
499.2796|(824.7, 756.9)
499.2963|(823.7, 757.6)
499.3137|(820.1, 749.6)
499.3308|(821.8, 752.7)
499.3476|(823.1, 758.0)
499.38|(825.9, 756.8)
499.3964|(827.1, 755.6)
499.4131|(837.1, 740.5)
499.4299|(839.4, 733.4)
499.4472|(836.3, 739.0)
499.4635|(835.6, 746.5)
499.4808|(834.6, 749.4)
499.4973|(833.2, 756.6)
499.53|(833.0, 765.4)
499.5468|(837.4, 772.5)
499.5632|(835.1, 774.5)
499.5801|(836.5, 784.1)
499.5967|(831.9, 784.3)
499.614|(814.3, 792.0)
499.6311|(845.8, 767.5)
499.647|(836.1, 772.1)
499.6804|(841.9, 760.1)
499.6968|(838.4, 742.2)
499.7135|(828.5, 727.6)
499.7303|(819.1, 711.2)
499.7472|(812.4, 702.6)
499.7643|(802.8, 685.5)
499.7804|(802.8, 689.1)
499.7967|(787.9, 685.4)
500.0143|(919.6, 488.6)
500.0306|(889.2, 529.5)
500.0648|(873.7, 519.3)
500.0814|(877.7, 535.9)
500.0978|(879.1, 542.6)
500.1309|(877.4, 544.6)
500.148|(875.9, 564.4)
500.1645|(876.6, 578.9)
500.1809|(876.5, 576.2)
500.1985|(867.8, 582.0)
500.2151|(863.0, 577.4)
500.2318|(835.3, 563.5)
500.2476|(752.2, 496.8)
500.2816|(760.4, 506.5)
500.2988|(739.4, 472.6)
500.3144|(739.0, 465.5)
500.3328|(744.9, 460.4)
500.3488|(748.4, 465.8)
500.3654|(745.2, 465.5)
500.3824|(744.7, 468.4)
500.399|(747.5, 476.0)
500.4159|(747.2, 473.2)
500.4318|(745.4, 481.5)
500.4485|(743.7, 484.6)
500.4652|(740.7, 483.4)
500.4818|(741.7, 483.0)
500.4986|(743.8, 483.6)
500.5161|(745.9, 486.0)
500.5325|(748.6, 490.6)
500.5491|(751.3, 504.1)
500.582|(747.4, 491.5)
500.5985|(760.8, 495.6)
500.6154|(760.9, 496.0)
500.632|(748.5, 491.1)
500.6489|(743.9, 478.4)
500.6664|(718.1, 473.4)
500.6994|(723.8, 475.8)
500.7168|(717.0, 471.2)
500.7495|(711.8, 480.8)
500.766|(709.6, 484.8)
500.782|(705.0, 493.0)
500.8|(704.3, 494.2)
500.8161|(704.7, 493.6)
500.8329|(709.9, 488.3)
500.8496|(716.8, 488.0)
500.8829|(715.8, 516.6)
500.8991|(708.9, 538.5)
500.9158|(712.1, 571.5)
500.933|(709.7, 585.9)
500.9497|(710.9, 585.2)
500.9666|(706.8, 618.1)
500.9829|(705.7, 629.5)
501.0328|(705.7, 649.6)
501.0499|(705.8, 649.5)
501.0663|(714.8, 613.0)
501.0997|(702.5, 631.3)
501.1168|(707.6, 642.0)
501.1333|(706.5, 646.6)
501.1493|(706.5, 647.3)
501.1828|(705.2, 650.2)
501.1998|(692.1, 648.2)
501.2164|(694.0, 648.5)
501.2341|(703.4, 646.1)
501.2509|(699.9, 647.1)
501.2668|(703.1, 642.9)
501.3002|(708.1, 615.0)
501.3165|(718.7, 600.4)
501.35|(718.4, 600.1)
501.3666|(718.0, 602.7)
501.3834|(716.0, 660.4)
501.4011|(805.0, 689.6)
501.4169|(843.4, 678.5)
501.4336|(858.5, 696.0)
501.4507|(970.1, 698.8)
501.4833|(1261.4, 690.7)
501.5005|(1556.2, 682.7)
501.5168|(1679.8, 685.1)
501.5345|(1720.3, 642.6)
501.5517|(1727.6, 661.9)
501.5845|(1725.4, 652.4)
501.6011|(1734.1, 628.5)
501.6342|(1714.3, 600.1)
501.651|(1710.0, 594.6)
501.6678|(1711.7, 594.4)
501.6858|(1701.9, 581.9)
501.7018|(1706.7, 589.4)
501.7183|(1695.3, 568.0)
501.7354|(1692.8, 580.6)
501.7519|(1690.1, 566.1)
501.7849|(1688.1, 572.2)
501.8012|(1684.6, 561.9)
501.8179|(1678.8, 574.8)
501.8351|(1681.7, 561.2)
501.8518|(1681.8, 564.7)
501.869|(1680.6, 567.9)
501.8857|(1679.9, 556.3)
501.9186|(1678.2, 560.4)
501.935|(1676.4, 548.0)
501.951|(1677.1, 545.4)
501.9691|(1675.9, 548.3)
501.9848|(1665.2, 539.4)
502.0016|(1660.6, 549.0)
502.0188|(1659.6, 554.1)
502.0354|(1662.8, 542.3)
502.0516|(1665.8, 558.6)
502.0856|(1668.2, 570.7)
502.1024|(1670.4, 570.2)
502.119|(1668.6, 568.3)
502.1353|(1685.3, 573.2)
502.1526|(1679.4, 554.2)
502.1689|(1676.6, 550.6)
502.1849|(1678.6, 541.1)
502.2354|(1670.8, 533.7)
502.2687|(1559.7, 503.2)
502.2861|(1012.5, 338.0)
502.3021|(1018.6, 340.6)
502.3188|(962.4, 321.7)
502.3354|(896.0, 294.8)
502.3515|(848.2, 278.7)
502.3849|(840.9, 274.3)
502.4012|(838.9, 273.9)
502.4186|(837.9, 281.1)
502.4525|(818.6, 247.8)
502.4689|(823.2, 244.4)
502.485|(818.0, 240.5)
502.5016|(814.4, 224.2)
502.5349|(811.8, 200.7)
502.5522|(817.8, 212.4)
502.5685|(824.2, 217.9)
502.5857|(828.6, 224.4)
502.6027|(821.7, 213.4)
502.6183|(829.8, 217.4)
502.6359|(833.6, 218.1)
502.6532|(838.1, 218.6)
502.6867|(831.4, 209.5)
502.7022|(832.9, 213.3)
502.7368|(826.0, 204.3)
502.7695|(819.1, 196.1)
502.786|(822.6, 175.7)
502.8361|(812.5, 181.9)
502.8524|(822.2, 172.1)
502.8697|(842.5, 198.2)
502.9032|(832.8, 207.6)
502.9193|(846.1, 219.7)
502.9356|(846.7, 228.1)
502.9525|(838.0, 217.8)
502.9869|(835.8, 212.8)
503.0028|(829.6, 198.9)
503.0198|(828.9, 192.7)
503.054|(821.1, 182.9)
503.0703|(822.5, 179.8)
503.0877|(824.6, 168.5)
503.1034|(832.2, 148.2)
503.3212|(1716.1, 519.8)
503.3541|(1683.4, 545.1)
503.3704|(1667.8, 565.7)
503.3866|(1667.0, 564.8)
503.404|(1666.0, 565.3)
503.438|(1681.5, 563.4)
503.4544|(1677.6, 558.4)
503.4714|(1680.7, 553.6)
503.4882|(1686.4, 539.7)
503.5041|(1687.8, 538.5)
503.5214|(1699.1, 523.3)
503.5382|(1698.8, 522.0)
503.5541|(1707.3, 518.9)
503.5877|(1701.4, 524.2)
503.6046|(1703.8, 524.3)
503.621|(1697.1, 528.2)
503.6379|(1690.1, 511.6)
503.6542|(1686.2, 501.0)
503.6711|(1685.0, 502.7)
503.6875|(1690.2, 504.2)
503.7036|(1689.8, 507.1)
503.7372|(1688.1, 515.9)
503.7545|(1681.3, 523.3)
503.7716|(1687.0, 521.7)
503.7892|(1687.2, 526.4)
503.8044|(1687.8, 520.2)
503.8208|(1694.0, 512.8)
503.837|(1695.3, 511.6)
503.855|(1693.4, 507.6)
503.8885|(1680.1, 501.9)
503.9045|(1679.9, 510.6)
503.9217|(1689.3, 518.0)
503.9385|(1686.4, 532.2)
503.955|(1693.7, 530.4)
503.9709|(1691.1, 530.7)
503.9875|(1685.4, 530.1)
504.0044|(1686.1, 528.4)
504.0379|(1673.7, 520.7)
504.055|(1664.1, 510.1)
504.0718|(1640.9, 493.8)
504.0886|(1630.1, 514.9)
504.1054|(1627.3, 510.1)
504.1216|(1633.8, 498.6)
504.1378|(1637.8, 487.8)
504.1544|(1644.4, 467.9)
504.1878|(1635.8, 477.0)
504.2056|(1634.3, 482.9)
504.2225|(1613.8, 472.7)
504.239|(1594.3, 462.4)
504.2554|(1596.8, 461.9)
504.2715|(1585.3, 448.7)
504.2881|(1607.3, 485.4)
504.3047|(1647.3, 510.3)
504.3381|(1636.5, 506.7)
504.3556|(1644.7, 501.6)
504.3892|(1648.9, 506.5)
504.4051|(1645.5, 508.4)
504.4217|(1643.4, 509.4)
504.4383|(1643.4, 505.3)
504.4555|(1641.0, 501.5)
504.4889|(1638.1, 508.3)
504.5059|(1638.5, 511.3)
504.5392|(1650.3, 511.0)
504.5718|(1630.7, 511.2)
504.5887|(1631.5, 511.5)
504.6392|(1622.2, 503.9)
504.6561|(1653.4, 505.4)
504.6728|(1652.6, 507.0)
504.7056|(1658.3, 500.7)
504.7219|(1657.2, 495.4)
504.7387|(1656.4, 492.0)
504.7561|(1655.3, 491.6)
504.7893|(1623.3, 492.0)
504.8062|(1615.6, 476.1)
504.823|(1617.6, 485.5)
504.8401|(1616.4, 484.7)
504.8557|(1616.8, 486.1)
504.8721|(1623.9, 492.4)
504.8893|(1628.4, 498.4)
504.9059|(1635.4, 502.5)
504.9399|(1636.1, 505.2)
504.9566|(1635.2, 498.2)
504.974|(1622.4, 494.3)
504.99|(1614.1, 491.9)
505.0065|(1608.5, 489.7)
505.0227|(1608.8, 484.9)
505.0392|(1612.6, 482.8)
505.0566|(1618.6, 483.4)
505.09|(1618.4, 483.2)
505.107|(1618.0, 483.9)
505.1233|(1612.3, 484.5)
505.1396|(1604.6, 481.0)
505.1563|(1604.0, 480.4)
505.1732|(1604.7, 482.2)
505.1894|(1606.4, 483.1)
505.2073|(1605.6, 482.4)
505.2405|(1623.4, 496.1)
505.2572|(1630.1, 492.5)
505.2735|(1636.0, 488.5)
505.2902|(1639.0, 487.0)
505.3064|(1640.6, 486.8)
505.3231|(1650.1, 483.9)
505.3401|(1646.2, 481.8)
505.3567|(1650.1, 484.3)
505.3907|(1643.6, 477.8)
505.4078|(1648.0, 475.6)
505.4242|(1649.5, 475.4)
505.4402|(1654.5, 474.1)
505.4568|(1657.5, 472.5)
505.4735|(1646.4, 478.0)
505.4901|(1645.0, 486.8)
