87.93153|(825.8, 853.9)
87.94305|(827.0, 854.6)
87.9594|(825.6, 867.9)
87.97602|(825.5, 877.3)
87.99292|(827.3, 869.7)
88.00957|(827.7, 858.7)
88.02615|(828.4, 865.3)
88.04309|(827.2, 856.5)
88.07622|(826.2, 849.1)
88.09291|(820.5, 854.3)
88.1096|(817.2, 857.4)
88.12623|(817.9, 851.5)
88.14305|(817.8, 854.1)
88.15992|(818.4, 853.6)
88.1765|(820.0, 854.0)
88.19301|(822.3, 852.4)
88.22633|(820.5, 851.4)
88.24339|(789.1, 846.5)
88.2599|(746.7, 851.5)
88.2767|(734.5, 852.1)
88.29354|(727.7, 852.3)
88.31001|(718.2, 844.9)
88.32661|(714.5, 841.8)
88.34329|(717.2, 845.0)
88.36005|(712.0, 842.8)
88.37668|(708.8, 843.4)
88.39336|(709.0, 842.8)
88.40993|(709.0, 841.5)
88.42656|(709.7, 849.8)
88.44352|(710.5, 876.1)
88.46013|(722.7, 1074.8)
88.47689|(723.3, 1085.3)
88.49355|(723.9, 1092.5)
88.52681|(723.2, 1113.8)
88.54367|(723.7, 1108.5)
88.56057|(723.6, 1109.4)
88.59372|(724.3, 1101.3)
88.6104|(724.4, 1098.2)
88.64382|(726.5, 1095.0)
88.67715|(736.5, 1090.0)
88.69369|(742.6, 1089.9)
88.71061|(793.1, 1113.5)
88.72726|(796.5, 1108.0)
88.74412|(799.2, 1107.1)
88.7772|(799.2, 1106.7)
88.79398|(814.5, 1091.8)
88.81071|(811.3, 1091.2)
88.8273|(816.4, 1089.4)
88.84414|(823.5, 1085.4)
88.8608|(914.8, 1044.1)
88.8775|(1240.4, 888.4)
88.89431|(1563.9, 703.3)
88.91096|(1646.4, 653.6)
88.9276|(1652.6, 648.2)
88.94414|(1656.7, 633.8)
88.97782|(1677.5, 602.6)
88.99429|(1666.2, 600.3)
89.01095|(1660.6, 599.7)
89.02773|(1667.8, 601.7)
89.04458|(1669.7, 601.8)
89.06108|(1670.5, 602.4)
89.07775|(1674.5, 604.3)
89.11118|(1682.3, 605.7)
89.12823|(1680.0, 605.8)
89.14451|(1688.4, 617.0)
89.16117|(1686.3, 618.9)
89.17801|(1683.4, 616.4)
89.1947|(1680.2, 613.5)
89.21154|(1679.6, 600.7)
89.22798|(1679.4, 597.0)
89.24473|(1678.0, 597.4)
89.26157|(1678.1, 600.5)
89.27803|(1687.8, 618.4)
89.29481|(1690.6, 623.9)
89.32816|(1682.7, 624.0)
89.34501|(1690.3, 634.1)
89.36173|(1229.0, 828.5)
89.37835|(1014.6, 904.8)
89.39515|(842.1, 969.0)
89.41159|(775.4, 997.0)
89.42861|(766.6, 1002.5)
89.44503|(754.4, 1010.2)
89.4618|(759.6, 1002.7)
89.47858|(752.4, 1008.9)
89.49523|(750.2, 996.6)
89.51188|(750.9, 993.4)
89.52859|(753.9, 993.3)
89.56187|(731.0, 1030.1)
89.57871|(735.8, 1022.9)
89.59552|(723.4, 1043.5)
89.61197|(723.3, 1042.7)
89.6288|(714.5, 1052.6)
89.64564|(701.4, 1071.6)
89.6621|(704.1, 1069.0)
89.67872|(705.0, 1070.1)
89.69554|(702.1, 1072.9)
89.71217|(704.2, 1073.8)
89.72885|(706.5, 1074.1)
89.74558|(704.7, 1075.8)
89.76254|(704.7, 1075.3)
89.7791|(699.5, 1060.2)
89.79578|(694.7, 1038.5)
89.81229|(692.6, 1025.8)
89.82911|(691.7, 1008.3)
89.84565|(688.7, 990.5)
89.86262|(684.9, 965.5)
89.8791|(684.7, 975.5)
89.8959|(685.7, 970.0)
89.91271|(684.6, 979.4)
89.92936|(685.6, 972.6)
89.94595|(691.8, 964.5)
89.9793|(697.0, 954.0)
90.01273|(695.9, 953.6)
90.02947|(694.5, 956.2)
90.0629|(695.4, 956.6)
90.07954|(695.9, 957.0)
90.09622|(694.4, 961.1)
90.1129|(688.8, 966.9)
90.14615|(685.5, 969.4)
90.16308|(684.5, 970.4)
90.1797|(684.7, 971.0)
90.19633|(685.5, 971.4)
90.21312|(682.7, 982.9)
90.2296|(685.0, 985.9)
90.24652|(686.9, 985.4)
90.26321|(685.7, 997.5)
90.27988|(692.8, 1025.3)
90.27988|(693.6, 1031.4)
90.31348|(707.5, 1090.9)
90.32993|(718.5, 1099.6)
90.3467|(715.9, 1105.7)
90.3633|(712.1, 1103.6)
90.38015|(708.3, 1110.4)
90.39668|(708.6, 1111.0)
90.41345|(707.9, 1106.3)
90.43024|(707.9, 1105.8)
90.4636|(708.9, 1098.8)
90.4801|(711.6, 1091.9)
90.49681|(717.0, 1084.0)
90.51347|(717.4, 1083.0)
90.53044|(719.0, 1083.3)
90.54698|(726.7, 1084.4)
90.56351|(763.4, 1082.5)
90.58039|(785.2, 1075.6)
90.61382|(788.3, 1074.5)
90.64712|(819.1, 1063.6)
90.6638|(824.3, 1058.5)
90.68042|(823.8, 1062.4)
90.69721|(824.5, 1061.5)
90.71397|(824.6, 1061.9)
90.73045|(821.6, 1065.9)
90.76393|(822.3, 1064.6)
90.78054|(820.6, 1066.2)
90.79741|(810.6, 1062.7)
90.81409|(756.5, 1057.1)
90.83079|(751.1, 1056.4)
90.84747|(744.5, 1054.8)
90.8645|(741.6, 1054.0)
90.8809|(729.9, 1055.9)
90.9142|(730.6, 1053.2)
90.93106|(730.4, 1052.6)
90.94749|(728.8, 1053.5)
90.96445|(726.8, 1051.7)
90.98112|(725.5, 1052.3)
90.99778|(722.5, 1052.7)
91.01442|(721.6, 1053.2)
91.03109|(719.5, 1053.5)
91.06459|(721.9, 1051.7)
91.08102|(723.2, 1050.6)
91.09784|(723.0, 1055.1)
91.11471|(722.9, 1053.2)
91.13127|(722.9, 1056.3)
91.14796|(720.1, 1057.4)
91.18147|(721.9, 1055.2)
91.21472|(720.5, 1056.1)
91.23135|(718.2, 1056.1)
91.24837|(719.3, 1055.5)
91.26493|(719.3, 1057.3)
91.28143|(719.4, 1057.3)
91.29817|(720.4, 1057.8)
91.31494|(720.9, 1058.5)
91.33173|(718.9, 1068.8)
91.36498|(717.7, 1073.4)
91.3819|(717.5, 1075.3)
91.39841|(717.8, 1078.8)
91.41517|(722.3, 1075.0)
91.43174|(722.6, 1072.8)
91.44849|(724.7, 1068.1)
91.46507|(722.4, 1069.7)
91.48184|(715.2, 1076.2)
91.51526|(716.9, 1073.2)
91.53184|(714.2, 1077.9)
91.5488|(714.9, 1074.8)
91.56538|(716.5, 1072.7)
91.58196|(718.3, 1075.0)
91.59859|(719.1, 1073.9)
91.63214|(730.0, 1072.7)
91.66547|(757.3, 1070.1)
91.68221|(769.4, 1071.7)
91.69903|(774.5, 1071.1)
91.71569|(795.3, 1070.4)
91.73225|(795.5, 1062.2)
91.74913|(796.3, 1063.9)
91.76563|(798.3, 1066.4)
91.78268|(801.1, 1064.5)
91.81581|(799.5, 1059.5)
91.83259|(799.9, 1060.4)
91.84927|(793.0, 1053.9)
91.86585|(789.6, 1051.8)
91.88241|(789.5, 1051.3)
91.89909|(788.2, 1048.9)
91.91601|(787.7, 1048.3)
91.9325|(789.4, 1047.7)
91.96592|(788.6, 1047.6)
91.98274|(774.6, 1048.2)
91.99959|(769.6, 1046.8)
92.01609|(744.0, 1039.7)
92.03288|(731.3, 1037.4)
92.04959|(713.5, 1033.8)
92.06609|(711.5, 1035.3)
92.08276|(708.9, 1039.2)
92.11626|(708.1, 1040.2)
92.13293|(708.4, 1041.4)
92.1497|(707.7, 1044.6)
92.16627|(706.6, 1051.7)
92.18319|(716.7, 1059.2)
92.19991|(714.9, 1064.2)
92.21672|(714.9, 1065.2)
92.23303|(713.3, 1070.4)
92.26648|(712.2, 1071.7)
92.28336|(711.5, 1068.9)
92.30001|(709.0, 1069.4)
92.31663|(710.5, 1067.5)
92.3332|(713.2, 1066.8)
92.34998|(713.0, 1066.2)
92.36672|(714.1, 1073.8)
92.38332|(716.6, 1072.8)
92.4168|(718.0, 1070.0)
92.43374|(719.4, 1065.4)
92.45067|(718.9, 1065.3)
92.46674|(720.3, 1052.4)
92.48351|(720.0, 1013.8)
92.50017|(725.4, 977.5)
92.51686|(730.5, 975.8)
92.53344|(727.0, 961.4)
92.56697|(728.5, 970.0)
92.5838|(725.8, 967.0)
92.60047|(719.5, 961.6)
92.61706|(712.9, 954.8)
92.63358|(713.8, 957.1)
92.65033|(716.8, 957.4)
92.66726|(719.3, 951.7)
92.68383|(721.1, 952.4)
92.71722|(721.7, 952.8)
92.734|(723.1, 956.3)
92.76738|(719.0, 955.6)
92.78403|(718.3, 951.7)
92.8007|(722.6, 948.4)
92.81773|(723.9, 947.7)
92.86752|(735.4, 1005.1)
92.88425|(732.9, 981.2)
92.9009|(727.1, 804.6)
92.91758|(727.9, 692.4)
92.93426|(725.7, 556.8)
92.95097|(722.3, 470.6)
92.9676|(719.6, 468.0)
92.98434|(716.0, 466.5)
93.01772|(711.5, 465.6)
93.03452|(711.6, 464.5)
93.05123|(707.2, 460.0)
93.06783|(707.2, 458.5)
93.08458|(713.9, 454.4)
93.10112|(717.9, 457.3)
93.11803|(718.2, 459.5)
93.13451|(718.1, 470.2)
93.16795|(709.3, 794.3)
93.18476|(708.8, 912.4)
93.20141|(706.2, 962.0)
93.21813|(703.4, 966.7)
93.23493|(705.6, 991.8)
93.25182|(703.8, 988.5)
93.26816|(701.8, 985.0)
93.28489|(704.2, 979.7)
93.3185|(706.0, 981.2)
93.33495|(702.3, 979.2)
93.35165|(701.1, 976.9)
93.36826|(700.7, 974.0)
93.38505|(700.6, 972.3)
93.40187|(705.8, 964.7)
93.41838|(703.4, 965.3)
93.43532|(703.7, 966.9)
93.46849|(706.8, 966.1)
93.48521|(706.2, 967.2)
93.50173|(705.8, 968.1)
93.51859|(706.6, 968.8)
93.53528|(700.4, 987.8)
93.5519|(696.3, 1053.9)
93.5686|(697.8, 1034.2)
93.58534|(701.2, 1066.5)
93.61887|(698.6, 1092.0)
93.63542|(699.0, 1088.0)
93.65224|(696.4, 1088.5)
93.6687|(701.2, 1085.3)
93.68553|(702.7, 1086.7)
93.70222|(703.7, 1089.3)
93.71893|(705.0, 1090.6)
93.73549|(705.8, 1096.1)
93.76903|(705.7, 1099.7)
93.7859|(703.0, 1108.6)
93.80248|(703.5, 1107.4)
93.81913|(704.4, 1105.0)
93.83583|(701.4, 1086.1)
93.85259|(699.7, 1083.3)
93.88584|(698.4, 1069.4)
93.91936|(697.1, 1060.9)
93.93597|(697.2, 1018.4)
93.95251|(699.3, 1010.0)
93.98607|(698.4, 983.4)
94.00259|(697.3, 981.6)
94.01949|(696.5, 980.3)
94.03613|(697.0, 976.6)
94.06976|(696.4, 982.2)
94.0862|(695.3, 984.5)
94.10285|(695.0, 985.8)
94.11955|(701.8, 985.2)
94.13632|(698.4, 986.6)
94.15294|(701.3, 986.8)
94.1697|(698.6, 989.5)
94.1863|(691.8, 996.0)
94.21983|(692.9, 1018.5)
94.23639|(690.8, 1029.6)
94.25327|(693.3, 1027.8)
94.26988|(692.7, 1026.6)
94.28654|(689.6, 975.2)
94.30321|(688.8, 976.6)
94.33654|(687.8, 977.7)
94.36988|(684.0, 1000.4)
94.38676|(687.7, 994.8)
94.40321|(700.6, 1023.7)
94.42028|(699.9, 1015.3)
94.43714|(695.0, 1015.8)
94.45351|(694.0, 1014.8)
94.47017|(692.4, 1019.3)
94.48695|(689.3, 1024.6)
94.52034|(689.2, 1008.2)
94.53693|(689.3, 1009.7)
94.57037|(684.7, 1008.7)
94.58704|(685.5, 1031.8)
94.60377|(702.7, 1062.9)
94.62032|(696.9, 1051.8)
94.63706|(708.0, 1076.1)
94.67056|(707.8, 1079.0)
94.68726|(710.6, 1080.7)
94.7038|(711.6, 1070.7)
94.72052|(701.0, 1057.1)
94.7373|(699.7, 1056.9)
94.75397|(699.7, 1057.9)
94.77058|(703.2, 1055.1)
94.78732|(709.0, 1052.7)
94.82077|(737.2, 1055.6)
94.83757|(752.6, 1065.4)
94.85411|(758.4, 1065.0)
94.87088|(765.9, 1069.2)
94.88756|(768.5, 1073.0)
94.90417|(776.8, 1071.6)
94.92091|(778.7, 1069.4)
94.93764|(779.3, 1068.7)
94.97112|(782.9, 1058.6)
94.98767|(784.5, 1052.3)
95.00424|(785.1, 1045.3)
95.02117|(783.8, 1044.3)
95.0377|(773.4, 1049.6)
95.05453|(771.1, 1054.8)
95.07117|(772.8, 1050.8)
95.08807|(769.7, 1056.1)
95.12138|(772.7, 1057.1)
95.13787|(773.9, 1071.5)
95.15466|(774.0, 1072.2)
95.17123|(789.9, 1082.8)
95.18807|(821.5, 1096.1)
95.20468|(852.6, 1111.3)
95.22134|(866.8, 1120.7)
95.23811|(883.3, 1119.4)
95.27158|(892.6, 1122.4)
95.28821|(898.2, 1126.4)
95.32168|(900.0, 1124.1)
95.33836|(900.3, 1123.6)
95.355|(897.1, 1122.6)
95.37157|(897.5, 1121.3)
95.3886|(879.7, 1116.4)
95.42182|(804.5, 1097.0)
95.43851|(821.8, 1101.0)
95.45517|(732.8, 1068.8)
95.47241|(715.8, 1055.8)
95.48849|(710.4, 1040.0)
95.50518|(710.2, 1037.3)
95.52232|(711.4, 1034.9)
95.53866|(713.4, 1025.4)
95.57197|(715.3, 1022.7)
95.58868|(715.5, 1021.6)
95.60527|(695.0, 899.0)
95.62207|(705.9, 901.3)
95.63879|(704.2, 896.2)
95.65553|(702.5, 890.5)
95.6721|(701.9, 886.5)
95.68896|(703.1, 891.3)
95.72218|(701.0, 888.8)
95.73876|(688.9, 904.5)
95.75569|(696.8, 905.4)
95.77229|(695.2, 909.0)
95.78904|(692.6, 918.0)
95.80566|(693.0, 920.4)
95.82246|(687.4, 920.1)
95.83924|(685.2, 921.5)
95.87252|(683.1, 923.3)
95.88931|(682.6, 921.3)
95.90588|(688.9, 911.0)
95.92252|(691.2, 920.5)
95.9392|(692.0, 919.2)
95.95601|(689.1, 916.3)
95.97269|(685.7, 915.8)
95.98947|(686.1, 906.2)
96.02272|(685.2, 909.7)
96.03933|(687.2, 900.6)
96.05619|(698.4, 878.9)
96.07276|(728.7, 836.9)
96.08958|(729.2, 833.1)
96.10626|(730.4, 829.7)
96.12298|(729.1, 828.2)
96.13956|(728.9, 829.7)
96.17298|(726.3, 830.8)
96.18972|(716.0, 862.5)
96.20622|(712.8, 868.4)
96.22312|(706.7, 886.9)
96.23978|(702.4, 958.1)
96.25645|(702.1, 961.2)
96.27324|(699.3, 970.9)
96.28995|(696.8, 981.7)
96.32348|(693.1, 988.6)
96.34009|(691.6, 987.8)
96.35687|(692.3, 987.9)
96.42347|(682.8, 972.8)
96.47346|(674.1, 942.7)
96.49023|(703.8, 953.2)
96.50703|(715.8, 948.9)
96.52359|(720.6, 939.1)
96.54018|(720.2, 951.1)
96.55698|(719.4, 950.0)
96.5738|(707.4, 956.1)
96.5905|(708.7, 951.4)
96.62379|(705.5, 954.9)
96.64038|(703.3, 959.4)
96.65713|(695.6, 971.2)
96.67387|(704.2, 975.5)
96.6906|(699.2, 987.0)
96.70718|(702.3, 976.3)
96.72402|(699.8, 974.3)
96.74064|(695.9, 970.0)
96.77396|(700.2, 959.1)
96.80751|(701.8, 949.4)
96.82401|(699.9, 953.6)
96.85805|(700.7, 956.4)
96.87439|(703.5, 952.4)
96.9243|(733.6, 953.5)
96.94102|(735.6, 960.2)
96.95773|(740.8, 966.4)
96.97417|(741.9, 969.1)
96.99111|(748.2, 972.5)
97.00784|(747.2, 974.1)
97.02442|(749.0, 976.0)
97.04111|(747.5, 974.5)
97.07446|(748.0, 976.3)
97.09134|(747.3, 970.6)
97.10778|(747.7, 964.2)
97.12455|(749.9, 957.3)
97.1414|(750.8, 954.4)
97.15796|(751.2, 952.2)
97.17477|(750.6, 952.8)
97.19128|(747.6, 955.2)
97.22492|(720.4, 952.3)
97.25813|(723.3, 954.9)
97.27475|(716.3, 954.2)
97.29151|(715.1, 958.5)
97.30823|(712.0, 958.8)
97.32508|(713.2, 956.9)
97.34167|(713.4, 939.8)
97.37498|(709.3, 933.6)
97.39217|(708.1, 936.5)
97.4085|(706.8, 938.3)
97.42504|(706.5, 938.3)
97.44168|(706.2, 940.6)
97.45845|(708.0, 945.8)
97.47521|(708.4, 948.3)
97.49187|(708.8, 948.9)
97.52525|(712.2, 943.8)
97.54204|(693.2, 835.3)
97.55855|(693.4, 836.2)
97.57526|(692.2, 830.9)
97.59209|(691.3, 826.2)
97.60881|(690.2, 818.4)
97.6254|(700.4, 833.7)
97.64205|(696.0, 826.2)
97.67543|(698.0, 824.3)
97.69224|(696.9, 822.3)
97.70883|(696.9, 822.5)
97.72565|(696.2, 821.9)
97.7422|(691.3, 823.4)
97.75925|(694.6, 827.6)
97.77561|(695.0, 827.2)
97.79256|(697.2, 829.1)
97.80915|(697.3, 831.8)
97.82574|(694.4, 833.9)
97.84229|(695.2, 833.0)
97.85915|(693.8, 830.3)
97.87581|(694.1, 828.1)
97.89254|(697.2, 828.9)
97.90935|(696.9, 827.7)
97.92607|(696.2, 869.9)
97.9426|(684.6, 942.0)
97.97598|(684.1, 958.1)
97.99273|(689.2, 958.1)
98.00935|(691.7, 957.4)
98.02605|(692.6, 953.4)
98.04292|(694.1, 949.8)
98.05956|(691.4, 953.1)
98.07631|(691.4, 952.5)
98.09286|(684.8, 958.3)
98.12626|(685.9, 971.7)
98.14285|(685.4, 969.8)
98.15961|(686.6, 979.2)
98.17641|(685.5, 965.8)
98.19319|(686.2, 957.3)
98.20977|(685.8, 956.8)
98.2264|(686.7, 954.5)
98.24311|(687.9, 954.3)
98.25983|(689.3, 949.6)
98.27645|(690.3, 963.1)
98.29314|(689.6, 965.0)
98.30982|(689.9, 962.8)
98.32668|(690.6, 960.5)
98.34328|(690.1, 952.1)
98.36005|(689.8, 951.6)
98.37664|(690.8, 950.0)
98.39335|(699.1, 952.0)
98.42688|(714.9, 958.5)
98.44344|(717.7, 958.8)
98.46014|(747.3, 968.2)
98.47664|(758.1, 969.0)
98.49359|(768.2, 971.5)
98.51022|(776.3, 975.8)
98.52697|(776.1, 974.1)
98.54374|(778.1, 974.2)
98.57703|(776.4, 976.1)
98.59367|(777.3, 977.0)
98.61037|(776.8, 976.5)
98.62714|(777.2, 976.4)
98.64375|(779.3, 970.8)
98.66056|(779.9, 969.8)
98.67706|(779.4, 966.7)
98.69383|(779.1, 962.2)
98.71053|(775.2, 942.2)
98.72726|(773.1, 939.2)
98.74387|(775.0, 945.2)
98.76065|(776.3, 947.7)
98.77716|(774.6, 947.1)
98.7941|(775.7, 949.4)
98.81071|(769.8, 976.3)
98.82755|(769.0, 978.6)
98.84396|(767.0, 981.7)
98.87766|(767.5, 979.7)
98.89417|(777.9, 965.6)
98.91084|(776.2, 968.1)
98.9276|(776.0, 965.1)
98.94427|(776.2, 966.8)
98.96185|(776.6, 966.9)
98.97762|(777.2, 967.1)
98.99461|(777.7, 966.4)
99.01093|(779.5, 962.2)
99.02792|(778.0, 965.0)
99.04436|(774.8, 972.1)
99.06112|(772.0, 981.1)
99.07791|(772.0, 982.3)
99.09455|(770.0, 987.2)
99.11142|(771.1, 984.4)
99.12797|(771.7, 982.0)
99.14452|(772.0, 980.2)
99.16129|(767.7, 946.5)
99.1779|(753.2, 875.7)
99.1947|(749.7, 865.7)
99.21154|(749.2, 863.4)
99.22814|(751.2, 847.2)
99.24493|(750.6, 845.2)
99.26151|(747.4, 845.9)
99.27818|(744.6, 846.9)
99.29488|(740.1, 848.1)
99.31142|(742.7, 845.1)
99.32828|(743.2, 843.5)
99.34495|(743.6, 840.8)
99.36157|(746.6, 831.8)
99.37834|(738.7, 836.6)
99.39518|(745.2, 847.9)
99.41175|(754.6, 871.1)
99.42832|(790.1, 962.4)
99.46175|(815.6, 1023.7)
99.47841|(821.8, 1028.3)
99.49513|(829.8, 1040.7)
99.51183|(829.6, 1038.4)
99.52866|(828.5, 1040.4)
99.54519|(830.0, 1039.0)
99.56205|(829.7, 1038.6)
99.57861|(832.4, 1035.4)
99.59548|(838.2, 1036.4)
99.61207|(854.4, 1045.9)
99.62878|(872.1, 1069.0)
99.64536|(870.7, 1062.8)
99.66223|(869.4, 1061.9)
99.67885|(864.3, 1060.7)
99.69568|(863.1, 1058.9)
99.71217|(862.1, 1061.1)
99.72893|(862.9, 1060.6)
99.74549|(864.3, 1059.5)
99.76237|(866.0, 1066.1)
99.77898|(864.5, 1065.4)
99.79572|(848.9, 1069.4)
99.81231|(792.4, 1083.6)
99.82919|(791.5, 1083.1)
99.84571|(788.0, 1083.5)
99.86252|(784.3, 1082.2)
99.87907|(786.7, 1079.1)
99.91254|(784.0, 1072.2)
99.92944|(785.9, 1065.7)
99.94588|(788.2, 1061.3)
99.96263|(787.2, 1059.8)
99.97942|(782.7, 1051.3)
99.99603|(772.7, 1022.6)
100.0127|(746.5, 919.0)
100.0461|(745.7, 907.9)
100.0628|(737.3, 872.6)
100.0795|(739.1, 876.9)
100.0962|(739.7, 873.4)
100.113|(744.1, 867.9)
100.1298|(749.0, 865.7)
100.1464|(751.3, 865.0)
100.1629|(751.8, 864.4)
100.1796|(750.9, 864.4)
100.1965|(753.1, 863.0)
100.28|(766.1, 871.9)
100.2965|(771.7, 879.2)
100.313|(782.8, 929.4)
100.3301|(792.9, 945.4)
100.3633|(793.1, 948.8)
100.3799|(793.0, 953.8)
100.3967|(782.1, 982.5)
100.4134|(783.3, 983.9)
100.4301|(781.7, 986.9)
100.4467|(779.5, 994.5)
100.4635|(781.4, 997.1)
100.4804|(781.6, 996.9)
100.5137|(783.2, 994.3)
100.5303|(788.2, 982.4)
100.547|(787.5, 982.5)
100.5636|(783.7, 991.8)
100.5804|(782.7, 993.9)
100.5971|(784.1, 978.3)
100.6137|(783.4, 976.5)
100.6304|(785.8, 955.5)
100.6638|(789.8, 944.3)
100.6804|(789.0, 943.4)
100.6972|(787.9, 945.1)
100.7139|(785.5, 946.4)
100.7307|(782.6, 952.3)
100.7472|(787.4, 962.6)
100.7639|(787.5, 963.8)
100.7807|(787.7, 962.0)
100.814|(789.1, 948.2)
100.8308|(788.9, 949.9)
100.8474|(785.5, 952.8)
100.8643|(776.0, 910.6)
100.8809|(763.5, 800.9)
100.8976|(762.8, 797.6)
100.9141|(764.7, 799.6)
100.9309|(763.2, 794.5)
100.9643|(763.3, 796.8)
100.9809|(762.5, 795.5)
100.9978|(762.8, 795.6)
101.0145|(757.4, 802.8)
101.0312|(755.3, 808.0)
101.0478|(755.3, 809.3)
101.0811|(754.4, 813.8)
101.1145|(752.8, 814.8)
101.1313|(752.5, 816.4)
101.1481|(753.2, 816.7)
101.1646|(754.2, 817.3)
101.1814|(754.6, 816.6)
101.198|(754.4, 815.6)
101.2147|(754.6, 814.0)
101.2315|(750.0, 812.3)
101.2649|(748.1, 811.8)
101.2817|(750.3, 811.9)
101.2982|(712.3, 746.8)
101.3149|(712.9, 746.0)
101.3316|(699.3, 707.3)
101.3482|(701.1, 697.2)
101.365|(708.5, 684.1)
101.4152|(713.7, 676.0)
101.4317|(714.8, 673.2)
101.4487|(714.5, 673.5)
101.4652|(713.0, 674.7)
101.4819|(712.7, 676.0)
101.4985|(712.7, 679.7)
101.5152|(719.0, 701.9)
101.5322|(721.9, 716.3)
101.5653|(731.9, 765.6)
101.582|(733.2, 772.6)
101.5987|(741.6, 800.1)
101.6154|(752.5, 852.0)
101.6322|(756.0, 852.3)
101.6489|(755.9, 851.6)
101.6655|(758.9, 851.4)
101.6822|(768.3, 855.0)
101.7155|(769.2, 853.2)
101.7323|(768.8, 846.9)
101.749|(768.9, 848.5)
101.7657|(760.0, 831.5)
101.7823|(756.6, 819.4)
101.7992|(746.6, 792.0)
101.8157|(743.0, 780.8)
101.8325|(717.6, 712.9)
101.866|(715.8, 699.0)
101.8824|(717.6, 696.3)
101.8993|(718.1, 695.8)
101.9159|(719.0, 689.1)
101.9328|(719.6, 689.8)
101.9492|(719.0, 692.5)
101.966|(716.7, 692.4)
102.0161|(713.4, 698.3)
102.0495|(709.7, 698.8)
102.083|(711.0, 701.4)
102.1162|(710.1, 700.1)
102.1329|(711.3, 700.2)
102.1663|(707.8, 701.3)
102.183|(705.6, 703.8)
102.2164|(704.6, 706.4)
102.2332|(704.7, 708.2)
102.2497|(701.7, 717.5)
102.2668|(699.7, 716.5)
102.2831|(697.3, 718.0)
102.3166|(696.7, 718.5)
102.3335|(695.1, 719.9)
102.35|(695.3, 720.1)
102.3666|(697.4, 718.6)
102.3832|(697.6, 718.6)
102.4002|(703.7, 714.4)
102.4167|(705.8, 661.1)
102.4335|(706.5, 655.2)
102.467|(708.9, 642.4)
102.4836|(709.5, 641.5)
102.5004|(710.0, 638.9)
102.5169|(713.3, 639.1)
102.5336|(716.3, 637.9)
102.5502|(715.2, 633.4)
102.567|(714.2, 631.9)
102.5836|(714.9, 631.6)
102.617|(714.7, 630.9)
102.6337|(714.8, 631.0)
102.6506|(715.3, 632.1)
102.6672|(715.7, 631.2)
102.684|(710.9, 684.9)
102.7006|(710.1, 693.1)
102.7174|(710.4, 691.6)
102.7339|(719.0, 695.9)
102.7674|(711.3, 700.6)
102.7841|(715.0, 701.2)
102.8007|(718.7, 704.5)
102.8174|(719.6, 704.9)
102.8343|(720.5, 701.3)
102.8509|(717.6, 700.8)
102.8675|(717.1, 700.2)
102.8841|(716.6, 699.7)
102.9175|(713.1, 696.9)
102.9344|(714.3, 697.9)
102.9511|(714.5, 696.4)
102.9677|(721.4, 694.2)
102.9844|(721.8, 693.2)
103.0014|(722.6, 695.4)
103.0177|(721.2, 697.4)
103.0344|(722.0, 697.8)
103.0678|(711.5, 677.4)
103.0845|(710.8, 673.8)
103.1179|(712.0, 668.2)
103.1514|(714.0, 654.0)
103.168|(708.5, 635.3)
103.2182|(708.8, 636.9)
103.2348|(708.8, 635.3)
103.2515|(708.3, 632.3)
103.2683|(706.6, 627.4)
103.2848|(705.2, 622.2)
103.3017|(715.6, 610.8)
103.3183|(716.0, 607.9)
103.335|(717.8, 605.8)
103.3684|(719.7, 603.7)
103.4685|(713.8, 597.5)
103.4855|(861.6, 607.0)
103.5186|(897.7, 611.3)
103.5354|(915.0, 611.2)
103.552|(919.8, 609.3)
103.5687|(912.9, 608.9)
103.5855|(917.8, 608.5)
103.6021|(911.0, 610.1)
103.6189|(909.9, 610.9)
103.6354|(902.7, 614.4)
103.669|(903.9, 614.6)
103.6856|(901.2, 614.6)
103.7023|(898.5, 615.9)
103.7357|(902.9, 616.4)
103.7526|(904.0, 616.1)
103.7691|(903.7, 615.5)
103.7857|(903.2, 614.8)
103.8192|(902.3, 613.8)
103.8358|(903.0, 613.3)
103.8525|(903.2, 613.6)
103.8693|(902.2, 616.7)
103.8857|(902.8, 616.4)
103.9026|(919.1, 617.3)
103.9192|(974.1, 621.6)
103.936|(990.6, 622.6)
103.9695|(999.9, 623.1)
103.986|(994.8, 622.4)
104.0028|(1036.7, 623.9)
104.0194|(1035.1, 624.8)
104.0361|(1033.8, 617.3)
104.0528|(1035.3, 618.2)
104.0696|(1036.6, 619.1)
104.0863|(1034.9, 619.1)
104.1197|(1034.9, 622.9)
104.1364|(1035.2, 622.9)
104.153|(1034.0, 624.7)
104.1864|(926.2, 617.3)
104.2031|(908.0, 615.5)
104.2198|(884.9, 614.6)
104.2365|(875.1, 614.1)
104.2697|(857.3, 611.8)
104.2866|(860.2, 610.9)
104.3033|(860.8, 611.9)
104.32|(863.4, 612.8)
104.3368|(863.2, 613.0)
104.3533|(860.9, 612.8)
104.37|(858.6, 612.3)
104.3867|(861.2, 614.3)
104.42|(859.3, 615.2)
104.4368|(861.6, 616.8)
104.4702|(867.4, 617.4)
104.5035|(909.9, 612.8)
104.5203|(912.7, 613.3)
104.5705|(921.4, 614.2)
104.5871|(923.2, 613.8)
104.6037|(926.4, 613.5)
104.6205|(926.8, 613.3)
104.6373|(924.1, 612.4)
104.6537|(922.6, 611.5)
104.6705|(922.0, 609.9)
104.6872|(920.5, 609.2)
104.7206|(919.7, 610.2)
104.7375|(917.9, 612.4)
104.7706|(924.3, 613.3)
104.7874|(925.2, 614.6)
104.8041|(1074.5, 616.6)
104.8209|(1077.9, 616.0)
104.8375|(1084.9, 615.8)
104.8711|(1101.0, 616.1)
104.8875|(1103.4, 616.1)
104.9208|(1112.0, 616.6)
104.9376|(1110.7, 619.1)
104.9542|(1110.4, 619.9)
104.9714|(1109.6, 620.3)
104.9878|(1108.5, 624.8)
105.0211|(1108.7, 628.2)
105.0378|(1108.9, 629.5)
105.0543|(1107.9, 628.8)
105.0712|(1107.7, 629.0)
105.0879|(1107.8, 630.0)
105.1045|(1107.7, 636.0)
105.1212|(1102.8, 634.5)
105.1381|(1097.5, 633.2)
105.1714|(1065.8, 619.0)
105.188|(1057.5, 617.7)
105.2215|(1056.3, 622.4)
105.238|(1056.4, 622.0)
105.2548|(1056.4, 621.8)
105.2715|(1056.7, 622.1)
105.2884|(1057.2, 622.7)
105.3216|(1058.2, 624.1)
105.3383|(1057.1, 621.9)
105.355|(1058.4, 622.6)
105.3719|(1067.9, 621.1)
105.3882|(1109.9, 624.1)
105.4051|(1116.3, 624.6)
105.4217|(1120.6, 625.0)
105.4387|(1131.1, 624.6)
105.4718|(1143.8, 624.8)
105.4885|(1143.2, 625.0)
105.5051|(1140.4, 622.4)
105.5219|(1138.3, 619.3)
105.5387|(1140.2, 617.2)
105.5553|(1140.6, 616.9)
105.5718|(1139.0, 618.0)
105.5887|(1134.7, 622.8)
105.6223|(1136.4, 622.7)
105.6387|(1142.5, 622.2)
105.6554|(1142.1, 621.8)
105.6722|(1140.0, 621.6)
105.689|(1141.1, 621.1)
105.7058|(1134.0, 618.1)
105.7224|(1121.2, 618.9)
105.739|(1091.9, 619.3)
105.7724|(1043.8, 619.2)
105.8057|(935.6, 617.5)
105.8223|(935.6, 616.7)
105.839|(932.8, 616.2)
105.8558|(932.5, 616.2)
105.8725|(930.8, 621.0)
105.8894|(931.0, 620.9)
105.9226|(932.1, 618.0)
105.9394|(927.1, 619.9)
105.9559|(928.3, 618.1)
105.9726|(929.4, 617.4)
105.9893|(930.5, 617.0)
106.0062|(933.4, 615.0)
106.0228|(939.5, 612.0)
106.0394|(973.0, 610.6)
106.073|(994.9, 612.2)
106.0895|(1018.9, 612.5)
106.1062|(1035.6, 617.4)
106.1229|(1039.5, 618.9)
106.1395|(1043.3, 619.8)
106.1562|(1051.4, 620.0)
106.173|(1052.7, 620.9)
106.1898|(1059.0, 615.0)
106.2232|(1065.5, 612.2)
106.2397|(1045.0, 584.9)
106.2566|(939.1, 452.6)
106.2731|(933.0, 444.8)
106.2899|(926.7, 435.7)
106.3066|(924.2, 436.4)
106.3233|(923.5, 436.5)
106.3402|(923.0, 435.5)
106.3733|(926.3, 432.8)
106.39|(920.2, 427.7)
106.407|(920.9, 427.4)
106.4235|(921.5, 428.1)
106.44|(921.8, 428.8)
106.4568|(924.0, 431.2)
106.4737|(925.1, 433.7)
106.4903|(924.9, 435.5)
106.5238|(922.9, 432.2)
106.5402|(923.2, 432.1)
106.557|(919.3, 430.1)
106.5736|(903.9, 428.5)
106.5905|(891.5, 430.9)
106.6071|(858.4, 435.5)
106.6237|(820.1, 439.1)
106.6404|(809.8, 439.9)
106.6738|(769.7, 445.5)
106.6905|(774.6, 444.7)
106.7072|(776.2, 443.6)
106.724|(777.5, 442.1)
106.7407|(778.5, 439.4)
106.7573|(777.7, 438.0)
106.7741|(776.9, 439.1)
106.7907|(776.3, 439.1)
106.8242|(775.0, 440.0)
106.8408|(775.5, 441.4)
106.8574|(774.7, 442.3)
106.8742|(772.6, 441.7)
106.9077|(773.0, 444.5)
106.9242|(773.2, 447.8)
106.9743|(779.5, 449.0)
106.991|(864.5, 398.5)
107.0078|(889.9, 379.8)
107.0244|(915.5, 355.2)
107.041|(914.4, 353.0)
107.0579|(916.3, 349.8)
107.0745|(918.0, 348.3)
107.0912|(918.9, 347.0)
107.1245|(922.2, 346.8)
107.1414|(923.2, 347.9)
107.158|(923.4, 348.9)
107.1746|(922.5, 350.9)
107.1914|(923.5, 353.0)
107.2081|(922.0, 352.3)
107.2248|(920.5, 352.6)
107.2415|(920.1, 352.5)
107.2582|(919.9, 351.8)
107.2916|(920.6, 349.8)
107.3082|(916.1, 348.2)
107.3249|(915.4, 348.0)
107.3416|(917.0, 351.8)
107.3583|(920.3, 352.1)
107.375|(920.3, 352.5)
107.3918|(920.0, 353.2)
107.425|(923.3, 351.4)
107.4419|(924.6, 351.2)
107.4585|(924.6, 351.2)
107.4752|(923.1, 351.7)
107.4919|(920.4, 353.0)
107.5085|(914.9, 354.6)
107.5253|(912.3, 355.4)
107.5418|(910.9, 355.9)
107.5755|(927.2, 330.8)
107.592|(957.7, 298.1)
107.6087|(966.9, 290.1)
107.6255|(978.0, 280.2)
107.6421|(1025.8, 233.7)
107.6588|(1023.3, 234.9)
107.6756|(1022.3, 235.4)
107.6923|(1020.6, 237.0)
107.7089|(1022.0, 235.4)
107.7256|(1020.4, 235.5)
107.7424|(1022.4, 236.2)
107.759|(1025.4, 237.1)
107.7756|(1030.5, 236.8)
107.7924|(1031.3, 236.6)
107.8091|(1028.7, 235.0)
107.8257|(1021.2, 235.3)
107.8424|(873.6, 237.3)
107.8758|(783.8, 241.0)
107.8925|(765.9, 240.3)
107.9092|(765.3, 236.4)
107.926|(766.3, 235.6)
107.9427|(765.9, 237.1)
107.9592|(767.4, 233.4)
107.9762|(767.1, 236.2)
107.9928|(767.2, 236.6)
108.0261|(765.2, 237.1)
108.0427|(764.4, 237.4)
108.0595|(763.4, 238.6)
108.0766|(763.0, 240.4)
108.0928|(771.2, 238.5)
108.1096|(849.7, 245.8)
108.1263|(840.2, 244.9)
108.1429|(867.7, 244.3)
108.1596|(893.0, 240.9)
108.3434|(1032.3, 272.3)
108.36|(1075.9, 345.4)
108.3934|(1057.1, 342.6)
108.4102|(1015.7, 326.7)
108.427|(1014.4, 326.2)
108.4768|(1014.9, 311.0)
108.4935|(1016.8, 306.8)
108.5102|(1016.7, 308.5)
108.5269|(1015.3, 313.1)
108.5436|(1011.2, 322.3)
108.5604|(999.0, 323.6)
108.577|(996.9, 325.7)
108.5937|(978.7, 331.5)
108.6105|(942.6, 343.9)
108.6271|(920.6, 357.1)
108.6438|(926.0, 359.5)
108.6605|(925.1, 357.4)
108.694|(925.1, 361.3)
108.7106|(928.6, 363.0)
108.7439|(931.4, 364.5)
108.7775|(931.2, 365.8)
108.794|(931.1, 370.2)
108.8106|(929.0, 365.7)
108.8274|(926.1, 359.4)
108.8442|(925.6, 355.4)
108.8608|(925.1, 354.3)
108.8775|(928.4, 355.1)
108.9108|(925.1, 355.5)
108.9278|(923.3, 355.5)
108.9609|(921.7, 355.6)
108.9777|(923.8, 354.8)
109.0112|(926.7, 355.4)
109.0278|(926.3, 355.3)
109.0611|(928.3, 353.3)
109.0778|(930.6, 349.2)
109.0945|(931.5, 349.1)
109.1112|(932.6, 349.9)
109.128|(932.7, 349.3)
109.1447|(930.8, 349.3)
109.1613|(930.7, 349.1)
109.178|(930.9, 349.6)
109.1948|(932.2, 349.5)
109.2113|(946.9, 349.5)
109.2282|(1104.0, 409.4)
109.2447|(1234.9, 449.7)
109.2614|(1373.2, 492.1)
109.2783|(1465.1, 515.1)
109.2949|(1512.4, 527.2)
109.3116|(1673.8, 574.6)
109.3282|(1694.7, 583.9)
109.3616|(1695.6, 578.9)
109.6454|(840.9, 190.4)
109.6626|(793.8, 229.4)
109.6788|(799.4, 228.6)
109.6956|(803.7, 229.4)
109.7122|(802.7, 230.4)
109.7289|(802.2, 230.1)
109.7456|(800.2, 231.4)
109.779|(822.9, 237.2)
109.8126|(888.1, 235.2)
109.829|(941.9, 231.8)
109.8626|(965.5, 227.8)
109.8792|(969.0, 225.8)
109.9126|(994.7, 217.4)
109.9628|(987.3, 217.6)
109.9793|(987.1, 219.4)
109.996|(993.4, 212.6)
110.0127|(997.9, 204.4)
110.0295|(995.5, 209.8)
110.0462|(988.1, 211.0)
110.0628|(988.9, 211.5)
110.0963|(991.2, 211.2)
110.1295|(998.5, 216.1)
110.1463|(1001.2, 221.1)
110.1798|(1004.3, 226.3)
110.1962|(1002.9, 223.6)
110.2131|(999.2, 223.0)
110.2297|(998.6, 225.4)
110.2632|(995.9, 226.2)
110.2799|(993.7, 229.7)
110.2965|(993.5, 231.1)
110.3133|(995.0, 231.6)
110.33|(994.1, 231.9)
110.347|(993.7, 232.6)
110.3631|(993.7, 229.5)
110.3801|(994.4, 228.7)
110.4134|(994.5, 226.1)
110.4301|(994.3, 225.1)
110.4468|(992.2, 224.9)
110.4636|(990.7, 224.2)
110.4804|(990.4, 224.6)
110.4968|(991.2, 227.0)
110.5301|(991.4, 228.0)
110.5636|(991.8, 229.5)
110.5971|(991.2, 233.6)
110.6138|(989.5, 236.1)
110.6305|(991.5, 235.9)
110.6471|(992.9, 235.8)
110.6637|(997.1, 235.2)
110.6805|(998.2, 235.5)
110.7139|(996.4, 236.4)
110.7306|(997.4, 236.2)
110.7472|(994.8, 235.1)
110.764|(992.4, 233.5)
110.7807|(994.9, 236.1)
110.7973|(991.1, 238.8)
110.814|(991.2, 240.8)
110.8307|(991.3, 240.5)
110.8641|(990.9, 241.1)
110.8808|(988.3, 241.1)
110.8975|(982.7, 241.2)
110.9143|(983.8, 240.6)
110.9309|(983.7, 240.5)
110.9476|(988.5, 242.8)
110.9812|(942.9, 445.3)
111.0144|(928.8, 505.3)
111.031|(921.5, 533.6)
111.048|(926.0, 535.7)
111.0643|(928.3, 540.0)
111.0812|(928.2, 541.9)
111.0979|(928.8, 542.7)
111.1313|(932.2, 548.5)
111.1646|(934.8, 553.8)
111.1813|(934.8, 554.5)
111.2148|(934.7, 555.8)
111.2315|(934.7, 555.3)
111.2648|(942.1, 547.7)
111.3149|(941.8, 554.3)
111.365|(902.9, 589.0)
111.3818|(853.8, 631.2)
111.3983|(831.8, 652.9)
111.415|(811.9, 760.3)
111.4317|(807.2, 796.9)
111.465|(797.3, 870.9)
111.4819|(804.2, 865.0)
111.4987|(805.5, 865.8)
111.5154|(814.3, 854.1)
111.5321|(812.3, 851.7)
111.549|(807.5, 852.0)
111.5652|(804.4, 845.9)
111.582|(803.3, 847.6)
111.6154|(808.0, 844.0)
111.632|(804.5, 847.2)
111.6488|(807.0, 853.9)
111.6656|(807.5, 866.5)
111.6823|(809.0, 881.1)
111.6988|(823.8, 911.7)
111.7155|(823.2, 900.3)
111.7322|(823.4, 893.7)
111.7657|(823.2, 895.3)
111.7823|(820.8, 896.9)
111.8157|(820.3, 898.3)
111.8494|(824.7, 903.6)
111.8825|(823.2, 903.6)
111.9328|(794.3, 903.7)
111.9494|(789.2, 903.2)
111.9827|(780.9, 892.6)
112.567|(982.0, 457.5)
112.6004|(996.4, 457.6)
112.6172|(993.8, 453.4)
112.6337|(997.8, 452.9)
112.6672|(1006.9, 457.7)
112.6838|(1004.2, 456.9)
112.7172|(1001.7, 469.6)
112.7509|(1003.5, 498.9)
112.7673|(1010.9, 492.0)
112.7843|(1009.7, 495.2)
112.8173|(1075.2, 370.2)
112.8342|(1101.5, 317.5)
112.8508|(1112.0, 292.0)
112.8675|(1132.7, 246.1)
112.8842|(1126.5, 248.5)
112.9008|(1131.1, 245.4)
112.9175|(1130.9, 245.2)
112.9342|(1127.3, 246.6)
112.9676|(1124.6, 244.8)
112.9844|(1122.1, 247.5)
113.0011|(1120.3, 248.5)
113.0178|(1117.4, 246.0)
113.0345|(1116.6, 243.9)
113.0514|(1117.4, 244.3)
113.0678|(1117.4, 242.7)
113.0844|(1118.4, 241.3)
113.1179|(1117.8, 242.9)
113.1347|(1118.0, 241.8)
113.1513|(1110.2, 243.8)
113.168|(1110.3, 240.1)
114.2531|(1324.8, 399.4)
114.2697|(1399.9, 374.9)
114.2865|(1378.6, 379.7)
114.3199|(1362.6, 383.2)
114.3365|(1364.7, 370.4)
114.3532|(1350.2, 356.5)
114.37|(1334.7, 335.2)
114.3867|(1320.7, 322.8)
114.4033|(1316.6, 321.0)
114.4201|(1306.0, 310.5)
114.4368|(1311.3, 310.2)
114.4702|(1323.6, 307.1)
114.487|(1318.7, 307.4)
114.5034|(1574.6, 503.4)
114.5203|(1632.6, 546.2)
114.537|(1644.6, 555.5)
114.5536|(1669.7, 575.6)
114.5702|(1669.0, 575.5)
114.6205|(1662.6, 567.8)
114.6372|(1641.6, 550.4)
114.6703|(1637.2, 544.5)
114.6875|(1630.5, 541.7)
114.7037|(1632.7, 542.8)
114.7206|(1636.5, 544.2)
114.7375|(1639.9, 545.2)
114.7707|(1642.0, 546.0)
114.7874|(1634.1, 542.0)
114.804|(1634.4, 545.4)
114.8208|(1630.1, 541.2)
114.8373|(1627.3, 539.5)
114.8541|(1552.1, 532.3)
114.8709|(1124.7, 484.0)
114.8876|(933.4, 461.5)
114.921|(900.3, 458.6)
114.9376|(861.0, 457.3)
114.9544|(852.9, 464.1)
114.9712|(841.3, 468.7)
114.9877|(841.5, 474.5)
115.0044|(842.1, 475.4)
115.021|(842.4, 476.7)
115.0378|(843.5, 476.3)
115.0713|(844.8, 472.1)
115.0878|(845.2, 471.6)
115.1047|(846.8, 472.3)
115.1213|(848.3, 472.6)
115.1381|(849.4, 477.6)
115.1547|(844.9, 477.2)
115.1712|(843.0, 480.7)
115.188|(842.9, 481.6)
115.2213|(846.0, 480.9)
115.2382|(844.9, 482.5)
115.2549|(1230.3, 566.3)
115.2716|(1229.0, 560.1)
115.2882|(1256.4, 567.1)
115.3047|(1262.0, 558.2)
115.3216|(1266.5, 550.8)
115.3383|(1270.9, 544.8)
115.3716|(1272.1, 532.5)
115.3883|(1271.0, 534.1)
115.4051|(1279.3, 551.1)
115.4218|(1348.7, 560.7)
115.4386|(1623.2, 596.9)
115.4552|(1636.5, 597.5)
115.4719|(1644.5, 598.2)
115.4886|(1642.2, 596.3)
115.522|(1672.0, 590.6)
115.5385|(1661.2, 588.2)
115.5554|(1659.5, 587.2)
115.5721|(1670.8, 590.6)
115.5886|(1669.2, 589.4)
115.6054|(1678.6, 596.9)
115.6221|(1681.4, 607.1)
115.6388|(1681.5, 607.4)
115.6722|(1682.0, 605.1)
115.7056|(1670.1, 596.5)
115.7221|(1668.6, 596.4)
115.7389|(1662.1, 591.5)
115.7557|(1662.1, 587.9)
115.7724|(1663.3, 587.9)
115.7891|(1652.5, 577.4)
115.8224|(1609.2, 572.0)
115.839|(1362.6, 536.9)
115.8559|(1171.7, 494.0)
115.8725|(1072.6, 471.9)
115.8891|(1053.9, 466.2)
115.906|(1052.2, 466.8)
115.9226|(1051.6, 475.2)
115.9393|(1052.1, 476.3)
115.9727|(1053.6, 477.8)
115.9894|(1052.3, 486.7)
116.006|(1052.7, 486.8)
116.0227|(1054.3, 492.8)
116.0395|(1053.2, 499.5)
116.0561|(1053.4, 495.9)
116.0729|(1054.5, 496.3)
116.0897|(1054.5, 497.2)
116.123|(1643.7, 604.3)
116.1565|(1659.4, 603.8)
116.173|(1658.0, 602.0)
116.1897|(1652.0, 592.3)
116.2063|(1654.9, 599.8)
116.223|(1654.6, 598.8)
116.2397|(1653.0, 596.3)
116.2731|(1654.4, 596.0)
116.2898|(1653.8, 592.9)
116.3067|(1650.0, 589.0)
116.3233|(1646.5, 587.3)
116.3398|(1645.1, 586.4)
116.3567|(1643.3, 584.9)
116.3733|(1644.7, 585.2)
116.39|(1644.5, 585.2)
116.4234|(1055.0, 458.8)
116.4402|(963.3, 434.9)
116.4569|(946.7, 432.1)
116.4734|(951.6, 434.9)
116.4902|(950.7, 434.0)
116.5068|(954.9, 436.8)
116.5237|(954.9, 436.4)
116.5401|(957.2, 435.7)
116.6404|(948.2, 421.9)
116.6572|(1063.7, 450.4)
116.6738|(1274.3, 516.6)
116.6905|(1232.8, 511.4)
116.7241|(1219.5, 507.3)
116.7408|(1292.5, 534.9)
116.7573|(1482.2, 604.4)
116.7738|(1479.6, 601.6)
116.7907|(1474.4, 602.7)
116.8074|(1477.6, 601.5)
116.8241|(1479.8, 588.4)
116.8409|(1509.0, 588.3)
116.8741|(1577.6, 591.8)
116.8909|(1656.0, 591.8)
116.9075|(1692.0, 593.0)
116.9242|(1701.0, 594.2)
116.941|(1717.3, 596.8)
116.9576|(1713.6, 594.1)
116.9742|(1716.1, 604.3)
116.9911|(1713.1, 599.8)
117.0244|(1713.6, 602.0)
117.041|(1713.7, 601.7)
117.0579|(1717.3, 605.7)
117.0744|(1718.1, 605.1)
117.0911|(1715.4, 605.4)
117.1079|(1716.9, 605.1)
117.1247|(1729.8, 621.2)
117.1412|(1914.7, 895.1)
117.7924|(1123.8, 1110.8)
117.809|(1072.1, 1024.7)
117.8257|(969.6, 856.8)
117.8425|(964.8, 844.1)
117.8591|(934.0, 797.5)
117.8758|(886.4, 715.7)
117.8926|(834.5, 629.4)
117.9259|(817.5, 604.5)
117.9426|(816.7, 605.3)
117.9593|(813.0, 609.3)
117.9761|(813.2, 610.9)
117.9927|(813.5, 611.2)
118.0095|(814.3, 612.5)
118.026|(816.0, 613.2)
118.0427|(815.2, 612.7)
118.0595|(816.0, 613.1)
118.0763|(810.6, 614.1)
118.0928|(811.6, 614.9)
118.1095|(813.6, 614.7)
118.1262|(810.3, 612.9)
118.1429|(811.0, 614.0)
118.1597|(823.3, 600.3)
118.1764|(934.2, 464.5)
118.193|(952.2, 440.4)
118.2265|(981.1, 408.1)
118.243|(982.5, 406.0)
118.2598|(986.8, 401.3)
118.2765|(982.8, 405.4)
118.2934|(980.7, 405.8)
118.3099|(974.0, 408.8)
118.3269|(983.6, 405.3)
118.3437|(984.1, 405.3)
118.3768|(987.1, 404.4)
118.3935|(987.1, 405.0)
118.41|(989.1, 405.0)
118.4268|(993.1, 407.0)
118.4435|(994.4, 407.6)
118.4602|(994.4, 411.0)
118.4768|(1002.5, 412.3)
118.4935|(1506.6, 562.5)
118.5102|(1552.7, 578.2)
118.527|(1600.2, 597.2)
118.5435|(1615.7, 606.7)
118.5603|(1637.2, 620.2)
118.5771|(1647.8, 628.0)
118.5937|(1651.1, 626.8)
118.6104|(1645.9, 622.6)
118.6274|(1644.6, 615.0)
118.6438|(1633.1, 605.6)
118.6773|(1620.3, 599.4)
118.694|(1617.9, 595.3)
118.7111|(1609.3, 588.5)
118.7278|(1612.8, 592.2)
118.7442|(1614.7, 593.7)
118.7612|(1612.9, 590.9)
118.7775|(1610.5, 580.0)
118.8275|(1606.2, 579.6)
118.8443|(1606.7, 581.0)
118.8608|(1613.0, 580.6)
118.8776|(1609.9, 580.0)
118.8944|(1610.2, 580.6)
118.9109|(1610.8, 579.9)
118.9277|(1609.7, 580.0)
118.9442|(1609.0, 578.6)
118.9611|(1607.4, 577.4)
118.978|(1609.6, 583.2)
118.9944|(1609.3, 584.4)
119.0113|(1605.6, 585.0)
119.0279|(1606.7, 587.8)
119.0446|(1605.9, 587.4)
119.0614|(1606.0, 588.2)
119.0779|(1605.6, 587.7)
119.095|(1606.3, 588.0)
119.1113|(1608.7, 585.6)
119.1283|(1606.7, 585.6)
119.1449|(1605.2, 584.2)
119.1616|(1604.6, 583.6)
119.1785|(1609.6, 580.8)
119.1948|(1608.7, 581.3)
119.2118|(1609.7, 580.8)
119.2281|(1608.6, 581.6)
119.2616|(1610.0, 583.0)
119.2782|(1610.4, 581.8)
119.295|(1610.0, 580.3)
119.3119|(1609.9, 580.6)
119.3285|(1612.4, 580.4)
119.3453|(1611.3, 579.7)
119.3619|(1609.6, 579.2)
119.395|(1609.6, 579.1)
119.4118|(1605.8, 578.1)
119.4284|(1604.1, 577.5)
119.4451|(1605.3, 576.5)
119.4618|(1604.5, 574.0)
119.4785|(1602.1, 573.4)
119.4952|(1602.3, 573.1)
119.5121|(1603.1, 573.9)
119.5286|(1602.3, 574.2)
119.5452|(1602.9, 574.8)
119.5621|(1610.7, 581.6)
119.5786|(1609.2, 580.6)
119.5954|(1610.6, 580.2)
119.612|(1609.4, 580.1)
119.6288|(1609.4, 579.8)
119.6453|(1608.3, 580.2)
119.6621|(1607.5, 581.9)
119.6789|(1607.8, 586.2)
119.7122|(1611.0, 587.1)
119.7289|(1611.0, 586.7)
119.7456|(1612.9, 586.1)
119.7623|(1612.6, 585.5)
119.7791|(1588.5, 580.3)
119.7958|(933.6, 414.3)
119.8124|(922.0, 413.6)
119.8459|(902.1, 408.1)
119.8626|(872.8, 406.0)
119.8791|(861.3, 417.3)
119.9795|(875.2, 418.0)
120.0127|(1076.8, 333.1)
120.0294|(1095.4, 384.5)
120.046|(1097.1, 393.1)
120.0628|(1102.8, 408.8)
120.0794|(1108.9, 420.3)
120.0961|(1111.1, 422.7)
120.1128|(1114.1, 423.1)
120.1295|(1126.2, 424.1)
120.1629|(1160.1, 432.0)
120.1797|(1351.5, 501.0)
120.1963|(1391.7, 513.0)
120.2132|(1418.2, 520.7)
120.2298|(1448.4, 528.6)
120.2465|(1691.1, 593.7)
120.2631|(1691.4, 592.9)
120.2799|(1693.3, 588.8)
120.3133|(1693.8, 588.9)
120.3298|(1698.8, 590.5)
120.3633|(1677.0, 584.8)
120.38|(1675.2, 585.9)
120.3967|(1678.8, 590.0)
120.4301|(1678.2, 595.5)
120.4635|(1690.3, 607.8)
120.4801|(1691.1, 608.8)
120.4968|(1690.0, 610.9)
120.5136|(1690.5, 617.8)
120.5304|(1685.9, 617.4)
120.547|(1688.7, 618.3)
120.5636|(1682.6, 625.0)
120.5804|(1678.2, 622.9)
120.6137|(1674.6, 627.9)
120.6305|(1671.0, 628.0)
120.6472|(1669.0, 620.4)
120.6638|(1668.6, 622.0)
120.6805|(1667.8, 619.2)
120.6972|(1667.4, 615.8)
120.7139|(1668.9, 619.5)
120.7305|(1667.2, 613.2)
