120.7642|(1655.7, 597.9)
120.8008|(1656.9, 595.7)
120.8364|(1653.2, 598.2)
120.8533|(1627.6, 583.1)
120.8697|(1459.9, 577.7)
120.8863|(1367.4, 574.6)
120.903|(1236.7, 572.4)
120.9198|(1078.7, 568.2)
120.9366|(1060.8, 568.8)
120.9533|(1057.7, 570.3)
120.9701|(862.9, 571.3)
120.9867|(863.6, 572.9)
121.02|(851.6, 578.9)
121.0367|(850.6, 580.6)
121.0534|(850.0, 582.0)
121.0701|(850.0, 583.8)
121.0867|(852.1, 584.8)
121.1033|(852.4, 585.0)
121.1201|(856.5, 589.0)
121.1369|(853.9, 587.2)
121.1701|(852.9, 586.0)
121.1869|(859.0, 583.7)
121.2037|(858.2, 583.7)
121.2203|(857.6, 585.6)
121.2371|(857.2, 586.2)
121.2537|(845.9, 600.3)
121.2705|(834.4, 614.7)
121.2873|(827.0, 620.2)
121.3205|(800.2, 645.9)
121.3373|(800.7, 646.5)
121.354|(782.4, 661.8)
121.3705|(779.9, 662.1)
121.3875|(774.4, 662.9)
121.4208|(781.7, 658.9)
121.4378|(783.2, 656.6)
121.471|(787.1, 657.0)
121.4877|(791.2, 662.4)
121.5042|(792.0, 661.3)
121.5208|(779.2, 680.3)
121.5375|(761.1, 693.1)
121.5542|(758.7, 696.6)
121.5709|(756.3, 695.6)
121.5876|(756.3, 696.7)
121.621|(755.0, 697.5)
121.6377|(751.9, 699.0)
121.6545|(751.8, 699.6)
121.6709|(752.7, 698.7)
121.6878|(752.6, 700.0)
121.7045|(763.0, 720.1)
121.7211|(760.2, 744.9)
121.738|(750.3, 979.4)
121.7714|(748.5, 1046.7)
121.7879|(745.3, 1095.7)
121.8048|(746.5, 1098.7)
121.8214|(747.5, 1104.0)
121.8381|(751.3, 1091.9)
121.8715|(750.8, 1091.1)
121.8883|(751.9, 1089.6)
121.9216|(751.3, 1094.1)
121.9387|(750.6, 1099.8)
121.9556|(734.4, 1132.9)
121.9718|(732.6, 1132.5)
121.9883|(730.3, 1139.6)
122.005|(724.8, 1153.0)
122.022|(726.2, 1152.4)
122.0384|(728.4, 1159.2)
122.0718|(728.9, 1156.0)
122.0888|(729.7, 1151.1)
122.1056|(730.5, 1150.2)
122.1222|(734.6, 1147.1)
122.1386|(733.6, 1145.4)
122.1556|(734.0, 1142.8)
122.172|(733.1, 1138.4)
122.1889|(733.3, 1137.1)
122.2222|(732.7, 1136.6)
122.2388|(730.9, 1132.7)
122.2556|(730.3, 1132.9)
122.2724|(726.5, 1129.1)
122.2889|(727.8, 1119.4)
122.3057|(770.0, 1052.5)
122.3225|(799.2, 989.5)
122.3391|(805.5, 977.7)
122.3724|(814.3, 967.6)
122.3891|(814.2, 968.0)
122.4059|(813.3, 970.1)
122.4225|(813.9, 971.6)
122.4391|(816.0, 972.1)
122.456|(807.4, 989.9)
122.4727|(807.3, 989.7)
122.4892|(807.8, 990.6)
122.5226|(812.9, 985.1)
122.5393|(813.8, 984.8)
122.5562|(815.0, 985.5)
122.5726|(815.4, 984.9)
122.5893|(817.4, 982.9)
122.606|(820.4, 980.6)
122.6228|(820.1, 981.0)
122.6394|(818.5, 979.4)
122.6729|(819.3, 979.5)
122.6894|(818.2, 979.3)
122.7062|(780.0, 1097.5)
122.7228|(776.8, 1108.5)
122.7397|(776.3, 1109.8)
122.7562|(775.3, 1113.4)
122.773|(769.7, 1112.3)
122.7895|(766.2, 1107.1)
122.8232|(782.9, 1109.0)
122.8398|(780.9, 1108.9)
122.8565|(772.6, 1110.3)
122.8731|(767.7, 1102.9)
122.8898|(758.6, 1086.3)
122.9067|(755.8, 1052.0)
122.9232|(755.1, 1040.9)
122.9398|(753.4, 1034.3)
122.9734|(750.8, 1015.2)
122.9901|(748.6, 1011.0)
123.0066|(747.3, 1010.1)
123.0233|(740.8, 1003.6)
123.04|(732.1, 998.5)
123.0569|(737.3, 997.1)
123.0734|(744.8, 993.9)
123.0901|(744.2, 995.5)
123.1236|(749.8, 998.2)
123.1403|(751.5, 996.5)
123.1569|(758.0, 998.7)
123.1735|(757.3, 994.6)
123.1904|(793.0, 929.5)
123.207|(799.8, 915.2)
123.2236|(803.3, 904.8)
123.2404|(813.6, 882.7)
123.2738|(821.4, 875.4)
123.2906|(820.4, 873.9)
123.3072|(818.1, 872.0)
123.3238|(817.2, 883.9)
123.3573|(816.9, 885.4)
123.3739|(814.7, 887.3)
123.4241|(932.5, 872.4)
123.4577|(964.6, 866.1)
123.4909|(968.1, 867.6)
123.5074|(973.0, 874.6)
123.5242|(975.9, 893.3)
123.5409|(975.3, 894.8)
123.5744|(974.0, 896.9)
123.591|(965.7, 902.5)
123.6076|(952.3, 905.5)
123.6244|(945.3, 905.9)
123.6412|(942.6, 902.5)
123.6577|(938.3, 898.6)
123.6744|(938.3, 897.1)
123.6913|(940.0, 892.5)
123.7246|(939.8, 888.9)
123.7411|(938.5, 883.7)
123.7579|(938.2, 879.4)
123.7746|(939.9, 881.9)
123.7912|(954.8, 881.5)
123.8079|(970.1, 882.3)
123.8248|(994.1, 883.9)
123.8415|(1019.5, 885.7)
123.8748|(1016.0, 885.6)
123.8914|(1078.0, 888.7)
123.9081|(1073.0, 866.3)
123.9248|(1042.3, 840.1)
123.9417|(939.2, 727.0)
123.9583|(878.4, 659.7)
123.9748|(868.0, 649.5)
123.9916|(874.6, 659.1)
124.025|(799.2, 581.2)
124.0418|(799.6, 588.3)
124.0585|(799.6, 588.4)
124.075|(800.1, 589.5)
124.0919|(798.7, 591.6)
124.1084|(793.5, 598.9)
124.1252|(783.7, 612.2)
124.1418|(776.4, 622.2)
124.1752|(760.3, 645.9)
124.192|(757.3, 651.5)
124.2085|(725.7, 699.9)
124.2254|(725.8, 704.1)
124.242|(726.5, 702.4)
124.2587|(725.8, 703.5)
124.2755|(724.8, 704.4)
124.292|(721.7, 704.7)
124.3256|(722.3, 704.3)
124.3422|(729.9, 700.7)
124.3588|(739.9, 708.7)
124.3757|(741.3, 716.9)
124.3922|(742.1, 720.0)
124.409|(743.1, 718.5)
124.4256|(743.7, 718.4)
124.4422|(743.5, 716.6)
124.4757|(741.2, 716.5)
124.4924|(741.3, 715.6)
124.5259|(752.1, 701.8)
124.5424|(800.2, 649.0)
124.5592|(813.1, 634.2)
124.5759|(817.0, 632.0)
124.5927|(819.7, 629.8)
124.626|(819.2, 630.3)
124.6427|(818.7, 630.2)
124.6593|(817.7, 628.6)
124.6763|(818.1, 628.0)
124.6928|(817.5, 625.6)
124.7095|(817.4, 625.6)
124.7264|(817.3, 626.3)
124.743|(818.2, 622.5)
124.7763|(818.6, 620.7)
124.7929|(823.4, 619.2)
124.8096|(826.8, 620.5)
124.8263|(828.1, 622.4)
124.843|(827.2, 622.1)
124.8598|(825.3, 624.2)
124.8765|(813.4, 632.2)
124.8932|(805.6, 637.5)
124.9264|(801.0, 640.9)
124.9431|(791.1, 653.8)
124.9598|(789.3, 654.2)
124.9771|(794.3, 653.0)
124.9934|(794.4, 653.0)
125.01|(795.7, 649.5)
125.0267|(795.7, 650.2)
125.0436|(795.4, 650.2)
125.0769|(794.0, 650.1)
125.0936|(795.3, 650.1)
125.1101|(793.1, 652.4)
125.1269|(789.8, 651.9)
125.1436|(787.5, 651.6)
125.1603|(786.7, 651.7)
125.177|(786.4, 651.4)
125.1938|(788.4, 650.8)
125.2269|(788.0, 650.5)
125.2436|(790.6, 650.5)
125.2604|(793.3, 652.1)
125.277|(794.4, 650.7)
125.2938|(793.8, 651.5)
125.3106|(793.1, 649.1)
125.3271|(792.0, 649.4)
125.344|(785.3, 654.8)
125.3774|(786.9, 650.7)
125.394|(783.9, 651.3)
125.4107|(785.7, 650.3)
125.4273|(786.1, 650.6)
125.444|(787.7, 651.4)
125.4607|(788.2, 651.7)
125.4775|(788.1, 651.9)
125.4942|(789.0, 651.9)
125.5275|(787.8, 652.7)
125.5609|(779.2, 647.8)
125.5776|(768.9, 584.4)
125.5944|(770.1, 576.7)
125.6109|(769.7, 573.8)
125.6278|(772.2, 579.3)
125.6444|(771.2, 563.7)
125.6777|(776.3, 566.0)
125.6945|(776.2, 566.2)
125.7113|(764.4, 562.8)
125.7278|(762.1, 561.1)
125.7445|(768.8, 560.9)
125.7613|(778.5, 559.9)
125.778|(777.2, 559.7)
125.7946|(775.2, 559.8)
125.8282|(782.7, 558.7)
125.8448|(813.7, 521.1)
125.8614|(829.2, 490.2)
125.8781|(829.4, 486.8)
125.8948|(832.2, 481.7)
125.9115|(831.7, 479.3)
125.928|(834.7, 476.7)
125.9448|(835.3, 471.4)
125.9783|(836.4, 471.4)
125.9949|(826.5, 443.1)
126.0118|(800.6, 381.7)
126.0282|(785.3, 333.7)
126.045|(774.2, 300.2)
126.0616|(778.0, 297.6)
126.0784|(779.7, 297.7)
126.0951|(781.6, 300.3)
126.1285|(783.0, 301.5)
126.1451|(783.6, 300.0)
126.1623|(782.6, 308.6)
126.1785|(782.4, 307.6)
126.1952|(785.9, 314.2)
126.2121|(787.4, 314.9)
126.2289|(792.6, 331.0)
126.2456|(795.1, 335.0)
126.2788|(801.0, 339.1)
126.2954|(802.1, 338.5)
126.3121|(801.1, 337.9)
126.3287|(801.1, 337.4)
126.3456|(798.1, 334.5)
126.3622|(787.1, 338.4)
126.3789|(783.9, 337.4)
126.3957|(773.0, 334.9)
126.4288|(753.1, 335.2)
126.4456|(738.8, 333.1)
126.4625|(739.7, 333.3)
126.4789|(739.6, 333.0)
126.4957|(744.4, 331.8)
126.5127|(743.4, 331.2)
126.5292|(743.0, 325.8)
126.546|(744.0, 295.4)
126.5793|(744.1, 290.1)
126.5961|(754.8, 283.8)
126.6126|(753.9, 281.8)
126.6294|(753.5, 282.9)
126.6459|(751.6, 281.3)
126.663|(751.5, 282.0)
126.6794|(751.7, 282.9)
126.6962|(748.8, 283.4)
126.7295|(747.8, 285.0)
126.7462|(893.4, 298.5)
126.7629|(935.6, 299.8)
126.7797|(939.0, 295.0)
126.7963|(947.8, 293.6)
126.813|(952.8, 294.0)
126.83|(954.9, 290.7)
126.8462|(951.6, 290.3)
126.8796|(949.4, 289.4)
126.8965|(952.9, 289.1)
126.9133|(952.5, 289.6)
126.9299|(954.1, 289.6)
126.9466|(958.4, 287.0)
126.9635|(959.2, 286.5)
126.9802|(960.0, 287.2)
126.9968|(959.4, 287.7)
127.0134|(967.9, 289.0)
127.0303|(979.3, 293.7)
127.047|(975.4, 293.2)
127.0634|(999.5, 299.5)
127.08|(1009.5, 302.0)
127.0968|(1014.7, 302.7)
127.1137|(1021.3, 303.3)
127.1302|(1024.9, 302.6)
127.147|(1027.8, 303.8)
127.1802|(1028.1, 302.5)
127.1972|(1030.9, 295.1)
127.2136|(1022.7, 284.7)
127.2302|(1004.7, 276.5)
127.247|(920.4, 251.1)
127.2638|(909.4, 248.7)
127.2805|(917.5, 252.0)
127.297|(910.2, 250.9)
127.3305|(875.3, 246.3)
127.3472|(873.5, 245.6)
127.364|(866.0, 246.0)
127.3807|(865.1, 249.1)
127.3973|(864.6, 249.4)
127.4141|(863.0, 248.7)
127.4307|(863.2, 248.7)
127.4474|(862.2, 246.9)
127.4641|(859.4, 243.7)
127.4806|(859.0, 243.0)
127.4975|(857.9, 242.9)
127.5142|(857.9, 242.2)
127.5307|(885.5, 216.5)
127.5476|(886.8, 215.5)
127.5643|(885.0, 217.2)
127.5811|(894.0, 213.0)
127.5976|(895.3, 213.1)
127.6309|(893.7, 211.2)
127.6478|(895.1, 211.0)
127.6642|(897.5, 207.0)
127.681|(897.3, 206.9)
127.6979|(900.0, 207.6)
127.7144|(899.1, 207.6)
127.7312|(896.5, 210.0)
127.7479|(895.1, 209.2)
127.7814|(825.8, 206.0)
127.798|(827.7, 202.1)
127.8148|(826.3, 200.9)
127.8315|(818.6, 202.7)
127.8481|(800.6, 200.0)
127.8649|(802.0, 202.7)
127.8815|(804.3, 204.7)
127.898|(788.4, 197.1)
127.9147|(794.7, 204.3)
127.9316|(796.3, 205.3)
127.9482|(798.4, 204.6)
127.9649|(800.3, 201.1)
127.9816|(804.4, 203.6)
127.9985|(804.4, 205.3)
128.0151|(803.0, 212.9)
128.032|(808.4, 228.4)
128.0483|(808.6, 227.4)
128.0818|(808.3, 233.0)
128.0986|(807.5, 230.0)
128.1151|(807.0, 229.4)
128.1319|(806.6, 230.3)
128.1486|(804.7, 231.0)
128.1654|(802.5, 228.9)
128.1819|(801.9, 230.3)
128.1988|(800.8, 224.5)
128.232|(789.7, 205.4)
128.2486|(796.5, 202.7)
128.2655|(797.2, 204.6)
128.282|(798.8, 205.7)
128.2989|(801.5, 204.7)
128.3156|(801.1, 204.2)
128.3322|(800.3, 205.4)
128.3488|(799.7, 205.8)
128.3657|(799.5, 204.4)
128.3822|(797.0, 206.6)
128.3988|(796.9, 207.0)
128.4156|(796.7, 206.5)
128.4323|(796.3, 205.0)
128.4492|(799.3, 201.2)
128.4656|(795.8, 198.2)
128.4824|(783.5, 176.9)
128.4993|(782.4, 169.7)
128.5158|(776.7, 160.8)
128.5326|(774.4, 151.9)
128.5492|(771.5, 143.3)
128.5658|(771.4, 143.9)
128.5826|(771.4, 144.1)
128.5994|(779.5, 138.6)
128.616|(791.9, 136.1)
128.6327|(886.4, 114.4)
128.6659|(921.9, 106.3)
128.6828|(922.8, 107.3)
128.6994|(929.9, 110.2)
128.7161|(930.9, 110.1)
128.7329|(926.6, 106.6)
128.7496|(932.8, 107.8)
128.7663|(930.1, 106.8)
128.7832|(930.5, 108.0)
128.7997|(928.5, 108.1)
128.8163|(926.7, 108.6)
128.8329|(927.8, 109.2)
128.8496|(936.8, 109.6)
128.8664|(954.2, 109.3)
128.8831|(979.4, 110.3)
128.8997|(983.0, 111.6)
128.9165|(1005.6, 112.6)
128.933|(1041.2, 115.8)
128.95|(1046.8, 112.9)
128.9666|(1048.2, 114.8)
128.9834|(1049.1, 114.5)
129.0001|(1050.2, 112.1)
129.0167|(1048.5, 108.5)
129.0334|(1046.3, 108.7)
129.0502|(1046.1, 109.2)
129.0667|(1045.1, 111.8)
129.0833|(1045.7, 113.7)
129.1169|(1043.0, 117.8)
129.1336|(1043.1, 117.9)
129.1502|(971.9, 169.6)
129.1671|(892.1, 212.9)
129.1837|(871.5, 226.3)
129.2003|(844.3, 245.4)
129.2172|(848.4, 244.2)
129.2506|(850.0, 244.1)
129.267|(854.8, 242.2)
129.4175|(881.5, 224.9)
129.4341|(867.1, 225.8)
129.4507|(854.9, 233.8)
129.4674|(833.6, 232.0)
129.4841|(842.0, 229.7)
129.5007|(848.7, 228.5)
129.5175|(842.3, 231.4)
129.5342|(832.0, 239.6)
129.5679|(834.9, 239.2)
129.5842|(836.2, 242.7)
129.6009|(835.2, 244.1)
129.6176|(831.6, 243.7)
129.6345|(827.6, 244.2)
129.651|(816.3, 250.4)
129.6677|(796.3, 286.4)
129.6844|(793.0, 291.2)
129.718|(790.7, 295.0)
129.7345|(793.1, 298.4)
129.7511|(795.4, 302.2)
129.768|(797.0, 305.0)
129.7848|(798.1, 308.7)
129.8013|(798.6, 310.9)
129.8181|(797.2, 312.9)
129.8348|(795.4, 316.0)
129.8681|(796.6, 316.2)
129.8849|(797.4, 316.1)
129.9017|(796.9, 315.7)
129.9182|(801.9, 310.2)
129.935|(800.9, 308.6)
129.9516|(801.4, 308.3)
129.9684|(802.0, 307.9)
129.985|(808.0, 307.2)
130.0183|(889.6, 302.8)
130.035|(902.7, 302.8)
130.0517|(944.1, 301.1)
130.0685|(946.3, 299.9)
130.0852|(950.3, 299.2)
130.1018|(950.3, 296.2)
130.1184|(957.4, 296.0)
130.1352|(960.0, 295.8)
130.1685|(961.2, 295.9)
130.1853|(963.8, 296.6)
130.2019|(964.5, 297.6)
130.2189|(962.7, 297.9)
130.2353|(963.7, 298.3)
130.2521|(962.8, 302.4)
130.2854|(961.1, 300.7)
130.3188|(961.8, 298.5)
130.3354|(961.0, 300.2)
130.3523|(954.1, 297.4)
130.369|(928.2, 296.0)
130.3857|(830.3, 293.6)
130.4022|(803.4, 291.9)
130.4192|(788.5, 290.8)
130.4356|(777.6, 289.2)
130.4691|(778.4, 287.8)
130.4859|(778.7, 287.0)
130.5023|(779.7, 286.5)
130.5193|(786.1, 287.6)
130.5358|(785.3, 287.9)
130.5525|(786.9, 287.6)
130.5692|(782.0, 285.7)
130.5859|(777.6, 286.8)
130.6193|(775.2, 287.1)
130.6361|(772.7, 287.9)
130.6529|(775.7, 290.2)
130.6694|(772.4, 291.2)
130.7862|(779.3, 308.6)
130.803|(892.7, 53.3)
130.8196|(842.6, 121.7)
130.8364|(779.9, 203.3)
130.853|(770.2, 238.7)
130.8697|(763.9, 259.2)
130.8866|(759.2, 275.1)
130.9198|(752.4, 295.2)
130.9365|(752.9, 294.3)
130.9532|(746.9, 296.9)
130.9701|(748.0, 296.4)
130.9865|(739.7, 301.7)
131.0032|(738.8, 301.6)
131.0201|(740.9, 311.5)
131.0367|(744.6, 337.0)
131.07|(747.3, 341.8)
131.0866|(756.5, 354.7)
131.1036|(755.8, 358.2)
131.1203|(756.0, 359.2)
131.1368|(757.1, 358.6)
131.1535|(757.0, 356.7)
131.1702|(760.2, 352.3)
131.187|(771.5, 343.0)
131.2202|(778.6, 337.5)
131.237|(780.1, 337.2)
131.2538|(777.8, 326.7)
131.2703|(781.0, 319.7)
131.2871|(727.1, 282.7)
131.3206|(733.0, 284.1)
131.3371|(736.6, 285.2)
131.3706|(732.7, 285.4)
131.3873|(729.3, 285.2)
131.4041|(737.9, 284.1)
131.4207|(735.8, 284.5)
131.4374|(740.1, 283.0)
131.4541|(779.5, 286.0)
131.4707|(839.5, 290.0)
131.4875|(877.3, 291.9)
131.5208|(900.4, 292.8)
131.5376|(903.4, 291.2)
131.5707|(899.7, 290.6)
131.5876|(906.7, 292.5)
131.6042|(903.2, 291.9)
131.6208|(901.7, 292.5)
131.6377|(900.0, 290.4)
131.6711|(899.4, 290.6)
131.6879|(897.3, 287.9)
131.7046|(893.5, 291.1)
131.7211|(836.5, 332.8)
131.7379|(808.7, 348.1)
131.7545|(803.1, 350.2)
131.7715|(803.2, 349.9)
131.7879|(803.0, 349.5)
131.8213|(797.6, 350.8)
131.838|(797.7, 350.9)
131.8547|(798.7, 349.9)
131.8715|(797.2, 351.3)
131.8882|(802.4, 350.0)
131.9048|(790.3, 335.4)
131.9216|(777.9, 326.0)
131.9383|(769.2, 318.5)
131.9715|(763.4, 313.3)
131.9886|(743.0, 295.3)
132.0049|(744.9, 294.0)
132.0216|(745.4, 293.4)
132.0382|(746.7, 292.9)
132.0551|(736.4, 295.7)
132.0718|(731.9, 295.9)
132.0884|(733.5, 295.8)
132.1218|(750.6, 295.8)
132.1387|(748.9, 295.9)
132.1552|(885.2, 297.4)
132.1719|(915.4, 297.5)
132.1885|(914.9, 296.7)
132.2053|(935.1, 294.3)
132.2221|(936.2, 293.8)
132.2387|(938.9, 292.1)
132.272|(939.0, 292.7)
132.2888|(939.1, 292.6)
132.3055|(939.1, 294.9)
132.3221|(939.1, 296.1)
132.3555|(938.8, 295.9)
132.3722|(943.8, 296.6)
132.3889|(968.6, 298.9)
132.4225|(970.2, 299.1)
132.439|(975.3, 299.9)
132.4558|(993.2, 299.2)
132.4724|(996.6, 300.2)
132.4891|(992.2, 302.4)
132.506|(992.4, 303.2)
132.5224|(993.1, 303.4)
132.5392|(993.3, 303.6)
132.5727|(988.2, 305.1)
132.5893|(988.9, 304.7)
132.606|(986.1, 301.4)
132.6226|(984.3, 301.1)
132.6394|(816.0, 288.7)
132.656|(812.5, 288.5)
132.6729|(815.3, 288.9)
132.6894|(811.1, 289.0)
132.7229|(788.6, 287.9)
132.7395|(796.9, 291.3)
132.7563|(796.5, 288.0)
132.7729|(795.0, 288.4)
132.7896|(785.0, 287.2)
132.8064|(784.1, 286.7)
132.8228|(785.4, 286.5)
132.8396|(785.1, 288.1)
132.8732|(793.9, 289.6)
132.8898|(792.8, 288.9)
132.9066|(796.4, 290.8)
132.9232|(799.5, 291.4)
132.9398|(803.6, 290.1)
132.9567|(803.8, 289.7)
132.9732|(802.8, 288.9)
132.99|(799.4, 288.2)
133.0234|(799.9, 288.0)
133.0401|(847.3, 293.3)
133.0566|(886.6, 297.9)
133.0734|(905.9, 299.8)
133.0901|(940.4, 299.8)
133.1067|(978.1, 294.9)
133.1236|(983.8, 292.7)
133.1404|(987.4, 291.5)
133.1738|(987.4, 288.3)
133.1903|(988.0, 288.1)
133.207|(989.3, 290.2)
133.2235|(988.6, 293.1)
133.2404|(986.0, 295.6)
133.2571|(984.7, 295.4)
133.2738|(982.4, 295.0)
133.2903|(980.6, 294.7)
133.3239|(978.6, 294.7)
133.3404|(977.1, 294.2)
133.3573|(981.7, 294.0)
133.3906|(980.2, 292.1)
133.4073|(958.7, 287.9)
133.4239|(864.4, 270.0)
133.4407|(843.0, 265.2)
133.4741|(834.0, 255.7)
133.4908|(830.1, 254.8)
133.5075|(830.2, 253.1)
133.5241|(830.7, 250.4)
133.5409|(828.4, 249.7)
133.5575|(827.7, 249.1)
133.5744|(827.3, 250.5)
133.591|(827.0, 251.6)
133.6243|(828.7, 253.0)
133.6409|(834.3, 255.1)
133.6577|(860.5, 253.9)
133.6744|(913.0, 251.3)
133.691|(920.4, 251.5)
133.7079|(913.4, 252.5)
133.7244|(909.1, 253.4)
133.7412|(910.7, 255.6)
133.7746|(912.9, 254.5)
133.7913|(916.0, 251.0)
133.808|(919.7, 249.7)
133.8246|(917.8, 249.5)
133.8419|(916.9, 248.5)
133.858|(916.8, 245.9)
133.8746|(916.0, 244.8)
133.8914|(915.3, 244.0)
133.9249|(884.2, 219.2)
133.9416|(870.0, 208.2)
133.9583|(853.7, 206.2)
133.9749|(855.5, 204.5)
133.9919|(850.9, 208.5)
134.0083|(850.3, 209.8)
134.025|(846.3, 209.2)
134.0417|(842.6, 208.2)
134.0753|(844.7, 207.9)
134.0917|(843.4, 207.1)
134.1085|(839.2, 206.2)
134.1251|(838.8, 206.6)
134.1418|(835.9, 206.3)
134.1586|(833.9, 206.0)
134.1753|(832.4, 205.4)
134.192|(825.0, 203.3)
134.2255|(826.4, 203.9)
134.242|(823.7, 203.1)
134.2587|(824.8, 201.8)
134.2754|(821.6, 202.2)
134.2921|(824.0, 201.4)
134.3088|(810.4, 201.5)
134.3254|(803.6, 201.8)
134.3423|(801.5, 203.0)
134.3757|(795.0, 204.6)
134.3923|(795.3, 208.1)
134.4258|(798.0, 209.5)
134.4424|(799.2, 209.3)
134.459|(856.1, 207.4)
134.4758|(884.6, 206.9)
134.4925|(903.8, 207.8)
134.5258|(931.9, 208.5)
134.5425|(933.9, 208.5)
134.5759|(936.8, 208.9)
134.5925|(937.3, 207.7)
134.6093|(937.6, 206.1)
134.6261|(938.0, 206.8)
134.6429|(933.1, 206.5)
134.6761|(933.4, 206.9)
134.6927|(935.6, 207.7)
134.7096|(938.0, 203.0)
134.7261|(941.5, 205.7)
134.7428|(941.9, 206.6)
134.7594|(941.4, 206.0)
134.7763|(939.4, 203.9)
134.793|(939.4, 204.0)
134.8264|(941.9, 216.2)
134.8429|(938.9, 218.7)
134.8596|(925.0, 242.2)
134.8766|(920.9, 245.4)
134.8931|(920.3, 244.2)
134.9097|(914.2, 239.5)
134.9264|(916.2, 240.3)
134.9431|(913.9, 238.6)
134.9767|(919.5, 241.0)
135.01|(926.1, 243.7)
135.0269|(925.8, 243.6)
135.0434|(929.0, 245.2)
135.06|(928.9, 243.4)
135.0768|(928.0, 240.9)
135.0935|(930.6, 240.8)
135.1268|(932.7, 239.6)
135.1436|(935.2, 235.9)
135.1601|(943.1, 244.3)
135.177|(947.4, 247.7)
135.1936|(951.3, 247.8)
135.2104|(951.9, 248.3)
135.227|(952.3, 247.0)
135.2438|(953.0, 243.6)
135.2772|(954.8, 232.8)
135.2937|(953.3, 229.1)
135.3104|(954.0, 218.4)
135.3271|(958.2, 212.7)
135.344|(957.9, 210.7)
135.3605|(957.9, 208.1)
135.3773|(952.3, 205.7)
135.3942|(949.9, 204.4)
135.4275|(957.0, 204.4)
135.4607|(961.9, 206.0)
135.4773|(962.3, 207.4)
135.494|(940.6, 207.3)
135.5108|(940.6, 206.2)
135.5275|(942.2, 205.6)
135.5443|(938.5, 204.5)
135.5776|(939.1, 203.2)
135.5942|(941.7, 203.3)
135.6111|(943.2, 204.4)
135.6275|(944.9, 205.1)
135.6446|(944.0, 206.1)
135.6612|(941.6, 203.3)
135.6777|(936.1, 198.1)
135.6945|(936.9, 195.4)
135.7279|(936.8, 194.4)
135.7444|(940.3, 196.2)
135.7612|(941.1, 195.2)
135.7779|(938.2, 192.4)
135.7945|(931.2, 132.5)
135.8113|(930.8, 130.9)
135.8281|(925.0, 123.9)
135.8448|(924.2, 122.5)
135.8781|(919.9, 117.1)
135.8947|(918.7, 116.1)
135.9116|(920.2, 116.3)
135.9281|(920.6, 116.8)
135.9448|(920.8, 120.9)
135.9616|(918.7, 121.7)
135.9783|(915.2, 120.5)
135.995|(916.9, 121.8)
136.0284|(915.1, 122.7)
136.0449|(1001.5, 119.5)
136.0617|(1012.4, 119.9)
136.0784|(1030.0, 118.9)
136.0951|(1032.8, 111.7)
136.112|(1034.9, 107.2)
136.1285|(1035.3, 110.9)
136.1453|(1038.5, 109.9)
136.1786|(1035.2, 105.1)
136.1952|(1031.2, 101.2)
136.2119|(1034.4, 106.4)
136.2287|(1034.9, 107.5)
136.2454|(975.6, 230.3)
136.2621|(969.1, 241.4)
136.2788|(969.3, 235.9)
136.2954|(961.0, 248.7)
136.3289|(952.7, 267.5)
136.3454|(951.4, 267.0)
136.3622|(953.2, 267.4)
136.379|(950.6, 267.2)
136.3956|(939.0, 264.9)
136.4122|(935.6, 265.4)
136.4291|(934.4, 266.0)
136.4458|(935.8, 266.2)
136.4623|(934.8, 266.7)
136.4959|(937.4, 266.6)
136.5125|(935.0, 268.1)
136.5291|(904.9, 278.4)
136.5458|(901.5, 279.9)
136.5626|(893.1, 284.1)
136.5792|(880.1, 288.1)
136.6293|(849.9, 302.2)
136.6462|(850.1, 298.9)
136.6627|(850.3, 298.7)
136.6793|(851.8, 306.1)
136.6962|(841.6, 321.7)
136.7128|(838.8, 356.7)
136.7296|(798.2, 707.9)
136.7461|(789.9, 779.0)
136.7796|(776.3, 899.9)
136.7963|(775.8, 910.9)
136.813|(780.5, 908.8)
136.8297|(781.7, 906.5)
136.8463|(783.0, 907.4)
136.8632|(784.7, 913.7)
136.8797|(784.0, 918.6)
136.8966|(781.6, 929.0)
136.93|(781.9, 931.2)
136.9466|(780.2, 929.5)
136.9632|(779.3, 930.9)
136.9799|(781.1, 924.1)
136.9966|(784.0, 926.0)
137.0134|(785.3, 930.2)
137.03|(784.6, 929.2)
137.0468|(784.5, 927.7)
137.0801|(771.6, 1025.5)
137.0969|(770.1, 1043.1)
137.1134|(767.3, 1078.0)
137.1301|(768.2, 1075.2)
137.1469|(769.5, 1074.2)
137.1634|(769.8, 1074.0)
137.1803|(768.2, 1073.2)
137.1968|(768.2, 1072.0)
137.2303|(772.4, 1069.9)
137.247|(773.1, 1071.4)
137.2637|(773.0, 1071.3)
137.2804|(771.7, 1070.2)
137.2971|(770.6, 1070.1)
137.3138|(769.0, 1069.1)
137.3305|(768.8, 1068.1)
137.3472|(768.5, 1067.2)
137.3639|(768.7, 1063.4)
137.3807|(767.7, 1061.2)
137.3974|(768.5, 1060.5)
137.4139|(767.2, 1060.6)
137.4307|(766.1, 1054.6)
137.4474|(759.4, 917.1)
137.464|(758.6, 915.2)
137.4808|(760.1, 908.0)
137.4974|(761.9, 902.4)
137.5307|(764.0, 904.1)
137.5476|(767.3, 901.3)
137.564|(767.0, 900.3)
137.581|(765.5, 900.7)
137.5976|(763.4, 891.5)
137.6142|(765.6, 889.8)
137.631|(759.2, 896.4)
137.6476|(760.9, 926.1)
137.6809|(764.4, 1029.6)
137.6977|(762.4, 1036.5)
137.7146|(763.0, 1093.7)
137.7311|(763.3, 1140.8)
137.748|(759.4, 1145.2)
137.7647|(761.0, 1141.4)
137.7813|(759.8, 1137.7)
137.7979|(763.4, 1133.0)
137.8146|(762.0, 1130.9)
137.8313|(763.3, 1126.2)
137.848|(761.7, 1124.1)
137.8648|(762.6, 1124.3)
137.8812|(763.2, 1096.3)
137.8982|(766.6, 954.9)
137.9149|(767.4, 799.8)
137.9316|(766.3, 732.2)
137.9481|(765.5, 667.3)
137.9816|(762.2, 642.5)
137.9985|(762.7, 645.4)
138.0149|(762.7, 647.7)
138.0317|(762.7, 648.8)
138.0483|(764.8, 650.4)
138.065|(762.4, 659.4)
138.0818|(761.3, 655.0)
138.132|(759.1, 663.1)
138.1484|(754.8, 666.2)
138.1651|(752.7, 669.8)
138.182|(750.9, 675.5)
138.1987|(743.1, 684.8)
138.2154|(739.5, 681.0)
138.232|(739.6, 681.7)
138.2489|(740.5, 683.7)
138.2653|(740.5, 696.8)
138.282|(734.4, 693.0)
138.2988|(735.4, 693.1)
138.3156|(737.7, 695.4)
138.3322|(746.8, 694.2)
138.3489|(745.3, 692.1)
138.3655|(746.3, 691.9)
138.3823|(746.6, 692.0)
138.3991|(746.3, 692.4)
138.4155|(745.9, 694.8)
138.4324|(745.6, 694.4)
138.4489|(746.0, 693.0)
138.4657|(746.1, 692.5)
138.4825|(746.2, 689.7)
138.4992|(747.8, 688.5)
138.5158|(747.7, 689.2)
138.5325|(749.7, 690.4)
138.5659|(753.9, 689.0)
138.5827|(756.6, 682.0)
138.5992|(828.1, 417.9)
138.6159|(849.9, 327.6)
138.6326|(863.4, 268.8)
138.6494|(881.8, 188.0)
138.6661|(882.5, 185.9)
138.6993|(886.1, 181.3)
138.7163|(883.5, 180.5)
138.7327|(888.4, 179.8)
138.7494|(885.5, 183.1)
138.7664|(882.4, 184.9)
138.783|(875.8, 189.4)
138.7997|(858.0, 236.6)
138.8163|(844.8, 272.3)
138.833|(816.1, 319.2)
138.8498|(813.3, 324.5)
138.8664|(808.5, 341.7)
138.8831|(812.6, 339.4)
138.8997|(813.4, 338.8)
138.9166|(815.0, 340.0)
138.9332|(815.3, 339.5)
138.9499|(814.7, 338.9)
138.9666|(812.6, 337.3)
138.9833|(888.5, 287.3)
139.0167|(943.7, 249.1)
139.0333|(939.6, 249.2)
139.0501|(954.7, 235.7)
139.0668|(954.1, 230.8)
139.0835|(953.4, 223.9)
139.1003|(953.4, 228.7)
139.1168|(954.2, 229.2)
139.1501|(954.5, 231.2)
139.167|(954.8, 232.7)
139.1836|(956.8, 235.3)
139.2003|(962.0, 234.5)
139.217|(960.7, 232.4)
139.2336|(960.7, 232.5)
139.2503|(957.3, 233.7)
139.2669|(948.2, 237.2)
139.2837|(909.7, 254.4)
139.3004|(905.0, 256.1)
139.3173|(894.0, 258.5)
139.3338|(893.8, 259.3)
139.3505|(889.3, 258.8)
139.3672|(880.3, 258.6)
139.3839|(880.7, 263.7)
139.4005|(881.0, 263.8)
139.4173|(882.7, 264.6)
139.4339|(883.5, 264.5)
139.4674|(879.7, 268.2)
139.4841|(880.1, 268.3)
139.5007|(782.3, 276.7)
139.5176|(778.3, 277.2)
139.5341|(778.0, 277.2)
139.551|(776.6, 278.9)
139.5674|(778.5, 279.0)
139.5842|(783.6, 280.3)
139.6177|(782.1, 279.7)
139.6342|(766.4, 278.8)
139.651|(767.8, 281.3)
139.6679|(768.2, 281.5)
139.7011|(773.5, 290.3)
139.718|(772.4, 289.5)
139.7512|(774.5, 291.7)
139.7679|(770.9, 289.7)
139.7846|(892.3, 104.5)
139.8014|(889.6, 110.0)
139.8181|(895.8, 100.3)
139.8349|(898.2, 101.0)
139.8514|(899.1, 101.2)
139.8681|(899.8, 101.0)
139.8846|(902.9, 98.0)
139.9182|(904.2, 97.2)
139.9348|(905.4, 97.1)
139.9516|(910.4, 95.6)
139.9683|(908.0, 96.5)
139.9849|(912.5, 88.4)
140.0018|(913.7, 86.3)
140.0182|(996.5, 98.2)
140.0351|(1034.0, 103.3)
140.0684|(1054.6, 106.2)
140.1019|(1061.4, 107.4)
140.1185|(1059.4, 107.6)
140.1353|(1059.9, 107.6)
140.1519|(1054.7, 107.6)
140.2186|(1056.4, 111.3)
140.2353|(1058.4, 112.8)
140.2521|(909.0, 426.2)
140.269|(807.6, 668.5)
140.2855|(788.4, 720.7)
140.302|(785.4, 724.6)
140.3189|(781.4, 731.5)
140.3355|(775.6, 740.9)
140.3689|(777.9, 751.3)
140.3857|(779.3, 754.1)
140.4024|(777.6, 748.5)
140.4191|(777.7, 750.0)
140.4356|(781.0, 759.4)
140.4523|(780.9, 759.3)
140.469|(783.4, 751.2)
140.5193|(786.7, 748.1)
140.5357|(788.9, 747.8)
140.5526|(819.8, 665.7)
140.5693|(1003.2, 128.3)
140.5859|(1017.1, 87.8)
140.6025|(1022.2, 75.3)
140.6193|(1023.5, 66.6)
140.6362|(1024.7, 66.7)
140.6694|(1026.0, 65.8)
140.6861|(1028.3, 63.9)
140.7028|(1030.3, 63.5)
140.7196|(1027.8, 61.1)
140.7363|(1029.2, 61.6)
140.753|(893.2, 95.9)
140.7696|(866.6, 101.6)
140.7864|(859.1, 103.5)
140.8196|(839.9, 108.3)
140.8364|(838.0, 108.4)
140.8531|(834.0, 106.3)
140.8699|(835.9, 104.4)
140.8864|(834.6, 105.0)
140.903|(836.1, 104.1)
140.9197|(837.5, 101.8)
140.9364|(839.9, 98.6)
140.9698|(839.2, 98.6)
140.9866|(837.2, 105.1)
141.0033|(853.4, 122.6)
141.0201|(917.6, 179.5)
141.0367|(925.3, 186.3)
141.0533|(938.4, 194.8)
141.0701|(941.6, 196.3)
141.0869|(948.5, 191.2)
141.1201|(947.4, 188.3)
141.1368|(947.7, 190.0)
141.1535|(945.1, 192.8)
141.1702|(943.7, 190.4)
141.187|(944.8, 186.7)
141.2203|(939.4, 197.6)
141.2369|(935.1, 199.7)
141.2704|(897.2, 199.5)
141.287|(897.4, 198.4)
141.3038|(842.3, 204.5)
141.3206|(839.8, 205.4)
141.3371|(836.6, 208.1)
141.3539|(832.5, 211.6)
141.3707|(831.8, 207.8)
141.3872|(832.2, 205.1)
141.4207|(831.7, 204.2)
141.4374|(831.0, 205.5)
141.4541|(835.0, 206.7)
141.4707|(835.4, 205.7)
141.4873|(836.4, 203.9)
141.5041|(832.5, 201.9)
141.5207|(833.6, 201.1)
141.5374|(827.6, 200.5)
141.5708|(812.2, 197.7)
141.5876|(806.3, 195.9)
141.6044|(809.6, 192.4)
141.621|(847.9, 170.9)
141.6375|(993.0, 128.9)
141.6543|(996.1, 128.7)
141.6712|(1012.4, 124.8)
141.6878|(1033.4, 120.0)
141.7213|(1055.4, 118.1)
141.7378|(1054.2, 117.1)
141.7547|(1047.8, 112.2)
141.7713|(1054.7, 114.3)
141.8046|(1059.9, 113.6)
141.8215|(1056.9, 111.6)
141.838|(1059.1, 110.2)
141.8713|(1058.0, 109.3)
141.8882|(1054.8, 107.8)
141.9216|(1058.2, 106.7)
141.9381|(1065.8, 105.3)
141.9549|(776.6, 510.9)
141.9714|(769.7, 520.9)
141.9884|(755.4, 539.8)
142.0217|(755.9, 539.0)
142.0385|(751.9, 548.7)
142.055|(748.5, 556.0)
142.0717|(743.1, 555.1)
142.0885|(746.4, 552.2)
142.105|(747.3, 550.2)
142.1218|(744.5, 548.3)
142.1384|(740.9, 549.9)
142.172|(740.6, 553.4)
142.1886|(739.3, 567.1)
142.2053|(730.9, 604.3)
142.222|(723.5, 638.8)
142.2388|(697.2, 683.4)
142.2557|(698.5, 688.0)
142.2722|(697.4, 689.2)
142.2887|(700.8, 696.1)
142.3222|(702.1, 695.4)
142.3389|(704.6, 696.8)
142.3722|(705.9, 694.4)
142.3889|(712.1, 693.1)
142.4059|(720.9, 684.1)
142.4222|(721.6, 683.2)
142.4724|(731.1, 668.3)
142.4891|(734.1, 663.0)
142.5057|(741.5, 651.1)
142.5225|(741.0, 652.0)
142.5391|(742.9, 652.7)
142.5559|(743.8, 651.8)
142.5725|(744.4, 650.7)
142.5892|(743.3, 650.0)
142.6228|(742.3, 647.3)
142.6393|(740.2, 645.1)
142.6561|(748.7, 644.9)
142.6725|(759.5, 646.7)
142.6894|(772.1, 650.9)
142.7061|(774.2, 651.7)
142.7228|(774.2, 651.4)
142.7395|(784.7, 653.8)
142.7731|(786.2, 654.0)
142.7896|(785.6, 651.0)
142.8062|(790.4, 651.0)
142.8397|(796.0, 649.6)
142.8566|(797.4, 647.9)
142.8733|(798.3, 646.8)
142.8899|(796.4, 645.3)
142.9238|(790.5, 639.2)
142.9401|(789.6, 637.0)
142.9566|(790.3, 638.3)
142.9733|(789.4, 638.9)
142.99|(790.8, 641.2)
143.0067|(791.0, 641.7)
143.0235|(790.5, 640.3)
143.0403|(790.4, 640.0)
143.0737|(790.1, 641.1)
143.09|(789.7, 641.5)
143.1068|(786.2, 647.0)
143.1234|(783.4, 658.4)
143.1401|(782.2, 657.6)
143.157|(781.2, 653.0)
143.1737|(780.6, 652.7)
143.1904|(779.4, 653.9)
143.2238|(780.2, 654.3)
143.2405|(779.8, 652.1)
143.2571|(784.1, 653.7)
143.2912|(786.7, 654.4)
143.3076|(786.1, 653.8)
143.324|(786.7, 652.3)
143.3407|(787.3, 650.0)
143.374|(787.8, 644.9)
143.3906|(789.0, 645.4)
143.4071|(787.5, 647.0)
143.424|(823.6, 650.5)
143.4406|(838.6, 651.7)
143.4573|(845.5, 654.0)
143.4742|(844.8, 654.9)
143.4909|(850.6, 659.0)
143.5242|(849.7, 658.3)
143.5409|(850.8, 658.9)
143.5574|(848.7, 662.0)
143.5744|(851.7, 667.6)
143.5909|(849.7, 664.2)
143.6075|(843.3, 653.5)
143.6244|(816.3, 617.9)
143.6409|(820.0, 622.0)
143.6745|(815.9, 617.7)
143.6912|(804.6, 605.5)
143.7077|(804.4, 609.5)
143.7244|(804.0, 609.4)
143.741|(802.9, 607.0)
143.7579|(807.3, 609.6)
143.7745|(807.4, 605.6)
143.7914|(808.3, 605.2)
143.8248|(807.0, 602.0)
143.8413|(809.2, 601.9)
143.8746|(808.3, 606.1)
143.8915|(808.5, 610.9)
143.908|(807.5, 611.8)
143.9247|(807.5, 612.6)
143.9416|(806.2, 616.9)
143.9751|(807.5, 619.0)
143.9916|(806.6, 620.1)
144.0082|(797.0, 618.1)
144.0251|(783.7, 604.4)
144.0417|(778.7, 600.4)
144.0584|(779.8, 596.0)
144.0752|(780.1, 593.6)
144.1253|(782.2, 588.3)
144.1418|(786.5, 588.1)
144.1586|(783.3, 592.1)
144.1752|(891.9, 582.2)
144.1919|(913.9, 582.1)
144.2086|(922.4, 582.2)
144.2252|(927.3, 582.5)
144.2756|(934.5, 578.7)
144.2921|(933.6, 575.6)
144.3255|(937.4, 577.3)
144.3421|(936.3, 576.5)
144.3588|(935.5, 575.8)
144.3756|(933.1, 575.0)
144.3924|(932.0, 575.0)
144.4257|(868.7, 593.2)
144.4423|(866.1, 593.9)
144.4589|(813.1, 609.6)
144.4758|(812.8, 612.1)
144.4923|(801.8, 619.0)
144.5092|(802.9, 621.0)
144.526|(803.1, 622.3)
144.576|(804.1, 622.7)
144.6093|(812.1, 636.1)
144.6427|(812.2, 636.9)
144.6593|(809.9, 637.1)
144.6929|(813.3, 655.2)
144.793|(809.4, 591.2)
144.8263|(817.2, 623.2)
144.843|(817.3, 639.5)
144.8765|(816.7, 632.7)
144.9266|(813.9, 644.9)
144.9431|(812.5, 645.3)
144.9766|(801.1, 646.5)
144.9931|(784.9, 647.7)
145.0266|(778.7, 649.5)
145.0432|(774.5, 652.2)
145.0601|(779.6, 657.0)
145.0767|(804.1, 659.5)
145.0935|(790.2, 659.4)
145.1101|(822.3, 654.3)
145.1435|(830.7, 655.1)
145.1936|(836.4, 653.5)
145.2269|(841.0, 651.0)
145.2437|(848.6, 648.1)
145.2603|(850.2, 649.8)
145.2771|(846.7, 649.4)
145.2937|(846.0, 648.9)
145.3273|(834.7, 637.8)
145.3772|(832.6, 631.6)
145.4105|(838.6, 643.2)
145.4275|(840.0, 644.2)
145.4773|(845.4, 637.2)
145.4941|(864.1, 624.6)
145.5109|(890.8, 629.3)
145.5442|(909.5, 631.0)
145.5609|(915.5, 629.9)
145.5777|(914.1, 627.5)
145.5943|(921.5, 625.3)
145.6277|(918.6, 627.8)
145.6443|(940.9, 626.5)
145.661|(1003.1, 632.5)
145.6777|(1021.8, 636.7)
145.6944|(1030.7, 637.2)
145.7111|(1040.1, 637.4)
145.7278|(1044.6, 638.2)
145.7445|(1046.2, 638.7)
145.7779|(1052.9, 639.5)
145.7948|(1053.5, 639.3)
145.8117|(1057.2, 636.9)
145.828|(1058.7, 636.7)
145.8615|(1059.3, 636.4)
145.8782|(1059.4, 636.1)
145.9282|(1059.8, 636.9)
145.9449|(1060.0, 639.6)
145.9614|(1060.8, 642.4)
145.9781|(1063.9, 640.8)
145.995|(1061.7, 637.3)
146.0118|(1060.7, 635.7)
146.0283|(1057.5, 634.5)
146.0451|(1055.6, 631.4)
146.0785|(1047.9, 628.0)
146.0951|(1039.9, 625.7)
146.1118|(991.7, 614.5)
146.1284|(986.9, 612.4)
146.1451|(984.7, 611.6)
146.1619|(982.5, 610.7)
146.1787|(987.9, 611.4)
146.1954|(983.9, 607.1)
146.2287|(987.5, 604.4)
146.2453|(983.7, 598.0)
146.2787|(979.4, 595.9)
146.2953|(979.4, 595.5)
146.3122|(891.0, 585.1)
146.3288|(860.0, 581.8)
146.3623|(795.1, 573.6)
146.4123|(793.9, 574.1)
146.429|(799.0, 573.7)
146.4456|(809.1, 573.5)
146.4625|(806.9, 573.4)
146.4791|(800.6, 573.0)
146.4958|(796.4, 572.8)
146.5292|(778.2, 567.3)
146.5462|(776.4, 566.4)
146.5625|(773.5, 565.9)
146.5791|(768.7, 566.9)
146.596|(771.2, 570.4)
146.6126|(775.5, 570.8)
146.6294|(775.1, 571.9)
146.6461|(772.7, 571.8)
146.6794|(772.6, 572.6)
146.7128|(768.7, 573.0)
146.7294|(767.3, 573.8)
146.763|(774.5, 572.9)
146.7797|(777.9, 571.4)
146.813|(796.7, 568.0)
146.8296|(803.2, 566.5)
146.8463|(897.8, 560.1)
146.8631|(891.3, 561.3)
146.8964|(904.7, 559.8)
146.9132|(905.1, 558.9)
146.9298|(903.9, 560.2)
146.9465|(909.7, 560.6)
146.9798|(909.5, 567.1)
146.9966|(910.4, 567.8)
147.0132|(913.1, 571.7)
147.0299|(914.2, 572.0)
147.0468|(914.4, 573.4)
147.0802|(913.0, 574.0)
147.0966|(912.7, 575.3)
147.1301|(914.0, 575.3)
147.1468|(799.0, 564.3)
147.1637|(789.4, 565.0)
147.1803|(786.6, 565.4)
147.2137|(782.8, 565.3)
147.2303|(782.4, 564.4)
147.2637|(774.7, 566.8)
147.2803|(780.4, 563.0)
147.2971|(778.1, 559.4)
147.3139|(778.9, 559.5)
147.3306|(778.9, 558.9)
147.3472|(779.6, 558.7)
147.364|(780.8, 558.2)
147.3973|(782.1, 557.6)
147.4306|(873.5, 573.0)
147.4473|(876.6, 574.2)
147.4976|(891.4, 579.4)
147.5476|(903.4, 582.5)
147.5811|(903.8, 572.8)
147.6144|(901.4, 565.1)
147.631|(902.7, 565.3)
147.6812|(907.6, 561.9)
147.7144|(914.4, 563.8)
147.7646|(933.8, 582.6)
147.8146|(938.6, 590.7)
147.8648|(857.6, 598.2)
147.8815|(810.6, 599.0)
147.8979|(825.1, 598.6)
147.9148|(776.1, 598.6)
147.9483|(773.6, 598.7)
147.965|(773.5, 600.6)
147.9816|(772.6, 603.2)
148.0317|(769.3, 618.8)
148.0482|(765.2, 622.6)
148.065|(760.3, 633.9)
148.0819|(765.0, 628.0)
148.0985|(761.4, 633.8)
148.1152|(762.2, 633.3)
148.1318|(774.6, 624.5)
148.1485|(817.3, 611.2)
148.1652|(841.3, 605.2)
148.1819|(854.4, 600.9)
148.1985|(882.7, 596.7)
148.2154|(917.7, 591.1)
148.232|(919.1, 591.2)
148.2487|(916.4, 588.2)
148.2653|(917.3, 586.3)
148.2819|(917.7, 585.5)
148.2987|(918.4, 585.1)
148.3154|(919.5, 580.4)
148.3323|(919.3, 579.8)
148.3488|(920.1, 579.4)
148.3822|(920.6, 579.2)
148.399|(922.6, 578.1)
148.4156|(921.8, 578.2)
148.4322|(906.0, 594.0)
148.4657|(893.4, 612.1)
148.4823|(881.3, 636.0)
148.4991|(876.9, 641.1)
148.5157|(862.8, 668.2)
148.5326|(850.7, 691.7)
148.566|(849.8, 693.8)
148.5827|(849.6, 693.6)
148.616|(852.7, 694.4)
148.6328|(860.0, 695.4)
148.6494|(865.2, 696.2)
148.6661|(865.2, 695.8)
148.6828|(872.9, 699.8)
148.6996|(871.8, 698.1)
148.7161|(875.4, 698.1)
148.7328|(879.0, 697.7)
148.7496|(879.4, 698.7)
148.7663|(880.8, 699.0)
148.7829|(881.6, 700.6)
148.7996|(881.6, 700.1)
148.8163|(882.9, 699.9)
148.833|(883.7, 698.6)
148.8497|(885.7, 698.7)
148.8664|(878.3, 696.6)
148.883|(846.8, 695.7)
148.9166|(834.7, 695.9)
148.9332|(837.3, 695.7)
148.9666|(819.7, 697.6)
148.9833|(824.8, 694.0)
149|(835.4, 687.9)
149.0167|(906.4, 616.6)
149.0501|(924.5, 589.5)
149.0668|(915.2, 593.4)
149.0834|(936.6, 562.6)
149.1001|(927.1, 557.0)
149.1167|(929.8, 550.4)
149.1335|(932.3, 550.6)
149.1503|(931.9, 548.5)
149.1669|(931.9, 547.1)
149.1836|(931.0, 549.5)
149.2171|(928.5, 555.4)
149.2337|(931.1, 557.3)
149.2503|(929.7, 559.6)
149.2669|(930.0, 559.0)
149.2838|(921.2, 557.2)
149.3006|(898.7, 558.8)
149.317|(856.4, 559.5)
149.3342|(830.9, 562.6)
149.3673|(807.6, 563.6)
149.3838|(806.6, 565.6)
149.4004|(808.2, 566.0)
149.4174|(809.3, 568.2)
149.4341|(808.4, 567.7)
149.4507|(809.2, 564.5)
149.4674|(815.4, 565.9)
149.484|(817.6, 563.4)
149.5175|(819.0, 563.8)
149.5341|(820.6, 565.5)
149.5509|(812.8, 566.9)
149.5676|(806.1, 570.1)
149.5843|(801.0, 576.4)
149.601|(797.2, 586.9)
149.6343|(793.7, 592.4)
149.6678|(789.3, 600.8)
149.6843|(789.2, 601.5)
149.7011|(789.4, 601.3)
149.7178|(791.9, 597.1)
149.7345|(789.1, 599.9)
149.7512|(787.3, 596.5)
149.768|(786.5, 593.4)
149.7846|(787.7, 595.3)
149.8179|(822.8, 603.1)
149.8348|(829.1, 604.7)
149.8513|(832.8, 608.3)
149.8681|(834.2, 609.0)
149.8847|(834.8, 608.9)
149.9014|(835.8, 608.0)
149.918|(836.1, 608.4)
149.9349|(838.0, 605.8)
149.9685|(841.6, 606.5)
149.9848|(844.1, 608.8)
150.0016|(840.9, 607.2)
150.0183|(842.6, 607.9)
150.0352|(843.7, 607.6)
150.0517|(845.2, 606.6)
150.0853|(843.4, 606.9)
150.1185|(826.7, 623.4)
150.1351|(815.6, 632.9)
150.1519|(807.6, 640.2)
150.1685|(810.2, 636.0)
150.1853|(799.5, 646.1)
150.2019|(796.2, 648.0)
150.2187|(792.8, 649.9)
150.2354|(791.1, 655.7)
150.2687|(791.9, 649.9)
150.2855|(792.0, 648.9)
150.3188|(795.6, 652.3)
150.3354|(794.5, 651.3)
150.3521|(839.3, 597.0)
150.3689|(898.8, 507.9)
150.3856|(925.9, 472.9)
150.4189|(927.0, 469.8)
150.4356|(925.8, 470.2)
150.4523|(928.7, 465.5)
150.4691|(931.8, 461.5)
150.4859|(934.7, 461.1)
150.5024|(935.6, 461.4)
150.519|(935.2, 460.4)
150.5692|(930.7, 464.7)
150.5858|(932.2, 464.5)
150.6028|(933.1, 464.4)
150.6193|(934.8, 465.7)
150.636|(938.4, 465.0)
150.6695|(940.1, 465.1)
150.6863|(948.2, 465.1)
150.7196|(1044.7, 470.6)
150.7362|(1082.3, 468.5)
150.753|(1100.1, 467.0)
150.7695|(1101.1, 466.1)
150.7862|(1101.6, 466.6)
150.8031|(1101.7, 463.5)
150.8195|(1102.7, 463.8)
150.8363|(1103.4, 465.3)
150.8697|(1104.1, 467.7)
150.8864|(1103.7, 467.9)
150.9031|(1091.3, 463.2)
150.9198|(970.9, 472.1)
150.9366|(936.3, 473.7)
150.9532|(931.2, 472.1)
150.97|(913.6, 472.9)
150.9865|(905.9, 472.3)
151.0201|(894.9, 471.4)
151.0366|(897.9, 472.5)
151.0534|(897.6, 471.9)
151.0701|(899.1, 471.2)
151.0868|(916.6, 469.5)
151.1202|(986.9, 470.6)
151.1368|(991.6, 470.9)
151.1703|(1000.5, 471.7)
151.187|(1000.2, 472.8)
151.2037|(998.3, 474.3)
151.2204|(998.3, 473.7)
151.237|(999.6, 475.9)
151.2537|(995.5, 475.3)
151.2705|(995.0, 481.8)
151.2869|(995.1, 479.3)
151.3204|(995.7, 477.2)
151.3373|(995.9, 478.7)
151.354|(1011.2, 470.6)
151.3705|(1047.4, 473.3)
151.3873|(1070.4, 474.5)
151.4039|(1065.1, 473.5)
151.4205|(1095.9, 480.2)
151.4373|(1097.4, 480.7)
151.4707|(1091.5, 477.6)
151.4874|(1090.3, 475.5)
151.5042|(1090.9, 475.7)
151.5209|(1091.8, 477.0)
151.5375|(1088.3, 476.9)
151.5541|(1085.4, 477.0)
151.5712|(1085.8, 479.0)
151.5878|(1085.3, 478.8)
151.621|(1088.2, 477.8)
151.6376|(1093.0, 476.4)
151.6545|(1122.5, 474.2)
151.6712|(1130.2, 473.9)
151.7045|(1076.0, 476.4)
151.7214|(1069.5, 476.8)
151.738|(1038.1, 478.0)
151.7713|(1024.2, 478.4)
151.7881|(891.9, 484.9)
151.8047|(888.1, 489.6)
151.8213|(878.3, 498.1)
151.838|(880.0, 495.7)
151.8548|(876.9, 495.1)
151.8714|(877.6, 495.8)
151.888|(876.7, 496.0)
151.9215|(878.8, 495.6)
151.9384|(876.6, 494.3)
151.955|(872.3, 492.4)
151.9715|(871.0, 491.6)
151.9883|(871.0, 489.9)
152.0051|(856.5, 490.7)
152.0216|(844.1, 491.2)
152.0383|(817.5, 490.0)
152.0717|(795.3, 489.7)
152.0886|(796.5, 489.5)
152.1052|(729.7, 485.0)
152.1218|(726.5, 474.4)
152.1553|(727.4, 481.6)
152.1718|(727.2, 480.7)
152.1886|(727.1, 478.6)
152.2222|(724.3, 484.3)
152.2387|(724.5, 484.3)
152.2554|(729.5, 484.5)
152.2723|(751.5, 485.2)
152.2886|(797.7, 485.0)
152.3057|(807.6, 484.9)
152.3221|(794.1, 484.9)
152.3388|(868.4, 483.9)
152.3722|(868.4, 483.3)
152.3889|(868.1, 481.5)
152.4058|(868.1, 481.1)
152.4221|(867.8, 480.4)
152.4389|(867.3, 479.7)
152.4556|(867.2, 479.4)
152.4724|(867.4, 479.4)
152.489|(871.1, 484.3)
152.5225|(871.9, 487.7)
152.5394|(868.9, 488.5)
152.5559|(866.8, 488.7)
152.5726|(863.5, 484.0)
152.5891|(863.0, 484.7)
152.6061|(865.6, 484.0)
152.6226|(866.4, 484.5)
152.6393|(872.3, 483.7)
152.673|(887.2, 485.2)
152.6896|(917.3, 484.7)
152.7062|(947.9, 483.6)
152.7228|(944.6, 484.0)
152.7395|(973.1, 481.0)
152.7563|(992.4, 479.8)
152.7728|(988.1, 484.9)
152.7897|(988.6, 483.9)
152.8231|(987.8, 483.5)
152.8397|(982.2, 482.4)
152.8562|(980.2, 480.9)
152.873|(978.9, 481.2)
152.8898|(980.7, 479.2)
152.9064|(981.5, 480.3)
152.923|(988.8, 479.9)
152.9399|(998.4, 479.3)
152.9733|(1013.9, 479.1)
152.99|(1049.1, 474.9)
153.0066|(1071.7, 475.4)
153.0233|(1081.6, 474.8)
153.0399|(1085.0, 478.0)
153.0566|(1084.9, 478.0)
153.0734|(1084.8, 477.6)
153.0901|(1086.4, 476.2)
153.1235|(1085.2, 476.3)
153.1403|(1086.3, 475.9)
153.1569|(1086.5, 475.3)
153.1904|(1118.0, 479.6)
153.207|(1120.5, 480.0)
153.2236|(1125.0, 480.3)
153.274|(1123.8, 479.7)
153.3071|(1132.1, 480.9)
153.3236|(1144.7, 482.9)
153.3409|(1146.7, 483.4)
153.3571|(1143.7, 483.5)
153.3739|(1145.1, 483.1)
153.3906|(1147.6, 480.9)
153.4741|(1150.7, 463.1)
153.5074|(1094.8, 441.4)
153.5242|(1087.5, 457.2)
153.5742|(1087.5, 457.4)
153.6077|(1076.2, 470.0)
153.6745|(1075.1, 467.8)
153.6911|(864.8, 655.3)
153.7245|(869.1, 654.4)
153.7412|(862.7, 654.9)
153.7746|(868.2, 658.4)
153.7913|(869.1, 659.9)
153.8079|(866.0, 657.9)
153.8247|(862.2, 681.6)
153.8414|(863.4, 685.6)
153.8749|(864.8, 689.6)
153.8915|(866.0, 690.9)
153.9249|(854.0, 684.2)
153.9582|(791.7, 667.7)
153.9748|(794.0, 664.9)
154.0251|(787.1, 656.8)
154.0583|(794.2, 651.9)
154.0917|(789.1, 650.1)
154.1084|(787.3, 648.6)
154.1418|(788.4, 644.3)
154.192|(790.9, 646.8)
154.2087|(813.7, 661.7)
154.2257|(813.5, 661.2)
154.242|(811.9, 659.6)
154.2755|(817.2, 661.0)
154.2922|(818.0, 660.8)
154.3255|(819.9, 660.8)
154.3423|(828.3, 661.5)
154.3756|(888.5, 680.3)
154.409|(887.1, 676.5)
154.4257|(882.4, 668.9)
154.4757|(891.3, 674.8)
154.509|(893.0, 679.3)
154.5426|(891.6, 680.9)
154.5594|(897.6, 682.5)
154.5759|(905.6, 684.3)
154.5927|(904.2, 683.5)
154.626|(783.1, 688.7)
154.6427|(771.4, 690.5)
154.6763|(754.8, 691.1)
154.6927|(735.8, 692.9)
154.7094|(715.3, 695.7)
154.7262|(714.6, 695.9)
154.7429|(712.5, 697.7)
154.7764|(710.1, 702.3)
154.8097|(709.0, 704.3)
154.8265|(709.1, 714.7)
154.843|(718.9, 1110.4)
154.8597|(719.8, 1126.3)
154.8765|(720.1, 1132.7)
154.8931|(721.0, 1145.3)
154.9264|(721.6, 1150.7)
154.9432|(722.4, 1156.6)
154.9599|(710.9, 1155.3)
154.9765|(715.2, 1144.0)
154.9932|(718.5, 1138.7)
155.01|(719.7, 1136.2)
155.0266|(721.8, 1133.6)
155.0434|(722.0, 1132.0)
155.0769|(725.4, 1128.0)
155.0934|(899.0, 799.7)
155.1101|(982.4, 641.8)
155.1268|(991.7, 625.4)
155.1434|(1005.1, 602.4)
155.1602|(1004.7, 602.2)
155.1768|(1000.7, 601.6)
155.1938|(1002.7, 602.1)
155.227|(1000.6, 603.2)
155.2436|(1002.1, 602.1)
155.2605|(1006.5, 603.4)
155.2771|(1006.8, 603.7)
155.2937|(1006.6, 606.1)
155.3104|(1002.1, 609.1)
155.327|(1003.0, 607.8)
155.344|(953.3, 629.4)
155.3772|(884.2, 660.4)
155.3939|(818.6, 689.1)
155.4109|(797.0, 687.8)
155.4441|(797.7, 690.1)
155.4608|(796.0, 685.2)
155.4777|(795.3, 683.9)
155.4942|(793.1, 676.9)
155.5274|(793.3, 677.5)
155.5442|(793.4, 678.1)
155.5608|(791.6, 681.2)
155.5775|(793.3, 685.1)
155.5943|(793.1, 686.1)
155.6109|(791.6, 688.2)
155.6277|(790.5, 690.6)
155.6443|(793.1, 690.1)
155.6777|(797.0, 687.1)
155.6944|(862.8, 637.7)
155.7111|(900.8, 607.2)
155.7278|(915.9, 596.4)
155.7445|(954.3, 567.1)
155.7612|(954.3, 567.5)
155.778|(953.6, 568.9)
155.7946|(953.1, 569.1)
155.828|(953.9, 569.8)
155.8449|(957.3, 570.2)
155.8615|(959.0, 569.8)
155.8781|(959.1, 568.8)
155.8947|(958.6, 565.3)
155.9115|(957.4, 564.9)
155.9282|(956.4, 564.9)
155.945|(955.3, 564.8)
155.9781|(954.2, 564.3)
155.9951|(952.9, 564.8)
156.1284|(1006.9, 434.3)
156.1452|(1015.5, 455.5)
156.162|(1022.4, 470.4)
156.1784|(1022.5, 472.5)
156.1952|(1022.5, 471.8)
156.2121|(1022.8, 471.6)
156.2287|(1023.1, 470.9)
156.2454|(1023.3, 468.8)
156.2621|(1022.9, 467.8)
156.2957|(1023.0, 464.5)
156.3121|(1022.5, 461.4)
156.3288|(1021.7, 459.9)
156.3456|(1012.9, 465.1)
156.3622|(1006.7, 463.4)
156.379|(889.1, 471.3)
156.396|(879.5, 472.0)
156.429|(854.6, 471.9)
156.4457|(858.3, 468.8)
156.4623|(861.0, 467.4)
156.4791|(860.9, 467.9)
156.4958|(861.1, 466.6)
156.5125|(858.6, 470.0)
156.5293|(856.2, 471.6)
156.5458|(853.7, 473.4)
156.5791|(855.4, 471.1)
156.5959|(854.9, 471.2)
156.6125|(853.0, 470.6)
156.6295|(848.8, 471.2)
156.6461|(845.6, 469.4)
156.6628|(839.2, 468.6)
156.6796|(842.0, 469.0)
156.6962|(850.9, 475.4)
156.7129|(855.3, 470.4)
156.7295|(857.3, 469.0)
156.7462|(851.8, 457.4)
156.7629|(853.4, 416.4)
156.7796|(857.8, 379.9)
156.7962|(862.8, 347.1)
156.8131|(864.1, 336.4)
156.8296|(866.8, 294.2)
156.8464|(870.2, 257.4)
156.8796|(872.0, 231.4)
156.8966|(872.7, 227.7)
156.913|(872.9, 226.9)
156.9298|(882.0, 222.3)
156.9465|(883.2, 221.7)
156.9632|(879.7, 223.4)
156.9799|(872.9, 227.6)
156.9964|(871.9, 227.2)
157.03|(873.5, 229.2)
157.0467|(836.3, 281.0)
157.0634|(814.2, 313.2)
157.0803|(808.3, 322.4)
157.0969|(791.3, 337.6)
157.1135|(792.0, 336.1)
157.1301|(792.5, 335.2)
157.1468|(798.4, 333.1)
157.1635|(799.1, 331.9)
157.1801|(801.0, 332.6)
157.1969|(803.0, 334.2)
157.2137|(803.8, 334.8)
157.2302|(802.3, 335.4)
157.2471|(802.7, 335.1)
157.2637|(802.4, 335.0)
157.2804|(803.4, 334.4)
157.297|(803.9, 334.4)
157.3305|(771.2, 329.3)
157.3472|(774.8, 329.8)
157.3639|(754.4, 332.3)
157.3805|(753.7, 334.3)
157.3974|(751.8, 331.6)
157.414|(752.5, 331.0)
157.4307|(750.4, 330.0)
157.4474|(749.7, 329.3)
157.4809|(751.7, 327.3)
157.498|(745.4, 325.2)
157.5143|(745.8, 326.3)
157.5308|(745.7, 326.0)
157.5476|(878.1, 325.2)
157.5642|(906.2, 325.3)
157.5809|(922.7, 325.9)
157.5977|(955.6, 315.1)
157.6144|(951.9, 313.3)
157.6311|(957.0, 310.3)
157.6476|(954.6, 309.1)
157.6643|(953.6, 310.5)
157.681|(955.2, 309.7)
157.6977|(946.7, 307.6)
157.7145|(947.9, 309.1)
157.7312|(948.9, 311.0)
157.748|(952.5, 312.6)
157.7645|(957.4, 325.4)
157.7813|(958.0, 322.0)
157.7979|(1018.8, 454.2)
157.8146|(1056.4, 541.6)
157.8314|(1068.0, 577.6)
157.8481|(1081.5, 615.0)
157.8648|(1093.1, 641.0)
157.8814|(1097.8, 644.8)
157.9146|(1099.0, 646.2)
157.9318|(1100.5, 649.4)
157.9648|(1102.8, 651.2)
157.9817|(1101.2, 651.8)
157.9982|(1547.2, 624.8)
158.015|(1600.1, 621.5)
158.0316|(1641.9, 621.3)
158.0485|(1705.8, 621.1)
158.065|(1719.6, 624.2)
158.0818|(1728.0, 622.9)
158.0985|(1722.5, 618.2)
158.1152|(1720.8, 616.1)
158.1318|(1720.3, 605.9)
158.1487|(1721.7, 604.5)
158.1652|(1717.0, 605.2)
158.1818|(1713.2, 606.7)
158.1986|(1712.1, 605.5)
158.2153|(1711.6, 607.7)
158.2319|(1706.0, 608.3)
158.2488|(1692.5, 613.1)
158.2654|(1672.1, 620.8)
158.2823|(1565.8, 604.9)
158.2988|(1335.7, 598.5)
158.3155|(1311.1, 598.4)
158.3321|(1270.2, 596.6)
158.3656|(1005.6, 589.3)
158.3823|(948.2, 588.6)
158.3991|(900.8, 590.7)
158.4158|(898.5, 591.0)
158.4324|(896.6, 588.6)
158.4659|(893.3, 588.7)
158.4826|(893.6, 582.0)
158.516|(893.6, 581.5)
158.5326|(896.1, 575.2)
158.5493|(900.3, 577.5)
158.566|(901.1, 580.1)
158.5831|(898.6, 580.5)
158.5993|(897.6, 580.4)
158.616|(995.4, 602.5)
158.6327|(1031.1, 610.3)
158.6495|(1062.7, 620.7)
158.6661|(1108.0, 624.5)
158.6828|(1107.9, 626.4)
158.6995|(1110.5, 624.9)
158.716|(1109.9, 626.6)
158.7328|(1111.2, 624.8)
158.7495|(1113.0, 623.3)
158.7663|(1107.0, 633.1)
158.783|(1106.8, 628.8)
158.8166|(1104.8, 623.8)
158.8329|(1104.1, 621.9)
158.8496|(1105.2, 618.1)
158.8663|(1106.2, 618.1)
158.8831|(1106.3, 618.1)
158.8998|(1108.1, 615.1)
158.9166|(1109.7, 620.3)
158.95|(1114.0, 628.8)
158.9666|(1115.6, 627.9)
158.9832|(1115.6, 628.7)
159|(1115.3, 628.9)
159.0168|(1113.4, 626.0)
159.0334|(1108.3, 613.5)
159.05|(1107.2, 611.1)
159.0667|(1088.2, 561.0)
159.0835|(1093.2, 573.9)
159.1169|(1070.8, 523.2)
159.1335|(1063.6, 514.0)
159.1503|(1062.7, 512.3)
159.167|(1066.7, 517.9)
159.1837|(1068.0, 515.6)
159.2002|(1070.2, 517.4)
159.217|(1069.5, 518.2)
159.2337|(1070.4, 519.4)
159.2672|(1072.0, 520.3)
159.284|(1072.8, 512.5)
159.3006|(1069.2, 508.1)
159.3174|(1069.2, 508.2)
159.334|(1066.7, 508.2)
159.3508|(1063.5, 505.3)
159.3674|(987.9, 487.5)
159.4007|(955.7, 482.2)
159.4174|(944.9, 479.6)
159.4357|(941.5, 480.2)
159.4509|(944.7, 483.7)
159.4679|(947.8, 490.4)
159.4842|(948.6, 489.0)
159.5675|(948.7, 489.6)
159.5843|(948.7, 489.6)
159.6009|(798.0, 694.7)
159.6177|(807.2, 697.3)
159.6344|(814.5, 700.4)
159.651|(807.9, 704.1)
159.6676|(807.5, 703.8)
159.6845|(808.7, 706.2)
159.7179|(811.0, 706.2)
159.7345|(811.3, 703.0)
159.7511|(816.3, 697.5)
159.768|(815.8, 698.5)
159.7845|(814.6, 702.7)
159.8013|(809.1, 710.7)
159.8181|(806.0, 710.6)
159.8347|(804.1, 710.8)
159.8683|(801.5, 707.2)
159.8848|(801.2, 700.2)
159.9015|(801.4, 700.2)
159.9182|(805.0, 700.3)
159.9348|(809.4, 699.1)
159.9516|(814.5, 699.4)
159.9849|(815.1, 699.0)
160.0187|(811.5, 698.2)
160.0351|(811.3, 697.8)
160.0518|(1026.5, 639.3)
160.0685|(1133.9, 612.9)
160.0851|(1180.0, 602.2)
160.102|(1181.3, 601.9)
160.1183|(1183.1, 601.7)
160.1354|(1188.3, 600.7)
160.1688|(1189.2, 598.1)
160.1855|(1188.9, 598.3)
160.2019|(1188.2, 598.2)
160.2187|(1188.2, 598.8)
160.2353|(1187.8, 599.7)
160.252|(1189.5, 602.6)
160.2687|(1189.0, 602.9)
160.2854|(1189.8, 604.6)
160.3188|(1196.4, 608.0)
160.3354|(1266.7, 606.5)
160.3522|(1362.6, 605.6)
160.3691|(1391.2, 607.7)
160.3858|(1435.4, 610.7)
160.4023|(1534.6, 610.4)
160.4193|(1642.2, 609.1)
160.469|(1637.5, 598.3)
160.4858|(1645.1, 608.4)
160.5025|(1639.4, 600.3)
160.5194|(1632.1, 592.1)
160.5359|(1632.8, 592.3)
160.5526|(1636.4, 591.7)
160.5692|(1648.5, 592.7)
160.586|(1644.0, 593.0)
160.6194|(1648.4, 594.4)
160.636|(1649.6, 595.2)
160.6527|(1681.8, 595.9)
160.6694|(1687.0, 597.0)
160.6861|(1688.6, 596.0)
160.7027|(1696.5, 595.7)
160.7196|(1697.7, 599.5)
160.7363|(1697.5, 595.3)
160.7696|(1696.2, 592.4)
160.7864|(1694.4, 588.6)
160.8029|(1700.5, 596.5)
160.8197|(1698.6, 594.1)
160.8363|(1691.3, 587.2)
160.853|(1707.5, 593.6)
160.8696|(1706.4, 593.6)
160.9198|(1703.1, 591.4)
160.9366|(1700.8, 591.0)
160.9533|(1288.1, 588.3)
160.97|(1047.2, 584.0)
160.9867|(908.1, 585.6)
161.0034|(908.8, 588.5)
161.0202|(905.0, 588.0)
161.0368|(904.2, 581.9)
161.0871|(904.4, 584.8)
161.1202|(903.5, 580.2)
161.1371|(905.6, 575.4)
161.1704|(902.6, 578.0)
161.2204|(899.3, 575.3)
161.2371|(899.3, 575.2)
161.2704|(913.4, 577.8)
161.2871|(994.1, 581.8)
161.304|(1310.3, 584.0)
161.3205|(1359.6, 585.9)
161.3371|(1410.4, 587.4)
161.3706|(1536.1, 592.8)
161.3873|(1590.0, 593.2)
161.4038|(1630.2, 593.1)
161.4205|(1625.0, 587.7)
161.4373|(1637.2, 591.1)
161.4542|(1639.6, 591.2)
161.471|(1637.5, 589.7)
161.4875|(1634.3, 590.6)
161.5209|(1629.6, 575.1)
161.5542|(1602.8, 575.2)
161.5709|(1281.2, 605.0)
161.6043|(1137.9, 613.1)
161.6211|(1013.3, 616.2)
161.6377|(923.8, 617.9)
161.6711|(921.0, 623.3)
161.6877|(920.6, 627.8)
161.7045|(921.9, 627.8)
161.7211|(925.5, 639.1)
161.8213|(932.6, 644.3)
161.838|(1706.6, 611.6)
161.8546|(1702.3, 612.6)
161.8715|(1700.6, 608.4)
161.888|(1699.2, 607.4)
161.9048|(1695.2, 608.6)
161.9381|(1689.0, 604.9)
161.9883|(1687.0, 603.9)
162.005|(1687.1, 604.4)
162.0216|(1691.9, 607.5)
162.0553|(1690.9, 615.0)
162.0717|(1692.9, 613.9)
162.0883|(1695.4, 618.7)
162.1387|(1700.0, 620.0)
162.1556|(1705.4, 625.0)
162.1719|(1339.9, 635.5)
162.1886|(987.3, 640.6)
162.2054|(892.4, 643.9)
162.2219|(889.3, 648.0)
162.2386|(891.5, 645.8)
162.2721|(886.4, 648.4)
162.2889|(885.6, 650.3)
162.3054|(884.8, 653.1)
162.322|(878.6, 645.9)
162.3387|(883.6, 638.9)
162.3556|(916.8, 640.0)
162.3722|(1211.9, 655.4)
162.3889|(1571.7, 676.3)
162.4223|(1690.4, 683.8)
162.4391|(1732.3, 690.4)
162.456|(1768.1, 692.7)
162.4724|(1786.7, 692.7)
162.489|(1782.9, 693.1)
162.506|(1781.4, 689.1)
162.5226|(1773.1, 680.1)
162.5393|(1762.5, 667.8)
162.5726|(1761.1, 666.3)
162.5893|(1739.0, 643.9)
162.606|(1725.9, 635.5)
162.6393|(1716.2, 630.8)
162.6569|(1692.8, 628.8)
162.6729|(1039.1, 572.1)
162.6895|(1018.9, 568.2)
162.7229|(978.1, 566.5)
162.7398|(958.5, 570.3)
162.7563|(937.3, 575.0)
162.773|(916.7, 591.6)
162.7897|(915.3, 596.5)
162.8062|(917.3, 600.5)
162.823|(916.8, 599.5)
162.8397|(916.3, 594.9)
162.873|(917.3, 594.2)
162.8897|(917.5, 594.7)
162.9065|(917.3, 593.5)
162.9232|(920.8, 595.4)
162.9397|(915.9, 595.7)
162.9566|(917.0, 597.6)
162.9732|(917.0, 597.4)
162.9899|(916.7, 597.3)
163.0234|(924.5, 592.7)
163.04|(926.7, 590.6)
163.0567|(951.6, 590.9)
163.0733|(1623.8, 621.6)
163.0905|(1635.3, 622.2)
163.1069|(1647.6, 622.9)
163.1234|(1661.6, 624.3)
163.1402|(1674.2, 628.1)
163.1736|(1690.0, 634.5)
163.1903|(1687.5, 633.5)
163.2069|(1683.7, 630.3)
163.2236|(1678.8, 616.9)
163.2406|(1676.2, 613.5)
163.257|(1675.2, 609.5)
163.2738|(1674.1, 609.1)
163.3237|(1668.7, 602.5)
163.3572|(1665.1, 589.3)
163.3742|(958.5, 632.5)
163.3907|(888.4, 636.2)
163.4072|(889.3, 636.7)
163.424|(890.5, 637.0)
163.4406|(887.1, 638.7)
163.4742|(883.3, 637.2)
163.4908|(884.2, 637.4)
163.5073|(887.7, 639.2)
163.5241|(886.9, 639.7)
163.5409|(884.8, 643.9)
163.5575|(886.5, 644.4)
163.5746|(883.0, 647.7)
163.591|(881.9, 648.1)
163.6245|(878.4, 648.0)
163.641|(877.3, 647.8)
163.6747|(882.5, 656.6)
163.6911|(884.2, 658.4)
163.7083|(885.0, 659.0)
163.7246|(884.6, 658.7)
163.7413|(885.0, 660.9)
163.7746|(886.9, 663.0)
163.7914|(888.0, 663.0)
163.8081|(1370.8, 618.2)
163.8249|(1600.9, 604.2)
163.8414|(1607.7, 603.1)
163.8595|(1611.3, 602.8)
163.8749|(1602.4, 601.8)
163.8916|(1611.6, 596.3)
163.925|(1613.0, 595.0)
163.9416|(1610.9, 594.5)
163.9585|(1606.0, 592.6)
163.9749|(1602.0, 589.5)
163.9918|(1599.9, 588.0)
164.0083|(1598.0, 586.9)
164.0251|(1586.1, 587.6)
164.0417|(1367.1, 594.4)
164.0754|(1048.2, 598.0)
164.0917|(948.8, 600.4)
164.1252|(926.8, 603.5)
164.1418|(914.0, 616.7)
164.1586|(913.5, 622.6)
164.1753|(915.3, 623.4)
164.192|(916.5, 622.0)
164.2254|(914.3, 631.5)
164.2421|(914.4, 631.0)
164.2586|(915.0, 631.1)
164.2756|(914.5, 633.7)
164.2921|(914.5, 635.9)
164.3088|(907.2, 640.1)
164.3254|(893.2, 653.1)
164.3423|(877.7, 672.1)
164.3755|(872.8, 680.2)
164.3923|(844.0, 706.8)
164.4089|(847.5, 707.1)
164.426|(844.6, 706.7)
164.4422|(850.4, 709.4)
164.459|(850.2, 708.9)
164.4756|(848.2, 709.8)
164.4924|(847.5, 714.3)
164.5258|(841.3, 714.3)
164.5425|(819.4, 707.8)
164.5593|(815.4, 706.8)
164.576|(812.2, 705.1)
164.5927|(813.2, 704.6)
164.6093|(813.1, 701.4)
164.6276|(814.2, 700.5)
164.643|(815.2, 696.2)
164.676|(820.1, 695.6)
164.7096|(821.7, 697.6)
164.7261|(820.3, 700.3)
164.7429|(970.2, 650.8)
164.7596|(1010.8, 635.0)
164.7765|(1051.5, 625.3)
164.7929|(1095.6, 613.2)
164.8265|(1094.2, 614.5)
164.843|(1098.4, 611.6)
164.8598|(1101.9, 611.0)
164.8764|(1102.3, 610.4)
164.8931|(1101.4, 609.4)
164.91|(1101.6, 608.7)
164.9264|(1103.2, 610.0)
164.9432|(1102.4, 610.8)
164.9767|(1101.0, 609.7)
164.9935|(1100.8, 609.6)
165.0116|(1100.4, 609.5)
165.0267|(1099.8, 609.2)
165.0434|(1098.6, 606.2)
165.0601|(1098.8, 602.2)
165.0768|(1097.8, 603.5)
165.0934|(1095.3, 606.0)
165.127|(898.6, 897.4)
165.1435|(874.9, 943.9)
165.1605|(873.6, 955.7)
165.1769|(875.7, 954.0)
165.1939|(860.3, 1001.3)
165.2106|(861.1, 986.9)
165.2271|(861.0, 984.7)
165.2437|(861.7, 975.0)
165.2771|(860.0, 958.5)
165.2937|(853.9, 954.7)
165.3109|(856.6, 954.0)
165.3271|(856.1, 954.5)
165.344|(852.0, 954.5)
165.3607|(853.3, 959.5)
165.3775|(855.2, 959.0)
165.3941|(855.6, 957.9)
165.4275|(856.7, 961.3)
165.4439|(798.0, 1058.9)
165.4606|(771.0, 1100.8)
165.4774|(765.6, 1107.9)
165.4942|(761.9, 1107.8)
165.5107|(751.5, 1117.6)
165.5276|(749.0, 1116.9)
165.5441|(750.7, 1105.8)
165.5777|(750.4, 1103.8)
165.5943|(759.7, 1111.0)
165.6122|(758.3, 1110.6)
165.6278|(757.8, 1109.0)
165.6444|(759.6, 1106.5)
165.6612|(762.7, 1090.4)
165.6779|(769.3, 1089.1)
165.6946|(829.1, 949.9)
165.7281|(900.4, 760.0)
165.7448|(896.5, 756.6)
165.7614|(912.2, 707.7)
165.778|(912.1, 713.6)
165.7946|(911.9, 705.5)
165.8116|(915.4, 701.3)
165.8282|(915.0, 699.0)
165.8448|(914.3, 699.3)
165.9283|(908.0, 695.4)
165.945|(907.9, 693.8)
165.9618|(1308.8, 653.7)
165.9784|(1305.6, 647.1)
165.9949|(1300.8, 639.9)
166.0283|(1328.7, 629.8)
166.045|(1333.5, 629.0)
166.0617|(1363.0, 626.4)
166.0785|(1573.0, 620.3)
166.0952|(1677.5, 618.5)
166.1118|(1704.0, 617.9)
166.1286|(1735.8, 615.0)
166.1453|(1824.2, 611.7)
166.1621|(1826.5, 614.4)
166.1785|(1838.2, 626.2)
166.1955|(1835.1, 623.2)
166.212|(1834.1, 622.9)
166.2287|(1839.5, 627.5)
166.2455|(1839.9, 625.3)
166.2788|(1487.9, 626.0)
166.2955|(1509.3, 626.3)
166.3288|(1099.6, 642.5)
166.3456|(1082.3, 645.0)
166.3623|(919.7, 659.8)
166.379|(915.8, 663.5)
166.3957|(915.5, 668.1)
166.4125|(911.6, 676.3)
166.4288|(911.1, 679.7)
166.4456|(911.3, 687.4)
166.4793|(909.6, 694.9)
166.5127|(910.7, 696.1)
166.5293|(910.0, 695.5)
166.5463|(909.6, 698.5)
166.5626|(905.9, 699.9)
166.5792|(904.2, 698.4)
166.5961|(904.9, 700.0)
166.613|(906.1, 697.7)
166.6294|(908.8, 687.5)
166.6461|(914.4, 678.0)
166.6628|(925.8, 655.6)
166.6794|(929.4, 641.6)
166.6963|(932.5, 628.7)
166.7129|(937.7, 611.0)
166.7296|(943.7, 589.2)
166.7462|(949.3, 563.9)
166.7795|(949.9, 561.4)
166.7961|(950.3, 562.0)
166.813|(950.2, 558.4)
166.8297|(945.6, 559.6)
166.8464|(945.5, 559.8)
166.8634|(947.0, 560.6)
166.8798|(949.5, 560.4)
166.8965|(950.4, 560.9)
166.9298|(951.7, 561.4)
166.9465|(885.2, 631.0)
166.9633|(884.0, 632.9)
166.9799|(886.7, 631.3)
166.9966|(882.4, 634.6)
167.0133|(883.8, 633.3)
167.0299|(884.6, 632.4)
167.0636|(886.0, 630.0)
167.08|(886.0, 629.4)
167.0968|(882.9, 631.2)
167.1135|(882.1, 632.3)
167.1301|(881.3, 634.3)
167.147|(881.1, 634.8)
167.1637|(882.5, 654.0)
167.1803|(893.6, 871.9)
167.1969|(890.3, 911.5)
167.2304|(891.4, 930.6)
167.2471|(890.4, 930.5)
167.2637|(886.3, 936.1)
167.2804|(889.2, 933.0)
167.2972|(890.2, 928.2)
167.3138|(890.4, 927.4)
167.3305|(891.3, 925.8)
167.3472|(893.3, 919.2)
167.3806|(894.6, 921.2)
167.3973|(896.5, 920.6)
167.4139|(896.3, 915.2)
167.4306|(896.3, 910.8)
167.4474|(897.7, 901.9)
167.464|(898.7, 897.8)
167.4807|(907.0, 889.1)
167.4976|(920.6, 846.9)
167.5144|(946.9, 756.0)
167.5312|(978.1, 654.7)
167.5476|(982.6, 630.4)
167.5643|(995.3, 586.2)
167.5811|(997.3, 584.6)
167.5978|(998.2, 582.6)
167.6143|(999.5, 581.1)
167.6311|(999.1, 578.5)
167.6478|(996.5, 575.7)
167.6814|(1001.4, 578.4)
167.6979|(1002.6, 578.7)
167.7147|(1001.7, 577.9)
167.7318|(999.0, 576.5)
167.7481|(996.1, 576.3)
167.7649|(994.6, 574.3)
167.7814|(996.1, 573.5)
167.8146|(999.9, 574.6)
167.832|(1002.2, 575.1)
167.8481|(1000.3, 575.8)
167.8649|(996.8, 576.0)
167.8817|(999.5, 576.2)
167.8983|(992.5, 577.4)
167.9152|(993.5, 578.6)
167.9317|(993.5, 579.9)
167.9485|(1006.4, 578.6)
167.9648|(1216.8, 554.3)
167.9816|(1274.1, 550.6)
167.9983|(1317.7, 550.7)
168.0152|(1337.5, 551.9)
168.0319|(1341.7, 554.2)
168.0652|(1349.4, 555.8)
168.0986|(1355.7, 557.1)
168.1153|(1354.9, 557.5)
168.1322|(1675.3, 597.7)
168.1486|(1691.9, 599.8)
168.1654|(1686.9, 598.9)
168.1821|(1678.2, 596.9)
168.1991|(1675.4, 595.8)
168.2155|(1646.2, 588.2)
168.2322|(1646.8, 590.4)
168.2655|(1648.8, 601.2)
168.2831|(1646.2, 597.8)
168.2991|(1644.8, 595.9)
168.3159|(1643.6, 590.9)
168.3322|(1644.0, 591.3)
168.3493|(1641.6, 571.0)
168.3659|(1648.6, 567.0)
168.3825|(1657.0, 563.4)
168.399|(1691.4, 574.6)
168.4158|(1704.7, 579.3)
168.4326|(1738.0, 594.1)
168.4659|(1744.2, 595.4)
168.4827|(1744.0, 596.3)
168.4992|(1739.0, 596.7)
168.5158|(1741.3, 596.5)
168.5326|(1747.7, 591.9)
168.5659|(1747.4, 588.5)
168.5828|(1741.9, 585.1)
168.6162|(1727.6, 582.8)
168.6327|(1678.1, 575.4)
168.6495|(1328.3, 530.2)
168.6662|(1179.8, 515.5)
168.6829|(1016.4, 499.9)
168.7163|(911.6, 487.7)
168.7327|(907.6, 486.0)
168.7495|(905.6, 484.7)
168.7663|(906.0, 484.9)
168.7831|(905.9, 485.6)
168.7998|(905.4, 486.9)
168.8163|(905.5, 489.9)
168.8498|(905.5, 492.1)
168.8664|(905.4, 493.9)
168.883|(904.7, 497.7)
168.8997|(904.1, 498.7)
168.9165|(897.5, 508.8)
168.9331|(887.9, 535.4)
168.95|(868.2, 600.4)
168.9665|(866.7, 608.4)
168.9832|(855.7, 646.0)
169.0167|(849.1, 660.1)
169.0333|(848.5, 661.7)
169.05|(850.2, 659.5)
169.0668|(849.1, 660.8)
169.0835|(844.6, 660.7)
169.1|(843.5, 659.6)
169.1168|(841.2, 656.8)
169.1334|(844.1, 658.8)
169.167|(843.2, 655.3)
169.1837|(843.3, 655.0)
169.2002|(851.5, 654.6)
169.217|(856.5, 650.6)
169.2338|(877.4, 635.1)
169.2504|(893.2, 628.2)
169.267|(900.1, 625.2)
169.2836|(926.3, 618.1)
169.3171|(990.5, 581.0)
169.3338|(987.3, 580.5)
169.3504|(986.5, 580.4)
169.3674|(984.2, 577.3)
169.3839|(984.3, 577.6)
169.4005|(990.2, 574.5)
169.4174|(990.6, 574.5)
169.434|(988.6, 577.4)
169.4673|(1144.1, 680.1)
169.484|(1262.8, 789.3)
169.5009|(1275.3, 799.6)
169.5175|(1298.6, 814.6)
169.5344|(1296.7, 816.6)
169.5508|(1296.2, 817.5)
169.5676|(1295.3, 819.0)
169.5842|(1292.5, 819.8)
169.6176|(1292.1, 824.4)
169.6343|(1292.2, 822.8)
169.6511|(1163.1, 861.5)
169.6677|(1147.3, 865.4)
169.6845|(1139.3, 868.3)
169.7011|(1117.4, 876.0)
169.7177|(1103.6, 869.5)
169.7344|(1097.6, 864.3)
169.768|(1095.9, 860.9)
169.7846|(1093.1, 857.7)
169.8013|(1096.0, 850.0)
169.8181|(1097.0, 848.2)
169.8347|(1097.5, 847.8)
169.8514|(1102.3, 856.8)
169.8681|(1105.9, 861.4)
169.8849|(1066.5, 872.2)
169.9181|(917.5, 977.8)
169.9349|(885.3, 1003.0)
169.9515|(854.7, 1018.5)
169.9684|(828.0, 1035.8)
169.985|(809.5, 1047.1)
170.0016|(806.7, 1041.1)
170.0186|(799.6, 1034.4)
170.0354|(798.1, 1022.5)
170.0687|(793.6, 1035.4)
170.0853|(792.5, 1038.7)
170.1019|(791.4, 1040.9)
170.1186|(793.0, 1042.1)
170.1352|(796.7, 1039.8)
170.1519|(795.5, 1037.8)
170.1687|(798.1, 1040.5)
170.1853|(796.3, 1042.0)
170.2187|(796.3, 1040.9)
170.2355|(793.2, 1042.4)
170.2525|(795.3, 1036.2)
170.2688|(796.9, 1032.8)
170.2858|(798.8, 1028.5)
170.3022|(913.6, 953.6)
170.3191|(932.6, 942.6)
170.3357|(972.2, 916.6)
170.369|(983.1, 909.2)
170.3878|(1039.8, 876.1)
170.4026|(1101.5, 842.3)
170.4193|(1108.2, 844.8)
170.4359|(1108.6, 846.4)
170.469|(1105.1, 854.7)
170.4859|(1104.1, 861.8)
170.5192|(1063.4, 840.0)
170.536|(905.4, 686.7)
170.5528|(898.8, 680.7)
170.5696|(917.8, 699.1)
170.5863|(911.8, 691.9)
170.603|(845.0, 627.0)
170.6196|(842.4, 622.3)
170.6362|(841.3, 623.5)
170.6697|(842.5, 626.9)
170.6863|(840.4, 626.6)
170.7029|(840.8, 629.6)
170.7196|(841.8, 629.3)
170.7364|(839.7, 632.4)
170.7529|(838.4, 628.8)
170.7697|(838.8, 629.2)
170.7868|(843.7, 628.9)
170.8199|(1069.0, 600.1)
170.8363|(1104.2, 596.9)
170.8533|(1124.0, 595.2)
170.8698|(1141.9, 593.4)
170.8865|(1144.9, 591.8)
170.9033|(1146.5, 592.8)
170.9201|(1156.8, 593.6)
170.9366|(1156.8, 599.5)
170.9715|(1154.2, 597.2)
170.9872|(1155.5, 599.1)
171.0036|(1154.3, 604.1)
171.0203|(1152.4, 605.3)
171.0367|(1150.1, 606.7)
171.0535|(1147.6, 608.7)
171.0705|(1148.2, 608.6)
171.0867|(1149.3, 608.5)
171.1202|(1150.2, 609.3)
171.137|(1152.8, 610.7)
171.1536|(1153.1, 611.9)
171.1703|(1153.0, 551.5)
171.1872|(1152.7, 511.5)
171.2038|(1152.1, 482.8)
171.2207|(1148.8, 476.5)
171.2372|(1147.4, 466.5)
171.2705|(1151.4, 468.3)
171.2874|(1149.9, 468.6)
171.304|(1149.2, 467.5)
171.3206|(1148.9, 461.4)
171.3372|(1155.5, 465.3)
171.354|(1177.8, 471.6)
171.371|(1602.6, 594.9)
171.3875|(1628.5, 599.1)
171.4207|(1686.7, 611.9)
171.4375|(1691.1, 613.7)
171.4546|(1708.4, 620.4)
171.4709|(1722.0, 635.2)
171.5043|(1722.3, 631.9)
171.5209|(1709.2, 616.1)
171.5376|(1710.9, 616.2)
171.5711|(1717.0, 623.8)
171.5878|(1690.9, 601.6)
171.6046|(1682.9, 611.4)
171.6212|(1684.3, 609.9)
171.6379|(1688.2, 607.5)
171.655|(1686.7, 615.8)
171.671|(1687.6, 615.4)
171.6879|(1689.2, 625.0)
171.7214|(1690.2, 625.0)
171.7379|(1693.7, 620.9)
171.7545|(1691.3, 624.1)
171.7717|(1690.5, 618.0)
171.7882|(1690.7, 608.5)
171.8047|(1690.4, 606.6)
171.8213|(1689.8, 605.7)
171.8381|(1685.6, 606.7)
171.8715|(1678.9, 607.5)
171.9047|(1672.0, 606.8)
171.9217|(900.1, 604.3)
171.9382|(814.0, 605.8)
171.9552|(812.7, 606.2)
171.9716|(811.6, 608.5)
171.9883|(801.1, 623.8)
172.0218|(802.5, 616.2)
172.0384|(796.4, 624.0)
172.0551|(800.0, 629.2)
172.0717|(798.9, 628.2)
172.0883|(797.4, 634.5)
172.1053|(797.3, 644.1)
172.1218|(789.3, 666.2)
172.1385|(788.1, 669.7)
172.1719|(781.4, 686.4)
172.1886|(775.8, 692.9)
172.2052|(776.5, 691.3)
