172.2388|(774.6, 706.0)
172.2801|(774.2, 706.7)
172.3046|(774.6, 709.9)
172.3212|(774.3, 711.3)
172.3377|(772.5, 709.9)
172.3714|(770.5, 707.0)
172.388|(770.8, 706.4)
172.4045|(771.0, 705.1)
172.4381|(776.3, 702.2)
172.4548|(796.1, 693.8)
172.4714|(815.9, 685.9)
172.5047|(852.6, 665.5)
172.5216|(852.8, 664.9)
172.5382|(852.7, 665.4)
172.5548|(852.7, 665.8)
172.5883|(856.4, 673.3)
172.605|(855.7, 671.2)
172.6215|(855.2, 671.3)
172.6384|(854.7, 669.3)
172.6551|(694.7, 675.0)
172.6716|(690.7, 675.0)
172.6882|(700.3, 674.3)
172.7051|(689.3, 674.9)
172.7387|(670.0, 675.9)
172.7551|(670.7, 674.8)
172.7719|(669.7, 676.1)
172.7884|(670.7, 675.3)
172.8052|(671.1, 674.4)
172.8219|(670.7, 671.1)
172.8387|(669.8, 670.8)
172.8553|(670.9, 659.2)
172.889|(671.1, 658.7)
172.9053|(671.8, 658.3)
172.9221|(699.0, 587.3)
172.9389|(703.2, 573.6)
172.9558|(703.9, 571.3)
172.9722|(702.4, 571.4)
172.9888|(702.6, 568.3)
173.0056|(700.6, 566.5)
173.0389|(699.9, 561.1)
173.0557|(701.7, 556.9)
173.0724|(701.7, 558.1)
173.089|(707.5, 556.7)
173.1058|(708.8, 556.3)
173.1225|(708.3, 556.9)
173.139|(711.8, 560.1)
173.1559|(723.6, 569.5)
173.1894|(729.2, 573.6)
173.206|(731.1, 573.6)
173.2225|(736.4, 572.4)
173.2393|(735.2, 572.8)
173.256|(735.4, 573.8)
173.2726|(735.4, 574.7)
173.2894|(735.5, 574.3)
173.3061|(735.7, 574.6)
173.3395|(736.6, 574.0)
173.3562|(737.2, 573.3)
173.3727|(736.9, 577.4)
173.3896|(738.4, 594.3)
173.4064|(740.5, 629.4)
173.4229|(747.2, 799.9)
173.4396|(744.3, 787.0)
173.4564|(736.5, 822.1)
173.4899|(727.6, 855.2)
173.5064|(729.5, 862.8)
173.5399|(730.3, 865.1)
173.5564|(731.2, 863.2)
173.5731|(731.1, 862.4)
173.59|(731.1, 862.6)
173.6066|(726.9, 867.2)
173.6401|(727.4, 857.9)
173.6565|(727.7, 856.6)
173.6733|(727.8, 855.7)
173.6901|(729.9, 867.5)
173.7068|(731.0, 891.7)
173.7234|(726.4, 908.0)
173.7402|(719.2, 937.1)
173.757|(720.0, 938.2)
173.7902|(708.8, 988.7)
173.8068|(708.6, 989.4)
173.8235|(707.9, 990.1)
173.8403|(710.1, 985.5)
173.857|(715.4, 987.3)
173.8736|(721.9, 981.9)
173.8903|(714.0, 987.7)
173.9074|(709.9, 985.2)
173.9404|(709.7, 984.7)
173.957|(711.2, 964.9)
173.9906|(709.8, 967.9)
174.0071|(708.3, 971.3)
174.0239|(707.8, 970.9)
174.0406|(707.7, 966.3)
174.0573|(707.3, 965.4)
174.0908|(707.9, 973.6)
174.1074|(708.4, 973.4)
174.1241|(708.6, 964.5)
174.141|(708.4, 964.8)
174.1575|(708.1, 963.6)
174.1742|(705.8, 963.9)
174.1911|(705.3, 965.0)
174.2076|(704.7, 965.9)
174.2409|(703.5, 966.4)
174.2576|(702.9, 964.3)
174.2743|(709.6, 965.9)
174.2911|(710.4, 963.2)
174.3076|(709.4, 962.3)
174.3246|(714.7, 956.6)
174.3411|(708.0, 967.3)
174.3578|(715.4, 949.5)
174.3912|(736.4, 898.2)
174.408|(755.4, 821.9)
174.4247|(754.6, 826.5)
174.4414|(757.7, 818.9)
174.4579|(757.3, 820.4)
174.4747|(756.8, 822.3)
174.4915|(757.4, 832.5)
174.5081|(757.2, 832.1)
174.5415|(756.1, 834.6)
174.5752|(759.9, 844.4)
174.5916|(760.6, 845.4)
174.6081|(754.3, 840.5)
174.6249|(749.5, 837.1)
174.6417|(754.8, 836.1)
174.6583|(765.1, 831.2)
174.6917|(771.2, 828.1)
174.7085|(740.9, 727.4)
174.7252|(723.6, 669.9)
174.7418|(708.6, 618.4)
174.7585|(698.1, 587.8)
174.7751|(697.4, 587.9)
174.792|(697.6, 586.9)
174.8086|(698.5, 586.0)
174.8421|(698.1, 587.0)
174.8586|(700.0, 586.2)
174.8754|(700.5, 584.9)
174.892|(700.7, 585.1)
174.9088|(703.3, 584.4)
174.9254|(730.9, 572.6)
174.9422|(734.9, 570.3)
174.9589|(736.3, 569.8)
174.9922|(737.6, 568.6)
175.0089|(736.9, 567.9)
175.0258|(733.5, 566.5)
175.0423|(730.6, 565.6)
175.0591|(730.6, 565.3)
175.0757|(732.0, 567.9)
175.1591|(731.0, 569.2)
175.176|(1170.6, 754.8)
175.1924|(1841.9, 1079.0)
175.2092|(1801.2, 1060.3)
175.2259|(1835.9, 1081.8)
175.2427|(1869.3, 1102.4)
175.2592|(1885.4, 1109.2)
175.2928|(1911.3, 1105.2)
175.3095|(1905.1, 1099.0)
175.326|(1876.1, 1064.3)
175.3427|(1861.3, 1062.1)
175.3595|(1869.1, 1056.0)
175.3761|(1866.4, 1051.9)
175.393|(1857.1, 1058.6)
175.4095|(1858.0, 1058.7)
175.4428|(1865.7, 1167.1)
175.6768|(1006.1, 1049.7)
175.6933|(888.6, 990.4)
175.71|(776.2, 939.7)
175.8936|(696.7, 602.0)
175.9104|(715.5, 613.0)
175.927|(714.4, 615.8)
175.9436|(713.2, 620.9)
175.9772|(711.0, 623.9)
175.9939|(711.2, 631.8)
176.0106|(711.4, 631.9)
176.0274|(709.5, 638.5)
176.044|(705.8, 645.3)
176.0607|(706.3, 647.9)
176.0774|(705.8, 656.3)
176.0941|(705.0, 660.0)
176.1107|(706.6, 662.1)
176.1276|(707.7, 665.7)
176.1442|(707.3, 668.6)
176.1608|(706.9, 677.5)
176.1942|(702.0, 686.5)
176.2111|(699.9, 690.0)
176.2276|(700.6, 692.9)
176.2442|(700.2, 693.9)
176.261|(699.2, 695.1)
176.2776|(698.9, 696.1)
176.2943|(700.6, 697.1)
176.3111|(701.7, 696.4)
176.3444|(704.2, 697.5)
176.3616|(706.9, 698.4)
176.3779|(705.3, 700.3)
176.3945|(701.3, 708.2)
176.4113|(699.4, 717.8)
176.4281|(695.8, 752.2)
176.4447|(650.4, 1034.4)
176.4613|(625.7, 1177.0)
178.2143|(955.1, 1167.9)
178.231|(837.5, 993.0)
178.2643|(821.7, 967.1)
178.2811|(792.0, 921.5)
178.2976|(749.7, 859.4)
178.3147|(740.9, 855.6)
178.3312|(740.6, 857.5)
178.3478|(734.9, 862.2)
178.3644|(734.4, 868.3)
178.3812|(734.3, 869.1)
178.3979|(736.6, 869.3)
178.4148|(741.7, 868.5)
178.4313|(742.4, 867.2)
178.448|(739.2, 865.2)
178.4646|(741.8, 863.3)
178.4814|(753.5, 873.4)
178.4981|(797.7, 898.4)
178.5147|(968.6, 1035.5)
178.5314|(985.1, 1048.4)
178.5481|(984.5, 1046.7)
178.5816|(1084.5, 1124.7)
178.5983|(1082.0, 1122.1)
178.6148|(1081.7, 1121.8)
178.6315|(1095.0, 1133.2)
179.6667|(816.0, 643.5)
179.6834|(811.9, 648.0)
179.7002|(805.2, 645.5)
179.7167|(805.8, 649.9)
179.7335|(807.1, 649.8)
179.7503|(806.5, 649.9)
179.8001|(807.7, 650.5)
179.8168|(808.0, 650.2)
179.8337|(809.4, 648.9)
179.8503|(806.4, 651.6)
179.8671|(804.2, 654.0)
179.8836|(786.0, 675.6)
179.9006|(773.0, 677.2)
179.934|(746.3, 662.1)
179.9505|(720.0, 614.0)
179.9673|(699.7, 582.0)
180.0005|(694.7, 565.5)
180.0172|(693.3, 557.1)
180.0338|(697.7, 556.5)
180.0508|(699.1, 558.5)
180.084|(698.7, 560.0)
180.1008|(696.0, 570.5)
180.1174|(695.6, 571.6)
180.1342|(691.8, 573.7)
180.1509|(691.2, 574.1)
180.1674|(682.0, 574.4)
180.201|(682.9, 572.9)
180.2509|(684.0, 572.3)
180.2677|(687.2, 571.8)
180.301|(691.8, 575.5)
180.3179|(690.7, 574.6)
180.3344|(743.2, 323.8)
180.3513|(742.3, 314.7)
180.3844|(739.4, 305.1)
180.4011|(739.0, 303.4)
180.4179|(734.5, 275.4)
180.4346|(737.9, 274.8)
180.4513|(746.6, 275.9)
180.4679|(752.8, 272.6)
180.4848|(749.4, 271.4)
180.5348|(748.1, 270.1)
180.5516|(746.7, 271.6)
180.5682|(746.6, 272.7)
180.5847|(750.0, 276.8)
180.6016|(756.9, 279.3)
180.6183|(770.4, 549.3)
180.6348|(771.1, 554.6)
180.6517|(771.8, 565.0)
180.6849|(773.2, 575.6)
180.7018|(773.7, 576.5)
180.7185|(773.3, 577.1)
180.7351|(772.3, 575.5)
180.7518|(779.0, 571.8)
180.7685|(782.2, 570.9)
180.7853|(782.0, 569.9)
180.802|(781.4, 567.3)
180.8353|(790.6, 572.1)
180.8519|(789.0, 571.0)
180.8687|(1420.0, 607.0)
180.8855|(1573.6, 619.0)
180.9187|(1658.1, 621.5)
180.9355|(1656.7, 615.7)
180.9522|(1661.2, 612.7)
180.9857|(1662.9, 612.3)
181.0023|(1661.0, 612.2)
181.0357|(1659.9, 611.0)
181.0522|(1659.8, 611.4)
181.069|(1647.5, 589.1)
181.0857|(1649.0, 598.3)
181.1023|(1682.2, 599.0)
181.1357|(1689.4, 597.2)
181.1526|(1690.5, 598.7)
181.1691|(1693.7, 594.3)
181.1859|(1695.9, 592.7)
181.2025|(1698.1, 585.6)
181.2193|(1684.5, 583.8)
181.2361|(1688.9, 582.7)
181.2861|(1689.1, 584.1)
181.3195|(1683.4, 585.5)
181.3361|(890.1, 475.4)
181.3695|(794.9, 462.0)
181.3862|(796.3, 462.0)
181.4027|(792.4, 462.0)
181.4363|(790.8, 467.7)
181.453|(788.9, 476.6)
181.4698|(787.4, 486.0)
181.4864|(785.2, 488.4)
181.503|(777.4, 491.1)
181.5201|(768.6, 495.4)
181.5364|(765.5, 496.8)
181.5531|(766.1, 499.1)
181.5864|(758.4, 525.7)
181.6031|(749.2, 550.0)
181.6198|(744.3, 567.7)
181.6366|(744.5, 569.6)
181.6534|(743.1, 572.3)
181.67|(735.4, 570.3)
181.6866|(737.1, 571.4)
181.7034|(737.3, 571.3)
181.7369|(729.6, 571.5)
181.7536|(730.7, 572.1)
181.7702|(730.5, 571.2)
181.7868|(732.2, 572.1)
181.8035|(733.5, 571.1)
181.8205|(735.4, 574.4)
181.8369|(736.0, 576.9)
181.8536|(727.7, 537.5)
181.8871|(726.4, 530.4)
181.9038|(730.4, 513.7)
181.9205|(736.2, 494.3)
181.9539|(737.7, 484.3)
181.9705|(736.7, 484.4)
181.9872|(745.7, 489.7)
182.0039|(744.5, 487.8)
182.0373|(737.9, 482.2)
182.054|(751.5, 483.8)
182.0708|(753.1, 481.1)
182.0873|(785.8, 473.4)
182.104|(820.0, 475.2)
182.1207|(836.5, 472.6)
182.1374|(835.1, 473.5)
182.1542|(883.9, 467.9)
182.1876|(885.7, 466.6)
182.2043|(885.0, 466.5)
182.221|(885.5, 467.2)
182.2376|(883.4, 466.1)
182.2543|(883.8, 463.6)
182.271|(884.9, 462.3)
182.2876|(888.1, 463.9)
182.3044|(891.1, 464.4)
182.3377|(891.3, 464.4)
182.3544|(896.4, 465.6)
182.3714|(889.9, 466.7)
182.4048|(857.6, 480.3)
182.4213|(757.9, 534.6)
182.4378|(721.5, 554.7)
182.4548|(714.0, 559.6)
182.4881|(701.6, 567.8)
182.5047|(699.1, 571.0)
182.5214|(697.9, 573.8)
182.5381|(697.5, 574.2)
182.5549|(697.9, 566.8)
182.5714|(697.4, 569.4)
182.5883|(693.5, 570.1)
182.605|(692.9, 569.3)
182.6384|(698.0, 569.7)
182.6549|(698.1, 570.2)
182.6719|(706.4, 572.9)
182.6884|(720.1, 572.6)
182.705|(724.1, 572.8)
182.7218|(722.8, 573.1)
182.7385|(722.5, 573.0)
182.755|(723.1, 573.8)
182.7886|(720.9, 574.3)
182.8054|(728.7, 573.8)
182.8217|(737.3, 572.7)
182.8386|(740.2, 573.3)
182.8556|(739.3, 576.1)
182.8719|(732.4, 591.8)
182.8887|(714.8, 631.1)
182.9054|(711.9, 633.2)
182.9388|(703.7, 653.0)
182.9555|(683.4, 691.0)
182.9724|(682.3, 695.1)
182.989|(688.0, 700.7)
183.0057|(690.0, 698.3)
183.0223|(690.2, 697.5)
183.039|(689.0, 695.9)
183.0556|(687.6, 691.9)
183.0892|(686.9, 695.0)
183.1057|(689.4, 695.6)
183.1223|(684.7, 701.1)
183.1392|(694.2, 717.7)
183.1558|(692.1, 717.8)
183.1726|(692.8, 718.8)
183.1892|(692.4, 719.4)
183.2058|(693.5, 717.6)
183.2394|(692.9, 717.2)
183.256|(700.9, 717.8)
183.2726|(701.8, 716.8)
183.2894|(704.3, 715.6)
183.3062|(702.1, 714.3)
183.3228|(699.2, 712.7)
183.3394|(695.1, 713.2)
183.3562|(695.9, 710.7)
183.3897|(701.1, 709.0)
183.4062|(820.3, 680.8)
183.4397|(851.6, 673.4)
183.4563|(863.7, 669.9)
183.4729|(876.5, 667.6)
183.4897|(878.3, 667.5)
183.5065|(875.8, 666.9)
183.5398|(879.3, 668.4)
183.5565|(879.5, 668.6)
183.5731|(882.1, 668.1)
183.5901|(883.2, 664.3)
183.6065|(884.1, 664.9)
183.6232|(883.6, 664.5)
183.6401|(883.6, 664.3)
183.6566|(878.8, 662.6)
183.6901|(775.2, 647.7)
183.7066|(719.1, 637.2)
183.7235|(704.6, 633.2)
183.7401|(704.7, 634.9)
183.7568|(705.6, 633.7)
183.7736|(705.7, 632.9)
183.7903|(705.6, 632.1)
183.8071|(705.7, 631.7)
183.8404|(705.7, 632.3)
183.857|(706.7, 642.1)
183.8736|(725.9, 933.7)
183.8906|(728.3, 928.6)
183.907|(731.4, 946.0)
183.9238|(732.4, 963.6)
183.9404|(732.6, 961.0)
183.9571|(730.6, 962.8)
183.9907|(730.9, 957.7)
184.0073|(729.2, 962.0)
184.0239|(746.7, 930.2)
184.0406|(743.9, 934.7)
184.0575|(752.3, 933.0)
184.0741|(747.7, 939.0)
184.0908|(749.3, 938.0)
184.1074|(750.1, 935.7)
184.1407|(742.7, 950.0)
184.1575|(730.0, 963.4)
184.1743|(716.6, 978.4)
184.1908|(710.2, 987.1)
184.2075|(711.5, 988.5)
184.2243|(713.1, 985.9)
184.2409|(711.1, 987.4)
184.2577|(710.1, 986.4)
184.2911|(705.3, 984.1)
184.3078|(704.2, 982.6)
184.3246|(697.1, 980.5)
184.341|(697.0, 978.5)
184.3578|(699.4, 977.2)
184.3745|(699.4, 977.7)
184.3912|(698.9, 980.0)
184.4079|(699.5, 978.3)
184.4413|(704.5, 971.4)
184.4748|(704.1, 971.0)
184.4913|(704.9, 968.1)
184.508|(704.2, 968.3)
184.5247|(703.7, 968.3)
184.5416|(704.0, 966.5)
184.5582|(701.1, 959.3)
184.5915|(703.2, 959.9)
184.6082|(702.4, 958.5)
184.625|(705.6, 962.1)
184.6416|(704.5, 966.9)
184.6583|(706.9, 969.0)
184.6751|(706.9, 969.1)
184.6919|(705.7, 971.0)
184.7084|(704.9, 975.7)
184.7418|(703.6, 976.4)
184.7584|(728.2, 1038.4)
184.7751|(737.9, 1056.0)
184.7919|(746.5, 1069.9)
184.8087|(761.4, 1078.7)
184.8252|(777.5, 1096.1)
184.842|(776.0, 1098.0)
184.8589|(772.0, 1103.6)
184.8921|(783.9, 1097.0)
184.9088|(780.9, 1095.7)
184.9257|(774.7, 1092.0)
184.942|(766.3, 1095.1)
184.9588|(731.1, 1103.2)
184.9756|(695.9, 1110.6)
184.9923|(686.6, 1114.9)
185.0089|(668.7, 1120.9)
185.0423|(666.4, 1120.2)
185.0591|(672.0, 1114.4)
185.0757|(671.3, 1115.4)
185.0922|(670.2, 1116.3)
185.1091|(668.7, 1116.7)
185.1259|(666.4, 1117.0)
185.1424|(660.8, 1113.4)
185.1593|(659.7, 1111.4)
185.1925|(665.7, 1110.5)
185.2093|(666.9, 1110.1)
185.226|(668.7, 1109.5)
185.2426|(672.7, 1108.5)
185.2592|(683.8, 1111.6)
185.276|(826.2, 1109.7)
185.2928|(831.5, 1110.2)
185.3095|(833.9, 1110.7)
185.3427|(857.8, 1112.5)
185.3595|(868.6, 1118.0)
185.3762|(870.1, 1115.7)
185.393|(871.5, 1121.2)
185.4095|(869.2, 1139.4)
185.4263|(869.1, 1139.6)
185.443|(867.5, 1138.6)
185.4597|(870.0, 1142.1)
185.4932|(868.2, 1138.7)
185.51|(866.6, 1138.8)
185.5266|(859.8, 1138.7)
185.5431|(847.9, 1137.4)
185.5598|(815.4, 1132.4)
185.5765|(806.8, 1130.5)
185.5933|(800.9, 1129.2)
185.6099|(788.6, 1127.0)
185.6434|(765.7, 1125.8)
185.6602|(766.2, 1123.4)
185.6766|(766.9, 1124.8)
185.6933|(766.7, 1126.2)
185.7102|(766.3, 1124.2)
185.7269|(763.7, 1119.0)
185.7435|(764.9, 1114.1)
185.7601|(764.0, 1112.4)
185.7937|(762.6, 1111.9)
185.8102|(764.2, 1111.7)
185.8269|(763.3, 1111.5)
185.8437|(757.7, 1111.9)
185.8603|(757.7, 1110.8)
185.8771|(758.7, 1111.7)
185.8937|(759.1, 1112.0)
185.9105|(759.5, 1108.2)
185.9273|(761.6, 1106.9)
185.9438|(764.3, 1104.0)
185.9606|(780.1, 1084.3)
185.9772|(800.2, 1061.0)
185.9938|(819.2, 1045.2)
186.0106|(822.2, 1044.8)
186.0274|(823.0, 1043.2)
186.0441|(822.6, 1043.1)
186.0608|(822.6, 1043.2)
186.094|(821.1, 1044.0)
186.1106|(813.4, 1013.9)
186.1273|(751.8, 717.8)
186.1441|(738.5, 643.9)
186.1609|(729.7, 613.2)
186.1774|(720.0, 576.0)
186.1943|(718.6, 573.3)
186.2108|(718.2, 572.9)
186.2442|(715.0, 571.3)
186.2609|(714.8, 572.7)
186.2776|(713.1, 591.5)
186.2943|(711.1, 598.3)
186.3112|(690.2, 663.2)
186.3278|(689.0, 695.3)
186.3445|(688.4, 703.2)
186.3612|(684.4, 717.7)
186.3779|(684.2, 722.1)
186.3944|(681.3, 725.3)
186.4113|(676.4, 726.2)
186.4279|(676.8, 725.6)
186.4445|(675.9, 726.4)
186.4614|(678.1, 727.2)
186.4781|(682.2, 727.2)
186.4948|(683.3, 726.7)
186.5115|(684.9, 726.7)
186.5448|(701.5, 722.2)
186.5615|(721.2, 717.8)
186.5782|(740.2, 712.6)
186.5948|(752.7, 714.2)
186.6118|(754.8, 709.2)
186.6283|(823.9, 707.9)
186.645|(822.4, 707.5)
186.6616|(881.8, 708.3)
186.6951|(918.8, 715.5)
186.7952|(929.2, 707.5)
186.8119|(928.0, 720.2)
186.8286|(927.1, 737.2)
186.8452|(926.4, 741.3)
186.8619|(928.2, 737.4)
186.8788|(930.9, 742.0)
186.8955|(930.7, 748.2)
186.9122|(936.6, 759.5)
186.9288|(938.9, 762.4)
186.9456|(933.8, 752.3)
186.9621|(897.5, 748.2)
186.9788|(889.6, 745.7)
186.9958|(883.2, 746.2)
187.0123|(850.4, 734.4)
187.0289|(855.7, 733.7)
187.0455|(847.5, 728.3)
187.0624|(846.2, 725.5)
187.0791|(844.1, 724.8)
187.0957|(842.4, 726.4)
187.1124|(840.5, 725.7)
187.1291|(841.2, 727.4)
187.146|(839.6, 728.8)
187.1624|(931.9, 724.2)
187.1792|(1015.1, 713.6)
187.1959|(1032.4, 710.5)
187.2126|(1055.8, 707.0)
187.2294|(1055.6, 705.7)
187.2461|(1055.6, 705.5)
187.2626|(1057.7, 708.1)
187.2793|(1056.2, 711.7)
187.2961|(1055.3, 713.2)
187.3126|(1055.0, 713.3)
187.3296|(1054.1, 710.6)
187.3461|(1055.6, 707.4)
187.3629|(1061.7, 710.1)
187.3796|(1062.0, 710.0)
187.3963|(1059.9, 707.0)
187.4129|(1052.9, 709.3)
187.4295|(1059.2, 710.9)
187.4463|(1058.9, 712.2)
187.463|(1057.3, 712.9)
187.4796|(1056.6, 711.8)
187.4963|(1055.9, 710.4)
187.5131|(1059.8, 708.9)
187.5299|(1064.8, 710.8)
187.5464|(1114.0, 711.2)
187.5799|(1119.1, 711.9)
187.5966|(1122.0, 713.1)
187.6133|(1124.7, 725.0)
187.63|(1122.8, 722.2)
187.6465|(1113.6, 716.6)
187.6634|(1116.5, 718.0)
187.6801|(1020.9, 711.9)
187.6967|(1004.7, 712.2)
187.7133|(955.4, 711.1)
187.7301|(929.5, 711.3)
187.7467|(912.6, 712.9)
187.7636|(912.7, 713.0)
187.7803|(912.3, 715.4)
187.7969|(912.8, 715.8)
187.8137|(912.8, 716.6)
187.8303|(913.9, 718.7)
187.8468|(915.6, 720.7)
187.8636|(907.9, 717.0)
187.8804|(889.2, 686.2)
187.8971|(888.0, 684.6)
187.9139|(882.8, 678.3)
187.9306|(877.6, 667.9)
187.9473|(878.6, 659.5)
187.964|(879.3, 653.8)
187.9805|(879.9, 653.5)
187.9972|(878.0, 652.1)
188.0307|(873.9, 651.0)
188.0472|(872.7, 649.9)
188.0641|(872.3, 649.8)
188.0807|(868.3, 649.4)
188.0974|(860.9, 648.6)
188.114|(856.7, 648.1)
188.1307|(847.3, 648.0)
188.1641|(840.9, 646.6)
188.1811|(841.8, 646.8)
188.1976|(840.8, 647.6)
188.2141|(840.3, 647.2)
188.2311|(840.5, 646.5)
188.2476|(841.5, 647.8)
188.2645|(842.4, 652.1)
188.281|(842.7, 652.5)
188.2977|(842.7, 649.8)
188.3144|(831.9, 646.2)
188.3313|(807.3, 632.0)
188.3478|(794.1, 624.5)
188.3645|(757.8, 603.6)
188.3812|(703.4, 571.8)
188.3978|(701.2, 568.7)
188.4144|(700.6, 568.4)
188.4313|(701.6, 568.2)
188.4479|(706.7, 570.0)
188.4816|(704.9, 566.2)
188.4981|(703.8, 566.1)
188.5147|(704.6, 566.2)
188.5316|(706.0, 568.1)
188.5483|(710.0, 573.2)
188.5648|(717.9, 575.9)
188.5814|(737.3, 580.2)
188.5982|(750.0, 580.2)
188.6316|(753.0, 580.7)
188.6483|(751.3, 578.8)
188.6649|(747.8, 576.9)
188.6817|(748.1, 575.7)
188.6985|(747.0, 577.3)
188.7152|(747.1, 579.1)
188.7319|(744.5, 581.7)
188.7484|(745.2, 579.2)
188.7819|(741.8, 575.4)
188.7987|(742.9, 574.6)
188.8154|(725.1, 518.9)
188.832|(729.2, 297.9)
188.8486|(729.0, 303.6)
188.8652|(726.8, 379.6)
188.8819|(728.0, 358.1)
188.8988|(736.1, 207.9)
188.9322|(741.0, 204.5)
188.9488|(740.4, 204.5)
188.9656|(740.9, 203.0)
188.9823|(745.0, 202.1)
188.9989|(748.5, 204.5)
189.0157|(750.9, 207.7)
189.0322|(741.6, 205.6)
189.0489|(736.4, 204.8)
189.0823|(735.4, 205.2)
189.099|(726.9, 204.2)
189.1157|(726.4, 203.2)
189.1325|(725.4, 202.5)
189.1492|(712.7, 194.8)
189.1658|(698.4, 186.0)
189.1992|(705.4, 181.6)
189.2327|(708.0, 181.1)
189.2493|(704.2, 182.9)
189.2661|(700.1, 184.3)
189.2827|(724.2, 165.5)
189.2993|(723.2, 166.6)
189.316|(739.4, 155.7)
189.3328|(747.2, 150.8)
189.3495|(756.9, 143.6)
189.3828|(760.5, 141.9)
189.3997|(759.9, 143.3)
189.4163|(756.5, 143.1)
189.433|(753.1, 141.3)
189.4495|(749.9, 139.5)
189.4662|(751.7, 141.5)
189.4831|(755.0, 142.7)
189.4997|(753.9, 141.6)
189.5333|(748.5, 136.8)
189.5497|(750.5, 137.5)
189.5666|(732.6, 134.6)
189.5832|(722.8, 132.7)
189.5999|(720.4, 137.1)
189.6165|(724.5, 140.0)
189.6333|(725.6, 138.9)
189.65|(723.7, 137.1)
189.6835|(723.6, 137.5)
189.7|(725.6, 138.7)
189.7167|(726.1, 138.4)
189.7335|(734.5, 134.7)
189.7502|(733.0, 133.2)
189.7835|(730.9, 132.8)
189.8004|(728.3, 133.8)
189.8336|(724.1, 134.1)
189.8503|(724.8, 135.3)
189.867|(717.6, 133.6)
189.8838|(710.6, 131.8)
189.9002|(708.9, 131.2)
189.9171|(708.2, 131.0)
189.9339|(703.9, 130.3)
189.9505|(698.1, 124.4)
189.9839|(700.1, 125.8)
190.0007|(695.9, 124.8)
190.0173|(798.2, 142.1)
190.034|(814.4, 142.5)
190.0506|(837.3, 146.2)
190.0673|(844.2, 147.5)
190.084|(848.8, 146.3)
190.1008|(848.7, 143.6)
190.134|(847.4, 143.1)
190.1508|(846.7, 143.3)
190.1675|(845.6, 145.0)
190.1842|(844.6, 145.6)
190.2009|(845.5, 145.8)
190.2343|(851.2, 148.4)
190.251|(872.0, 148.6)
190.2844|(885.6, 147.8)
190.3011|(887.8, 147.3)
190.3345|(895.6, 146.6)
190.3511|(896.9, 145.1)
190.3846|(898.6, 143.4)
190.4346|(901.0, 147.7)
190.4513|(898.0, 148.1)
190.4681|(897.3, 147.7)
190.4849|(898.3, 146.0)
190.5012|(898.8, 146.9)
190.5181|(902.6, 147.7)
190.5348|(901.9, 148.2)
190.5515|(901.3, 146.6)
190.5849|(899.7, 147.9)
190.6017|(895.2, 149.6)
190.6183|(895.7, 149.3)
190.635|(781.5, 127.8)
190.6515|(769.3, 128.8)
190.6684|(767.0, 124.0)
190.6852|(763.2, 122.3)
190.7016|(758.8, 121.2)
190.7351|(753.1, 119.3)
190.7519|(753.1, 119.3)
190.7686|(756.3, 116.0)
190.7853|(754.0, 117.0)
190.8186|(753.0, 114.8)
190.8353|(751.0, 112.4)
190.8519|(751.0, 111.4)
190.8855|(750.8, 111.3)
190.9022|(750.3, 112.6)
190.9189|(749.2, 114.9)
190.9353|(749.5, 114.7)
190.9521|(780.7, 145.1)
190.9688|(776.6, 149.8)
190.9856|(776.2, 150.9)
191.0023|(777.6, 147.9)
191.0356|(768.5, 148.3)
191.0524|(771.7, 147.7)
191.0691|(771.6, 148.7)
191.0856|(786.5, 145.8)
191.1023|(787.1, 143.5)
191.1191|(788.7, 142.7)
191.1359|(785.9, 146.5)
191.1525|(784.3, 151.9)
191.1859|(782.3, 151.7)
191.2027|(783.2, 146.9)
191.2193|(798.8, 121.9)
191.2361|(797.9, 120.9)
191.2694|(800.5, 109.6)
191.286|(800.7, 108.4)
191.3027|(798.3, 107.5)
191.3363|(798.4, 106.5)
191.3528|(799.5, 104.7)
191.3696|(799.8, 103.2)
191.3862|(798.4, 103.1)
191.403|(798.3, 103.9)
191.4197|(821.1, 112.2)
191.4362|(828.7, 112.4)
191.453|(878.2, 107.5)
191.4865|(892.7, 106.7)
191.5031|(893.1, 106.6)
191.5198|(926.9, 103.2)
191.5364|(931.8, 103.1)
191.5532|(931.6, 103.8)
191.5698|(933.4, 103.1)
191.5865|(935.7, 100.9)
191.6033|(937.4, 98.0)
191.6366|(938.5, 97.2)
191.6533|(938.4, 97.8)
191.6701|(939.8, 96.6)
191.6867|(933.2, 99.0)
191.7034|(921.6, 100.2)
191.7203|(925.1, 98.3)
191.7368|(924.5, 98.6)
191.7534|(924.8, 99.7)
191.7869|(935.5, 96.3)
191.8036|(932.9, 97.4)
191.8203|(811.5, 102.7)
191.837|(780.5, 102.8)
191.8535|(752.1, 102.6)
191.8705|(731.3, 103.0)
191.887|(728.7, 103.0)
191.9037|(725.8, 103.2)
191.9373|(720.6, 103.7)
191.9538|(721.0, 104.5)
191.9705|(724.2, 105.9)
191.9872|(723.7, 105.8)
192.0038|(723.5, 103.9)
192.0205|(724.8, 101.5)
192.0372|(724.6, 101.4)
192.0539|(717.3, 118.0)
192.0874|(718.6, 121.0)
192.1041|(719.1, 121.6)
192.1208|(715.7, 125.7)
192.1376|(710.9, 133.7)
192.1541|(710.6, 135.8)
192.171|(709.0, 136.3)
192.1875|(709.4, 136.1)
192.2042|(710.8, 135.4)
192.2377|(710.3, 135.1)
192.2544|(706.7, 134.4)
192.271|(901.2, 142.3)
192.3044|(932.1, 140.6)
192.321|(932.6, 145.0)
192.3378|(933.7, 150.0)
192.3544|(932.7, 146.3)
192.3879|(932.4, 146.4)
192.4048|(932.6, 145.3)
192.4214|(932.9, 139.6)
192.438|(932.8, 135.2)
192.4548|(932.6, 134.0)
192.4714|(932.5, 135.3)
192.4882|(933.0, 134.3)
192.5049|(934.8, 138.1)
192.5383|(929.4, 139.6)
192.5547|(921.3, 141.5)
192.5715|(747.1, 144.2)
192.5881|(747.6, 142.4)
192.6216|(736.9, 142.6)
192.6383|(738.0, 141.5)
192.6884|(739.5, 139.9)
192.7052|(739.8, 135.9)
192.7217|(729.2, 137.3)
192.7385|(724.3, 133.3)
192.7553|(725.3, 134.6)
192.7718|(730.6, 138.6)
192.7885|(735.5, 140.5)
192.8052|(739.6, 143.3)
192.8386|(744.4, 160.6)
192.8554|(740.1, 167.7)
192.8887|(738.0, 180.6)
192.9055|(732.8, 192.3)
192.9221|(728.8, 210.2)
192.9387|(740.6, 211.0)
192.9555|(736.1, 212.1)
192.9889|(731.3, 211.4)
193.0056|(731.8, 210.8)
193.0221|(734.9, 208.1)
193.039|(722.6, 211.1)
193.0556|(726.8, 210.9)
193.0724|(727.8, 210.5)
193.0891|(725.9, 212.0)
193.1056|(725.0, 212.9)
193.1392|(728.0, 207.7)
193.1558|(728.2, 207.4)
193.1725|(732.9, 416.4)
193.1891|(734.4, 458.1)
193.206|(738.0, 494.5)
193.2226|(738.2, 495.8)
193.2392|(736.1, 498.0)
193.256|(736.1, 501.8)
193.2893|(737.3, 501.3)
193.3062|(736.4, 501.7)
193.3395|(739.9, 503.4)
193.3562|(742.6, 504.2)
193.3729|(741.6, 502.8)
193.3897|(741.5, 502.4)
193.4063|(741.2, 502.2)
193.4396|(740.7, 501.2)
193.4564|(740.4, 499.9)
193.473|(740.7, 488.7)
193.4899|(730.9, 450.9)
193.5063|(724.3, 427.0)
193.523|(725.9, 426.9)
193.54|(727.8, 428.4)
193.5565|(725.3, 419.6)
193.59|(722.8, 418.7)
193.6065|(724.6, 419.8)
193.6232|(725.0, 421.3)
193.6398|(722.3, 414.9)
193.6567|(727.0, 417.4)
193.6735|(723.7, 416.7)
193.69|(721.5, 417.4)
193.7068|(722.0, 421.1)
193.7401|(715.2, 418.3)
193.7568|(713.6, 417.7)
193.7735|(711.9, 416.0)
193.7903|(715.2, 418.7)
193.8069|(713.8, 417.9)
193.8235|(714.4, 417.9)
193.8403|(714.6, 417.8)
193.8572|(715.2, 418.2)
193.8906|(706.4, 419.2)
193.9236|(707.3, 417.5)
193.9406|(707.3, 417.1)
193.9572|(711.1, 412.2)
193.9739|(710.9, 413.7)
193.9906|(713.4, 420.4)
194.0072|(715.2, 421.7)
194.0406|(722.2, 424.4)
194.0575|(757.3, 440.4)
194.0741|(772.8, 443.7)
194.0907|(809.5, 449.9)
194.1074|(875.7, 458.0)
194.1241|(877.4, 457.8)
194.1408|(865.9, 458.3)
194.1576|(867.9, 457.7)
194.1909|(873.8, 454.3)
194.2075|(869.8, 454.0)
194.2242|(861.6, 459.2)
194.2409|(862.6, 463.0)
194.2575|(861.4, 464.8)
194.2743|(852.0, 506.3)
194.291|(850.6, 513.6)
194.3078|(823.8, 647.7)
194.3413|(796.5, 771.6)
194.3746|(786.9, 879.7)
194.3914|(787.6, 879.0)
194.4078|(785.9, 878.8)
194.4245|(780.1, 885.6)
194.4412|(779.9, 884.8)
194.4581|(781.2, 883.6)
194.4913|(781.2, 883.4)
194.5083|(782.7, 881.6)
194.5249|(782.7, 874.5)
194.5413|(774.1, 854.4)
194.5582|(770.5, 845.4)
194.575|(768.5, 841.3)
194.5916|(767.7, 839.3)
194.6086|(764.0, 838.4)
194.6418|(755.7, 828.2)
194.6583|(752.8, 826.4)
194.6749|(755.7, 829.6)
194.6917|(756.0, 826.3)
194.7084|(754.3, 822.4)
194.725|(753.7, 820.0)
194.742|(752.7, 801.7)
194.7585|(752.4, 795.7)
194.7919|(746.4, 600.7)
194.8085|(745.9, 549.8)
194.8256|(745.7, 546.2)
194.8419|(746.2, 545.7)
194.8587|(746.8, 541.6)
194.8755|(746.0, 542.7)
194.8921|(744.9, 544.7)
194.9088|(740.6, 550.4)
194.9422|(736.9, 553.9)
194.9588|(722.6, 573.4)
194.9757|(684.6, 655.4)
194.992|(677.8, 669.8)
195.009|(676.2, 673.9)
195.0256|(674.6, 675.0)
195.0423|(672.5, 676.6)
195.0591|(672.8, 674.6)
195.0923|(675.2, 673.2)
195.1093|(675.2, 672.7)
195.1258|(675.6, 672.2)
195.1424|(675.7, 672.1)
195.1593|(676.8, 671.1)
195.1757|(676.9, 670.7)
195.1926|(671.8, 674.0)
195.2092|(669.9, 675.3)
195.2425|(668.6, 674.8)
195.2592|(676.7, 668.7)
195.2761|(677.4, 669.7)
195.2926|(681.0, 672.0)
195.393|(742.8, 1016.7)
195.4097|(748.8, 1020.5)
195.4262|(752.6, 1015.6)
195.4429|(756.1, 1012.0)
195.4596|(754.7, 1014.6)
195.4765|(750.4, 1016.2)
195.4931|(747.5, 1019.1)
195.5098|(749.7, 1025.7)
195.5432|(747.6, 1019.3)
195.56|(747.2, 1018.4)
195.5765|(749.2, 1018.9)
195.5933|(748.9, 1017.6)
195.6099|(748.9, 1019.6)
195.6266|(748.6, 1019.5)
195.6433|(747.7, 1020.9)
195.66|(747.9, 1022.5)
195.6933|(738.8, 1032.1)
195.7103|(738.0, 1034.2)
195.7266|(740.5, 1032.4)
195.7434|(715.8, 1080.9)
195.7601|(697.6, 1108.6)
195.7771|(693.1, 1109.3)
195.7935|(691.1, 1103.9)
195.8103|(689.3, 1104.4)
195.8269|(683.9, 1109.6)
195.8438|(682.8, 1103.3)
195.8603|(683.6, 1096.7)
195.877|(685.0, 1099.1)
195.8937|(688.7, 1099.2)
195.9103|(694.3, 1104.6)
195.9273|(694.4, 1102.2)
195.9438|(693.4, 1102.9)
195.9605|(693.4, 1102.8)
195.9937|(689.4, 1100.1)
196.0105|(690.3, 1098.2)
196.0273|(690.4, 1095.0)
196.0439|(692.7, 1094.6)
196.0608|(692.3, 1079.9)
196.0774|(694.8, 1046.7)
196.094|(712.2, 686.3)
196.1107|(731.2, 333.5)
196.1442|(729.9, 312.5)
196.1608|(726.2, 249.5)
196.1775|(726.3, 244.5)
196.1942|(729.2, 246.4)
196.211|(731.8, 241.3)
196.2276|(732.1, 241.7)
196.2441|(732.6, 242.2)
196.2609|(736.1, 245.8)
196.2776|(738.1, 248.4)
196.2943|(739.3, 249.4)
196.3109|(818.5, 152.2)
196.3279|(826.7, 139.9)
196.3445|(839.2, 127.0)
196.3613|(853.8, 112.9)
196.3779|(855.7, 111.4)
196.3945|(850.5, 113.4)
196.4112|(852.4, 110.6)
196.4445|(858.1, 106.8)
196.4612|(856.8, 107.4)
196.4782|(855.7, 108.6)
196.4946|(852.5, 109.2)
196.5114|(852.7, 109.6)
196.528|(849.8, 108.9)
196.545|(850.5, 108.3)
196.5617|(853.3, 108.0)
196.5948|(848.8, 110.7)
196.6116|(851.2, 111.5)
196.6283|(851.9, 113.3)
196.6449|(852.2, 114.9)
196.6617|(851.0, 117.3)
196.6783|(851.7, 117.0)
196.695|(848.1, 113.8)
196.7116|(846.5, 111.9)
196.7285|(844.5, 111.6)
196.7452|(844.3, 110.5)
196.7786|(845.8, 110.4)
196.7951|(848.2, 111.0)
196.8286|(847.0, 107.8)
196.8453|(836.8, 102.1)
196.8955|(835.4, 96.3)
196.912|(821.3, 97.3)
196.9288|(798.9, 99.4)
196.9456|(738.6, 111.5)
196.9621|(735.3, 112.5)
196.9789|(742.3, 112.0)
196.9956|(720.3, 123.6)
197.0289|(724.3, 128.1)
197.0458|(724.2, 127.5)
197.0623|(720.9, 128.1)
197.0791|(720.0, 129.0)
197.0958|(720.8, 129.6)
197.1124|(719.8, 130.3)
197.129|(718.7, 131.3)
197.1458|(720.1, 130.7)
197.1624|(723.2, 135.6)
197.179|(726.9, 137.8)
197.1959|(736.1, 144.5)
197.2126|(736.7, 145.5)
197.2293|(738.6, 145.9)
197.246|(748.8, 147.8)
197.2627|(751.6, 150.0)
197.2794|(754.1, 152.3)
197.2959|(757.7, 152.9)
197.3127|(756.8, 152.9)
197.3294|(759.8, 156.5)
197.3462|(757.7, 155.7)
197.363|(769.3, 156.3)
197.3962|(812.9, 154.5)
197.4132|(825.3, 152.2)
197.4296|(849.2, 148.5)
197.4462|(845.9, 148.7)
197.4796|(851.9, 150.2)
197.4965|(853.5, 150.2)
197.5131|(853.1, 152.4)
197.5297|(852.2, 153.2)
197.5466|(847.3, 155.0)
197.5632|(842.5, 156.7)
197.58|(839.2, 156.5)
197.5966|(828.3, 157.2)
197.6132|(800.4, 156.5)
197.63|(789.7, 155.2)
197.6465|(758.2, 151.7)
197.6633|(733.3, 150.2)
197.68|(723.0, 149.3)
197.6967|(735.3, 145.4)
197.7135|(733.4, 145.3)
197.7301|(730.4, 145.5)
197.7468|(716.2, 154.5)
197.7635|(715.0, 155.0)
197.7801|(713.5, 154.7)
197.7969|(714.2, 155.1)
197.8137|(717.7, 155.8)
197.8302|(748.1, 143.1)
197.847|(816.1, 136.1)
197.8636|(818.4, 136.1)
197.8804|(821.9, 135.2)
197.8969|(856.9, 131.3)
197.9306|(874.6, 127.4)
197.9471|(875.3, 127.1)
197.9638|(875.5, 126.7)
197.9807|(875.1, 126.8)
197.9973|(873.1, 127.4)
198.0139|(871.3, 128.9)
198.0307|(871.0, 131.1)
198.064|(909.7, 126.0)
198.0807|(925.0, 124.4)
198.0973|(933.1, 123.9)
198.114|(935.7, 118.3)
198.1308|(937.1, 114.4)
198.1474|(937.9, 109.8)
198.1643|(934.7, 110.6)
198.1808|(934.0, 110.7)
198.1974|(933.1, 111.2)
198.2145|(924.3, 113.7)
198.2309|(926.1, 115.1)
198.2476|(925.9, 115.7)
198.2643|(930.7, 113.0)
198.2811|(974.2, 120.9)
198.2978|(986.9, 126.8)
198.3144|(988.9, 127.6)
198.331|(992.9, 129.4)
198.3478|(1004.6, 125.9)
198.3812|(1003.2, 122.6)
198.3978|(1002.4, 123.6)
198.4146|(1006.4, 120.7)
198.4315|(1006.1, 122.2)
198.4481|(1006.3, 123.1)
198.4649|(1007.4, 124.8)
198.4812|(1010.1, 123.5)
198.4979|(1009.6, 121.6)
198.5314|(1002.5, 117.7)
198.5482|(974.1, 115.6)
198.5648|(969.5, 115.5)
198.5817|(966.9, 115.4)
198.5983|(957.4, 116.1)
198.615|(955.2, 116.0)
198.6317|(953.8, 115.9)
198.6482|(949.1, 117.9)
198.6817|(949.0, 118.5)
198.6983|(948.4, 118.3)
198.7151|(947.7, 117.2)
198.7484|(947.5, 116.7)
198.7651|(945.3, 118.5)
198.7985|(940.6, 118.8)
198.832|(948.0, 122.0)
198.8487|(948.5, 121.7)
198.882|(946.1, 124.6)
198.8987|(945.9, 124.8)
198.9154|(856.5, 168.7)
198.932|(825.2, 181.1)
198.9488|(808.5, 189.0)
198.9822|(812.8, 188.5)
198.9988|(799.8, 194.9)
199.0323|(798.2, 192.0)
199.0491|(799.0, 196.0)
199.0656|(800.7, 191.9)
199.1492|(808.6, 188.6)
199.1657|(810.2, 185.2)
199.1827|(813.0, 179.7)
199.1992|(954.7, 122.3)
199.216|(982.3, 114.9)
199.2326|(987.0, 113.3)
199.2493|(987.5, 112.2)
199.2828|(1000.7, 107.0)
199.2995|(1000.3, 106.9)
199.3161|(1007.2, 102.6)
199.3328|(1006.6, 104.0)
199.3494|(1003.9, 105.8)
199.366|(1005.2, 102.9)
199.383|(1000.4, 107.1)
199.3995|(999.3, 110.0)
199.4329|(1002.4, 109.3)
199.4496|(992.0, 115.7)
199.4664|(987.0, 113.7)
199.483|(980.2, 112.8)
199.4998|(972.2, 110.4)
199.5163|(962.3, 106.4)
199.5331|(950.4, 103.3)
199.55|(944.7, 105.0)
199.5831|(949.8, 100.5)
199.6|(948.4, 101.8)
199.6166|(950.2, 98.9)
199.8001|(989.9, 30.3)
199.8335|(974.8, 64.0)
199.8502|(969.7, 93.6)
199.8837|(966.8, 111.5)
199.9005|(966.6, 111.2)
199.9171|(970.3, 109.1)
199.9339|(971.6, 108.6)
199.9506|(976.9, 108.0)
199.9672|(983.4, 111.5)
199.9837|(982.6, 111.4)
200.0004|(978.9, 113.4)
200.034|(981.2, 115.9)
200.0506|(985.5, 116.5)
200.0673|(986.0, 117.9)
200.0842|(985.7, 118.8)
200.1008|(939.8, 238.3)
200.1342|(878.5, 370.3)
200.1508|(863.3, 402.2)
200.1843|(833.8, 461.3)
200.201|(833.9, 462.5)
200.2176|(832.2, 462.2)
200.2342|(832.3, 464.9)
200.2511|(831.6, 464.3)
200.2677|(831.4, 464.4)
200.2845|(832.1, 461.6)
200.3345|(833.2, 459.5)
200.3512|(832.5, 459.9)
200.368|(827.4, 460.9)
200.3844|(820.2, 478.8)
200.4012|(723.9, 697.5)
200.418|(719.8, 709.5)
200.4345|(715.9, 714.9)
200.4513|(715.3, 714.7)
200.4847|(714.1, 711.6)
200.5014|(716.2, 711.0)
200.5182|(716.7, 710.8)
200.5348|(718.3, 710.2)
200.5515|(714.3, 710.6)
200.5682|(714.3, 710.8)
200.585|(716.4, 712.9)
200.6016|(719.2, 714.5)
200.6349|(719.3, 714.7)
200.6516|(722.8, 717.9)
200.6684|(748.8, 848.2)
200.685|(769.7, 912.9)
200.7018|(774.4, 927.3)
200.7184|(780.2, 951.7)
200.7352|(779.3, 950.0)
200.752|(775.0, 951.7)
200.7853|(777.5, 953.6)
200.802|(769.7, 954.8)
200.8186|(769.0, 954.9)
200.8352|(768.9, 953.5)
200.8519|(766.7, 955.0)
200.8686|(766.6, 958.1)
200.8854|(766.6, 964.1)
200.902|(765.2, 967.4)
200.9354|(798.1, 1019.3)
200.9521|(796.0, 1019.0)
200.9687|(793.3, 1017.1)
200.9855|(799.6, 1026.2)
201.0023|(804.7, 1028.5)
201.019|(809.4, 1034.9)
201.0356|(812.1, 1040.9)
201.0522|(813.4, 1044.5)
201.0858|(810.0, 1052.5)
201.1024|(809.8, 1049.6)
201.1357|(805.1, 1035.4)
201.1526|(795.1, 1003.2)
201.1693|(793.7, 995.5)
201.186|(794.7, 997.3)
201.236|(784.1, 958.9)
201.2525|(784.8, 958.1)
201.2694|(785.4, 959.4)
201.3028|(786.1, 963.9)
201.3195|(766.7, 973.1)
201.336|(752.0, 979.7)
201.3528|(742.5, 978.8)
201.3861|(731.3, 977.0)
201.403|(707.5, 979.5)
201.4195|(697.7, 979.3)
201.4362|(687.7, 976.9)
201.453|(686.4, 980.0)
201.4696|(690.4, 978.6)
201.4863|(693.7, 977.2)
201.5032|(697.8, 973.7)
201.5365|(692.2, 977.7)
201.5533|(694.4, 977.7)
201.5698|(694.3, 975.1)
201.5865|(691.5, 966.0)
201.6031|(691.3, 963.9)
201.6198|(692.5, 966.7)
201.6366|(694.3, 965.0)
201.6533|(696.8, 963.7)
201.6867|(708.3, 974.0)
201.7034|(718.8, 979.9)
201.7202|(790.7, 969.7)
201.7535|(819.6, 986.6)
201.7704|(820.9, 988.5)
201.7867|(824.6, 983.5)
201.8037|(823.1, 977.6)
201.837|(826.5, 989.8)
201.8536|(825.2, 990.4)
201.8703|(821.1, 996.7)
201.887|(823.2, 990.5)
201.9037|(820.5, 989.7)
201.9204|(819.2, 986.9)
201.9369|(817.8, 990.6)
201.9538|(815.0, 982.5)
201.9872|(812.4, 983.1)
202.0039|(811.2, 981.4)
202.0206|(806.0, 983.0)
202.0372|(812.3, 984.7)
202.054|(809.0, 982.6)
202.0706|(788.0, 971.9)
202.0874|(781.6, 963.1)
202.104|(760.5, 937.8)
202.1377|(742.5, 919.2)
202.1542|(693.6, 861.8)
202.1709|(694.5, 898.4)
202.1877|(695.1, 899.5)
202.2044|(699.1, 906.3)
202.2209|(696.0, 904.9)
202.2376|(702.7, 887.9)
202.2544|(710.7, 861.5)
202.2878|(736.4, 688.1)
202.3043|(758.8, 443.6)
202.3212|(757.1, 469.4)
202.3376|(779.2, 169.5)
202.3549|(772.2, 166.8)
202.3711|(763.9, 163.7)
202.3878|(764.3, 163.2)
202.4047|(764.4, 163.1)
202.4381|(761.7, 159.5)
202.4547|(761.5, 160.3)
202.4714|(762.5, 162.1)
202.488|(756.8, 192.0)
202.5047|(759.8, 201.1)
202.5214|(760.4, 203.3)
202.5383|(759.4, 206.6)
202.5549|(754.1, 209.6)
202.5882|(754.9, 215.5)
202.605|(751.7, 212.4)
202.6216|(751.9, 207.8)
202.6551|(771.2, 197.8)
202.6716|(786.6, 186.7)
202.6883|(788.6, 185.4)
202.705|(824.4, 160.5)
202.7384|(867.1, 128.6)
202.7552|(864.1, 127.3)
202.7884|(865.5, 128.3)
202.8052|(864.8, 127.3)
202.8219|(864.9, 127.8)
202.8387|(862.5, 130.8)
202.8553|(858.0, 131.0)
202.8888|(802.7, 140.0)
202.9054|(788.0, 141.1)
202.9221|(756.3, 139.1)
202.9388|(751.7, 137.0)
202.9554|(747.4, 141.7)
202.9722|(747.9, 141.1)
202.9889|(748.8, 137.0)
203.0056|(748.2, 136.9)
203.0391|(746.7, 137.7)
203.0557|(744.0, 137.8)
203.0723|(738.1, 136.1)
203.0889|(731.0, 136.5)
203.1057|(728.6, 139.3)
203.1224|(728.3, 139.3)
203.139|(727.4, 140.4)
203.1558|(724.4, 140.7)
203.1893|(719.0, 143.0)
203.2059|(714.9, 140.0)
203.2393|(715.0, 139.8)
203.2559|(714.3, 138.6)
203.2726|(713.2, 137.4)
203.2895|(712.1, 142.3)
203.3062|(711.5, 142.3)
203.3395|(727.7, 149.3)
203.3729|(811.7, 146.6)
203.3896|(810.8, 146.9)
203.4062|(839.6, 145.7)
203.4231|(837.9, 145.9)
203.4395|(836.4, 145.4)
203.4563|(837.7, 144.3)
203.4897|(841.1, 147.1)
203.5065|(842.7, 147.0)
203.5231|(844.3, 145.7)
203.5398|(844.7, 143.6)
203.5565|(846.0, 140.9)
203.5732|(845.3, 142.1)
203.5899|(843.3, 142.7)
203.6068|(841.3, 143.8)
203.6402|(847.8, 137.4)
203.6565|(845.0, 140.4)
203.6733|(845.1, 141.0)
203.6903|(848.2, 141.9)
203.7068|(850.0, 137.6)
203.7234|(848.8, 140.2)
203.7402|(848.2, 139.4)
203.7569|(846.1, 144.6)
203.7902|(846.0, 145.0)
203.8236|(837.9, 144.4)
203.8403|(841.5, 146.1)
203.857|(847.6, 138.1)
203.8737|(850.1, 138.9)
203.8904|(853.3, 138.7)
203.907|(868.5, 137.2)
203.9404|(870.7, 136.5)
203.9572|(880.1, 138.3)
203.9739|(891.5, 136.2)
203.9905|(893.1, 134.9)
204.0071|(893.8, 134.8)
204.024|(895.5, 134.1)
204.0407|(895.5, 134.3)
204.0574|(897.4, 134.3)
204.0909|(896.0, 133.0)
204.1074|(896.5, 131.9)
204.124|(897.8, 130.4)
204.1408|(901.0, 134.1)
204.1576|(899.7, 134.5)
204.174|(896.8, 135.0)
204.191|(895.7, 134.5)
204.2077|(893.1, 135.1)
204.241|(876.0, 139.4)
204.2577|(868.6, 140.0)
204.2745|(843.3, 143.1)
204.291|(838.2, 143.4)
204.3076|(825.3, 133.0)
204.3244|(824.3, 135.3)
204.3412|(824.1, 137.1)
204.358|(826.9, 139.6)
204.3914|(826.4, 144.7)
204.4078|(816.8, 145.9)
204.4247|(813.7, 144.2)
204.4412|(811.8, 143.6)
204.4579|(819.9, 145.2)
204.4748|(820.5, 144.8)
204.4915|(820.3, 144.8)
204.5082|(819.8, 145.1)
204.5415|(821.9, 145.3)
204.5581|(821.3, 149.0)
204.5747|(820.8, 152.7)
204.5916|(820.6, 150.0)
204.6084|(819.8, 147.4)
204.625|(821.0, 147.1)
204.6418|(825.1, 149.3)
204.6583|(828.0, 150.2)
204.6917|(835.4, 146.1)
204.7084|(836.8, 145.8)
204.7251|(836.3, 145.9)
204.7417|(835.0, 148.8)
204.7586|(833.3, 150.8)
204.7752|(832.5, 150.9)
204.7919|(832.4, 150.5)
204.8087|(830.5, 149.5)
204.8419|(829.8, 149.2)
204.8587|(820.0, 144.9)
205.009|(891.3, 121.9)
205.0255|(872.8, 161.9)
205.0423|(872.8, 161.9)
205.0591|(881.7, 157.4)
205.0757|(882.3, 156.8)
205.0925|(875.1, 163.6)
205.109|(874.8, 160.4)
205.1425|(878.5, 161.9)
205.159|(875.1, 161.6)
205.1759|(875.7, 161.7)
205.1926|(877.0, 161.9)
205.2092|(878.1, 153.8)
205.226|(878.6, 151.5)
205.2427|(874.3, 152.9)
205.2593|(873.2, 152.3)
205.2759|(861.8, 149.0)
205.3097|(837.4, 143.2)
205.3261|(837.9, 143.8)
205.3428|(821.1, 145.6)
205.3594|(819.2, 146.5)
205.3762|(816.6, 146.7)
205.393|(815.3, 145.8)
205.4096|(816.3, 144.3)
205.4428|(817.0, 142.3)
205.4598|(817.2, 142.8)
205.4763|(814.9, 147.6)
205.4931|(816.8, 145.8)
205.5097|(814.2, 147.7)
205.5265|(812.7, 149.0)
205.5432|(814.6, 150.7)
205.5598|(814.5, 150.8)
205.5931|(814.4, 149.8)
205.6099|(813.9, 148.9)
205.6266|(812.0, 149.5)
205.6434|(802.5, 139.5)
205.6599|(805.5, 142.8)
205.6767|(804.7, 141.7)
205.6933|(804.5, 140.6)
205.7101|(806.6, 138.7)
205.7268|(807.8, 138.3)
205.7434|(806.0, 138.5)
205.7602|(800.8, 139.5)
205.7768|(806.1, 140.0)
205.7936|(817.0, 139.7)
205.8104|(816.0, 139.4)
205.827|(815.2, 139.0)
205.8438|(812.4, 138.6)
205.8603|(810.6, 141.0)
205.8936|(820.6, 145.6)
205.9105|(818.5, 299.3)
205.927|(816.4, 498.3)
205.9438|(814.0, 545.1)
205.9606|(811.2, 556.5)
205.9771|(808.7, 593.4)
205.9939|(808.5, 594.2)
206.0105|(808.6, 594.8)
206.0438|(798.4, 591.6)
206.0606|(797.2, 591.6)
206.0773|(797.1, 591.6)
206.094|(798.8, 592.1)
206.1108|(802.4, 596.9)
206.1275|(800.9, 595.8)
206.144|(793.3, 597.1)
206.1608|(795.3, 595.6)
206.1774|(794.6, 591.7)
206.1941|(796.2, 585.4)
206.2109|(798.2, 571.0)
206.2277|(800.0, 561.8)
206.2442|(861.5, 176.4)
206.261|(859.7, 158.8)
206.2777|(859.2, 150.8)
206.2944|(857.9, 138.8)
206.311|(848.1, 130.5)
206.3444|(830.7, 122.3)
206.3612|(831.2, 122.0)
206.3777|(830.4, 121.7)
206.3945|(835.8, 121.8)
206.4114|(833.6, 121.2)
206.4278|(843.3, 122.7)
206.4448|(844.5, 124.1)
206.4614|(845.3, 125.7)
206.4948|(831.1, 138.8)
206.5114|(829.8, 139.5)
206.5281|(829.0, 140.0)
206.5449|(826.4, 140.7)
206.5617|(807.5, 137.2)
206.5782|(768.9, 139.8)
206.5948|(758.5, 141.6)
206.6115|(748.6, 138.9)
206.6282|(720.7, 147.5)
206.6449|(716.2, 162.7)
206.6617|(717.9, 163.9)
206.6785|(719.2, 162.7)
206.6951|(715.7, 163.3)
206.7119|(706.1, 163.7)
206.7285|(710.4, 157.0)
206.7453|(718.5, 149.8)
206.7617|(718.0, 150.0)
206.7953|(718.1, 150.0)
206.812|(720.9, 149.8)
206.8286|(726.0, 149.4)
206.8454|(724.2, 146.8)
206.862|(724.5, 146.8)
206.8788|(723.6, 147.8)
206.8955|(720.7, 150.3)
206.9288|(722.5, 150.7)
206.9455|(721.6, 150.6)
206.9621|(722.1, 148.3)
206.9787|(722.7, 149.1)
206.9956|(725.2, 149.1)
207.0124|(729.6, 145.3)
207.029|(730.7, 143.6)
207.0456|(731.3, 142.6)
207.0622|(736.8, 138.8)
207.0789|(749.1, 129.5)
207.0957|(751.5, 123.5)
207.1123|(772.1, 272.3)
207.1292|(786.5, 366.6)
207.1459|(797.8, 462.6)
207.1626|(793.7, 484.3)
207.179|(794.6, 513.3)
207.1957|(800.1, 523.2)
207.2124|(799.5, 524.5)
207.2292|(790.5, 516.7)
207.2461|(790.4, 515.7)
207.2627|(792.1, 515.3)
207.2794|(793.6, 515.8)
207.296|(794.3, 516.6)
207.3128|(791.0, 521.4)
207.3296|(791.4, 523.1)
207.3461|(799.3, 525.1)
207.3795|(796.6, 533.1)
207.3963|(797.0, 532.0)
207.4129|(756.0, 559.7)
207.4297|(729.6, 578.2)
207.4464|(721.9, 582.3)
207.463|(712.1, 596.9)
207.4798|(712.7, 601.9)
207.5131|(713.0, 599.0)
207.5298|(724.3, 596.4)
207.5465|(721.4, 597.2)
207.5633|(717.2, 592.5)
207.58|(709.5, 589.1)
207.5967|(700.7, 580.3)
207.6131|(695.7, 576.8)
207.6299|(673.4, 543.4)
208.2978|(777.2, 644.2)
208.3145|(773.7, 641.5)
208.3311|(772.3, 639.7)
208.3479|(772.7, 638.1)
208.3647|(774.4, 636.9)
208.3811|(776.1, 635.4)
208.4148|(775.6, 634.6)
208.4312|(775.1, 635.3)
208.4481|(774.0, 637.9)
208.4648|(773.7, 639.0)
208.4814|(773.3, 639.5)
208.498|(772.8, 642.1)
208.5149|(780.0, 628.5)
208.5316|(781.2, 624.5)
208.5481|(780.0, 623.9)
208.5815|(788.1, 645.0)
208.5981|(790.7, 655.6)
208.6149|(804.5, 728.4)
208.6317|(810.8, 763.0)
208.6483|(807.6, 757.3)
208.665|(810.8, 787.9)
208.6815|(807.6, 797.9)
208.6984|(806.3, 796.0)
208.7318|(811.6, 800.3)
208.7486|(809.1, 802.0)
208.765|(801.3, 817.8)
208.7818|(799.0, 818.8)
208.7985|(792.1, 827.3)
208.8153|(787.4, 830.9)
208.8319|(784.3, 833.2)
208.8486|(776.1, 838.8)
208.882|(774.8, 837.5)
208.8987|(777.1, 833.9)
208.9154|(776.1, 835.4)
208.9323|(777.8, 837.1)
208.9487|(781.9, 835.1)
208.9656|(780.8, 828.1)
208.9989|(780.1, 829.5)
209.0323|(771.4, 828.9)
209.049|(772.8, 830.1)
209.0658|(774.8, 832.9)
209.0823|(774.6, 829.9)
209.0991|(775.7, 828.7)
209.1159|(775.9, 830.2)
209.1324|(786.7, 828.1)
209.1493|(961.4, 802.4)
209.1825|(991.6, 797.2)
209.1993|(993.1, 797.7)
209.2161|(998.7, 800.8)
209.2327|(1002.3, 808.0)
209.2493|(1002.2, 808.6)
209.266|(1000.6, 811.5)
209.2825|(999.5, 808.0)
209.2993|(994.8, 806.1)
209.3327|(1000.5, 801.2)
209.3493|(1003.8, 802.7)
209.3663|(1003.6, 802.7)
209.3828|(1007.4, 809.1)
209.3995|(982.8, 802.2)
209.4162|(901.8, 760.5)
209.433|(872.5, 741.9)
209.4498|(852.5, 727.7)
209.483|(690.8, 624.6)
209.4996|(689.1, 624.2)
209.5165|(683.2, 626.5)
209.533|(683.4, 625.2)
209.55|(685.1, 620.3)
209.5831|(685.7, 624.2)
209.6|(690.9, 628.0)
209.6332|(692.4, 631.3)
209.6501|(692.5, 630.3)
209.6667|(693.9, 628.6)
209.6833|(693.4, 630.9)
209.7001|(692.4, 628.7)
209.7167|(693.0, 622.2)
209.7334|(711.4, 600.0)
209.75|(716.3, 593.6)
209.7835|(726.3, 581.5)
209.8003|(741.2, 569.6)
209.817|(744.5, 564.7)
209.8336|(745.7, 563.6)
209.8503|(742.9, 557.9)
209.8671|(744.3, 557.5)
209.8836|(747.7, 561.0)
209.9004|(749.7, 561.0)
209.9338|(745.3, 565.1)
209.9505|(741.5, 567.5)
209.9673|(742.0, 568.3)
209.9839|(736.9, 570.7)
210.0005|(736.5, 570.4)
210.034|(732.6, 571.0)
210.0506|(730.8, 570.8)
210.084|(731.3, 570.4)
210.1009|(730.1, 570.3)
210.1175|(728.8, 572.8)
210.1342|(726.9, 573.6)
210.1509|(727.3, 572.7)
210.1674|(726.1, 574.2)
210.1842|(723.1, 572.4)
210.2009|(724.1, 571.9)
210.2344|(726.2, 572.9)
210.2511|(729.1, 574.5)
210.2677|(732.7, 576.3)
210.2843|(732.2, 576.9)
210.3009|(732.0, 578.2)
210.3177|(729.6, 568.8)
210.3344|(728.8, 567.4)
210.3511|(729.1, 566.3)
210.3845|(730.0, 569.2)
210.4013|(729.4, 570.0)
210.4182|(720.3, 573.0)
210.4347|(718.3, 573.8)
210.4513|(720.1, 573.9)
210.4679|(728.2, 577.3)
210.4847|(733.1, 576.2)
210.5014|(732.2, 575.4)
210.5348|(733.0, 573.1)
210.5517|(731.5, 569.8)
210.5683|(720.2, 540.6)
210.585|(709.9, 529.6)
210.6181|(708.4, 519.3)
210.6351|(710.4, 519.6)
210.6517|(708.1, 518.3)
210.6854|(707.8, 519.8)
210.7018|(711.0, 524.1)
210.7184|(708.2, 525.3)
210.735|(702.0, 520.9)
210.7518|(704.8, 522.1)
210.7685|(707.8, 521.5)
210.7852|(712.0, 521.0)
210.802|(717.3, 519.3)
210.8352|(714.9, 520.0)
210.852|(717.3, 519.9)
210.8685|(715.2, 523.7)
210.8854|(771.0, 505.4)
210.902|(868.1, 475.8)
210.9188|(878.8, 473.3)
210.9354|(882.3, 472.5)
210.9521|(894.2, 468.6)
210.9855|(893.3, 468.9)
211.0023|(893.0, 469.4)
211.0189|(891.7, 471.0)
211.0356|(892.4, 472.3)
211.0522|(893.5, 472.3)
211.069|(894.2, 473.8)
211.0857|(893.8, 473.2)
211.1024|(890.1, 475.9)
211.1358|(885.6, 475.7)
211.1525|(881.3, 471.9)
211.1692|(876.9, 469.0)
211.1858|(877.0, 469.7)
211.2025|(861.1, 470.5)
211.2194|(854.2, 471.5)
211.2358|(854.5, 472.4)
211.2527|(854.5, 472.2)
211.2861|(851.1, 472.5)
211.303|(845.9, 473.1)
211.3192|(833.9, 474.0)
211.3362|(751.8, 478.8)
211.3528|(695.5, 480.3)
211.3696|(676.2, 481.6)
211.3861|(676.9, 481.3)
211.403|(680.1, 484.0)
211.4364|(675.7, 483.0)
211.453|(675.2, 482.8)
211.4698|(677.0, 483.2)
211.4862|(675.5, 483.6)
211.5031|(677.3, 482.5)
211.5197|(677.8, 481.9)
211.5364|(676.8, 481.9)
211.5532|(680.8, 479.8)
211.5866|(682.1, 476.2)
211.6032|(681.8, 474.2)
211.62|(681.6, 474.1)
211.6533|(680.6, 475.1)
211.6701|(679.6, 475.4)
211.6867|(679.8, 475.5)
211.7033|(790.9, 484.9)
211.7369|(836.7, 487.5)
211.7534|(868.3, 486.8)
211.7701|(878.8, 487.2)
211.7869|(880.0, 487.2)
211.8035|(885.3, 487.3)
211.8202|(886.2, 487.5)
211.837|(885.2, 487.4)
211.8538|(886.5, 487.1)
211.8871|(886.0, 492.4)
211.9036|(885.1, 489.7)
211.9204|(919.6, 484.4)
211.937|(928.6, 482.0)
211.9538|(933.6, 481.1)
211.9705|(935.5, 480.7)
211.9871|(938.2, 480.7)
212.0039|(940.0, 480.5)
212.0374|(938.5, 480.7)
212.054|(938.2, 479.3)
212.0706|(933.0, 478.2)
212.0873|(932.2, 477.4)
212.1043|(898.0, 474.3)
212.1207|(871.7, 468.5)
212.1375|(852.7, 464.0)
212.1542|(775.4, 446.0)
212.1877|(745.5, 438.3)
212.2043|(752.0, 439.4)
212.2209|(752.0, 439.6)
212.2376|(751.3, 439.7)
212.2544|(754.2, 440.9)
212.271|(755.7, 441.8)
212.2878|(753.8, 441.7)
212.3044|(752.0, 441.8)
212.3379|(737.8, 441.6)
212.3544|(737.2, 442.3)
212.3711|(738.3, 443.5)
212.3877|(741.2, 444.5)
212.4045|(741.3, 442.6)
212.4212|(739.4, 443.4)
212.4378|(738.7, 441.0)
212.4546|(735.8, 434.0)
212.4881|(730.5, 423.4)
212.5048|(727.3, 418.7)
212.5213|(720.3, 412.3)
212.5381|(714.7, 405.4)
212.5548|(713.7, 404.5)
212.5715|(709.7, 403.8)
212.5881|(702.1, 401.5)
212.6049|(698.5, 401.9)
212.6384|(699.5, 404.0)
212.6551|(698.0, 403.6)
212.6718|(696.1, 403.3)
212.6883|(695.3, 402.0)
212.7051|(696.9, 401.0)
212.7218|(698.8, 400.6)
212.7383|(699.5, 401.1)
212.7553|(700.2, 401.0)
212.7886|(700.7, 402.6)
212.8052|(701.9, 401.6)
212.8888|(706.8, 389.6)
212.9055|(702.8, 396.0)
212.9388|(700.1, 404.4)
212.9555|(696.2, 406.4)
212.9721|(696.9, 412.3)
212.9888|(699.3, 413.5)
213.0055|(702.8, 411.5)
213.0222|(704.4, 410.6)
213.039|(708.4, 409.9)
213.0557|(708.9, 411.4)
213.0892|(707.0, 411.8)
213.1057|(701.8, 412.2)
213.1223|(702.2, 412.3)
213.1394|(703.8, 413.2)
213.1558|(704.9, 411.7)
213.1725|(706.4, 410.3)
213.1892|(724.6, 409.5)
213.2059|(728.4, 409.4)
213.2393|(744.1, 407.6)
213.256|(746.0, 408.0)
213.2726|(762.6, 408.4)
213.2897|(762.0, 408.1)
213.3061|(755.8, 409.6)
213.3227|(755.5, 409.9)
213.3395|(755.9, 409.7)
213.3562|(757.1, 406.3)
213.3895|(755.2, 405.9)
213.4061|(754.0, 404.3)
213.4229|(753.7, 402.8)
213.4397|(754.4, 400.9)
213.4563|(757.5, 401.3)
213.4731|(759.4, 400.8)
213.4898|(761.7, 399.8)
213.5065|(762.6, 400.9)
213.5398|(737.9, 409.2)
213.5563|(727.6, 412.5)
213.5731|(718.1, 416.2)
213.5899|(716.0, 417.7)
213.6066|(713.9, 419.0)
213.6233|(712.9, 419.2)
213.64|(709.5, 417.1)
213.6567|(706.9, 418.0)
213.6901|(711.7, 417.2)
213.7235|(715.3, 418.8)
213.7402|(717.2, 420.6)
213.7568|(716.9, 422.6)
213.7735|(717.2, 422.4)
213.7901|(716.4, 422.2)
213.8069|(716.0, 422.6)
213.8403|(701.9, 419.9)
213.857|(699.7, 419.6)
213.8739|(700.9, 420.3)
213.8904|(700.2, 424.6)
213.9071|(701.4, 428.1)
213.9239|(700.7, 428.5)
213.9404|(696.3, 421.6)
213.9572|(696.7, 421.6)
213.9906|(696.4, 420.9)
214.0073|(695.8, 407.4)
214.0239|(699.7, 415.1)
214.0406|(701.0, 416.7)
214.0573|(705.0, 423.8)
214.0739|(711.5, 436.0)
214.0907|(715.4, 444.1)
214.1076|(721.6, 450.5)
214.141|(722.1, 457.5)
214.1575|(721.0, 455.7)
214.1744|(718.2, 450.2)
214.1908|(718.8, 449.4)
214.2075|(718.1, 449.5)
214.2242|(718.9, 448.7)
214.241|(718.9, 449.3)
214.2576|(721.1, 449.9)
214.291|(722.3, 450.6)
214.3077|(725.6, 448.7)
214.3244|(724.9, 444.5)
214.3412|(726.1, 444.3)
214.3577|(743.5, 493.5)
214.3746|(744.9, 500.5)
214.3913|(747.7, 506.0)
214.4413|(750.2, 512.8)
214.4579|(764.7, 507.0)
214.4747|(768.3, 506.8)
214.4914|(767.4, 508.7)
214.5082|(766.2, 507.0)
214.5248|(762.1, 512.5)
214.5415|(761.4, 513.8)
214.558|(759.9, 511.5)
214.5916|(759.2, 516.8)
214.6081|(743.6, 544.8)
214.6251|(737.4, 559.4)
214.6417|(734.7, 564.4)
214.6582|(730.7, 575.3)
214.6751|(728.7, 571.4)
214.6918|(728.5, 570.5)
214.7083|(732.0, 569.5)
214.7419|(733.0, 566.9)
214.7586|(734.0, 567.6)
214.7752|(734.8, 568.7)
214.7919|(733.2, 569.4)
214.8087|(740.1, 568.9)
214.8252|(740.4, 569.6)
214.8419|(738.6, 570.8)
214.8587|(737.4, 571.1)
214.8919|(737.7, 574.0)
214.9089|(738.6, 575.9)
214.9254|(736.9, 574.9)
214.9422|(735.0, 575.0)
214.9589|(730.4, 574.8)
214.9756|(730.5, 575.1)
214.9923|(731.8, 576.5)
215.0089|(734.1, 576.7)
215.0422|(734.2, 576.1)
215.0589|(736.0, 574.2)
215.0757|(736.4, 572.8)
215.0923|(736.6, 573.2)
215.109|(738.7, 571.5)
215.1259|(739.3, 569.9)
215.1425|(740.9, 569.7)
215.1593|(744.3, 563.7)
215.1759|(773.2, 508.9)
215.1927|(786.3, 399.2)
215.2094|(788.7, 388.7)
215.2259|(793.4, 341.1)
215.2426|(805.8, 206.1)
215.2593|(798.3, 195.6)
215.2762|(795.8, 191.8)
215.2927|(800.6, 191.7)
215.3095|(801.5, 191.5)
215.3427|(797.0, 186.8)
215.3598|(794.4, 183.8)
215.376|(795.8, 186.3)
215.3929|(795.1, 186.4)
215.4096|(801.1, 164.6)
215.4262|(804.4, 157.5)
215.4429|(809.8, 152.7)
215.4595|(814.0, 147.2)
215.493|(818.6, 142.5)
215.5264|(821.0, 144.0)
215.5432|(819.6, 145.2)
215.5767|(816.0, 143.0)
215.5931|(813.5, 141.7)
215.6266|(813.7, 141.5)
215.6432|(811.4, 141.9)
215.6602|(812.3, 141.5)
215.6766|(813.4, 142.5)
215.6933|(815.1, 143.3)
215.7101|(815.5, 144.4)
215.7267|(815.8, 144.6)
215.7435|(818.6, 143.4)
215.7603|(818.2, 141.5)
215.7934|(819.8, 140.7)
215.8102|(821.8, 138.9)
215.827|(857.9, 119.0)
215.8438|(872.4, 111.2)
215.8604|(873.7, 110.4)
215.877|(876.2, 108.1)
215.8937|(883.4, 105.4)
215.9105|(890.4, 102.6)
215.9437|(884.1, 103.1)
215.9604|(884.7, 103.6)
215.9773|(886.9, 105.9)
215.9939|(887.6, 106.7)
216.0108|(892.9, 106.8)
216.0274|(899.6, 106.7)
216.0439|(906.7, 107.7)
216.0604|(927.2, 107.4)
216.0773|(929.7, 107.5)
216.094|(945.8, 101.0)
216.1106|(947.7, 94.0)
216.1273|(945.7, 92.7)
216.1441|(944.0, 95.9)
216.161|(943.6, 97.3)
216.1775|(943.8, 98.1)
216.1943|(946.0, 101.6)
216.2108|(947.2, 103.6)
216.2444|(944.4, 105.3)
216.261|(943.1, 104.1)
216.2776|(941.8, 103.5)
216.2945|(939.2, 103.5)
216.3111|(937.2, 102.7)
216.3277|(938.3, 103.6)
216.3446|(953.6, 118.3)
216.3611|(956.3, 124.8)
216.3945|(957.3, 125.9)
216.4112|(961.1, 131.7)
216.4278|(960.7, 131.0)
216.4448|(959.4, 127.7)
216.4613|(959.7, 124.1)
216.478|(959.7, 123.5)
216.4947|(960.4, 124.5)
216.5114|(961.1, 124.2)
216.5282|(960.1, 124.6)
216.5447|(960.4, 125.1)
216.5616|(958.3, 138.8)
216.5782|(958.1, 138.4)
216.5948|(938.2, 140.0)
216.6114|(908.5, 144.7)
216.6283|(904.1, 144.1)
216.6451|(905.4, 143.4)
216.6615|(877.2, 145.9)
216.6952|(795.6, 157.5)
216.7117|(795.2, 157.4)
216.7284|(790.6, 158.2)
216.7451|(788.7, 154.9)
216.7619|(789.2, 156.2)
216.7786|(786.5, 155.5)
216.7952|(784.1, 158.1)
216.8286|(779.7, 157.5)
216.8454|(779.0, 158.9)
216.8787|(776.3, 160.8)
216.8954|(773.5, 161.0)
216.9288|(774.0, 168.1)
216.9454|(778.5, 176.1)
216.9788|(781.3, 178.3)
216.9954|(781.7, 179.3)
217.0121|(776.9, 181.8)
217.0291|(769.7, 181.9)
217.0456|(772.0, 183.3)
217.0624|(769.9, 182.8)
217.079|(773.7, 183.3)
217.0956|(773.4, 183.6)
217.1124|(771.1, 183.7)
217.1291|(749.1, 192.4)
217.1457|(751.1, 188.0)
217.1627|(803.0, 186.8)
217.1792|(839.8, 193.0)
217.196|(856.1, 189.1)
217.2126|(856.9, 191.8)
217.2293|(861.6, 192.0)
217.246|(898.9, 181.1)
217.2794|(913.9, 179.7)
217.2962|(910.9, 180.1)
217.3129|(906.0, 186.0)
217.3296|(906.6, 183.4)
217.346|(898.9, 185.1)
217.3627|(895.6, 184.0)
217.3796|(895.7, 183.9)
217.3963|(893.3, 187.7)
217.4129|(894.6, 185.7)
217.4296|(897.6, 186.5)
217.4464|(897.5, 188.4)
217.4629|(897.0, 189.9)
217.4796|(895.6, 188.0)
217.4964|(895.7, 188.4)
217.513|(895.5, 186.6)
217.5297|(895.5, 186.4)
217.5464|(892.7, 185.3)
217.563|(891.0, 184.3)
217.5801|(878.7, 180.8)
217.5966|(874.8, 178.3)
217.6133|(873.6, 178.2)
217.63|(857.2, 161.8)
217.7802|(1438.7, 99.5)
217.797|(737.8, 80.0)
217.8136|(769.2, 73.8)
217.8302|(830.9, 81.5)
217.8472|(836.8, 87.5)
217.8804|(832.6, 80.5)
217.897|(852.5, 93.4)
217.9137|(861.5, 99.6)
217.9305|(868.9, 107.8)
217.9471|(884.5, 124.9)
217.9638|(882.9, 130.9)
217.9805|(882.4, 129.8)
217.9972|(892.3, 142.8)
218.0306|(878.4, 146.9)
218.0473|(875.5, 152.3)
218.0639|(866.1, 147.9)
218.0807|(856.0, 146.8)
218.0975|(858.7, 146.4)
218.114|(856.3, 147.1)
218.1306|(856.3, 147.9)
218.1474|(857.6, 155.7)
218.1809|(857.6, 156.1)
218.1975|(857.9, 156.3)
218.2144|(865.2, 148.9)
218.231|(862.9, 147.1)
218.2479|(861.8, 143.2)
218.281|(846.7, 123.6)
218.3312|(845.5, 123.9)
218.3477|(845.6, 121.7)
218.3812|(847.1, 115.5)
218.3979|(847.6, 105.1)
218.4145|(855.7, 107.5)
218.4478|(848.0, 126.4)
218.4814|(849.8, 127.7)
218.498|(864.5, 138.0)
218.5149|(870.4, 136.3)
218.5315|(859.7, 133.9)
218.5482|(866.3, 126.2)
218.5649|(881.4, 124.2)
218.5814|(892.3, 126.7)
218.5981|(894.3, 127.2)
218.6316|(908.5, 129.6)
218.6483|(916.0, 131.7)
218.6649|(915.7, 134.3)
218.6817|(916.9, 133.6)
218.7985|(912.3, 25.2)
218.8152|(906.6, 80.0)
218.832|(912.3, 81.9)
218.8487|(912.3, 79.8)
218.8651|(921.2, 98.4)
218.882|(924.7, 120.7)
218.932|(930.3, 150.3)
218.9489|(923.6, 146.8)
218.9656|(924.5, 143.9)
218.9822|(922.5, 144.8)
218.9993|(921.6, 144.5)
219.0156|(919.2, 144.3)
219.0323|(920.1, 143.7)
219.049|(914.1, 148.1)
219.0824|(914.7, 146.4)
219.0991|(915.8, 148.5)
219.1325|(920.0, 147.1)
219.149|(919.6, 145.6)
219.1656|(912.4, 137.9)
219.1825|(908.0, 135.8)
219.1992|(875.0, 136.8)
219.2325|(882.7, 137.4)
219.2494|(850.5, 137.8)
219.266|(861.1, 138.4)
219.2826|(863.9, 137.8)
219.2994|(856.5, 139.5)
219.316|(854.6, 141.1)
219.3327|(858.5, 143.1)
219.3496|(858.1, 142.8)
219.383|(852.3, 143.1)
219.3996|(853.0, 143.9)
219.4163|(855.3, 144.4)
219.433|(856.3, 144.5)
219.4499|(830.4, 469.9)
219.4829|(808.6, 842.1)
219.4998|(807.3, 844.9)
219.533|(800.6, 846.9)
219.55|(798.2, 837.6)
219.5665|(794.5, 837.9)
219.5832|(793.8, 839.3)
219.5999|(791.4, 836.4)
219.6165|(782.6, 836.7)
219.6333|(801.7, 827.8)
219.65|(799.9, 828.2)
219.6834|(804.9, 826.1)
219.7002|(808.5, 821.6)
219.7169|(802.2, 819.4)
219.7335|(799.5, 819.0)
219.7503|(797.5, 822.8)
219.7668|(795.5, 823.2)
219.7835|(794.7, 823.9)
219.8002|(795.0, 826.5)
219.8336|(798.4, 823.2)
219.8505|(800.0, 823.0)
219.8672|(800.3, 823.2)
219.8838|(801.9, 823.3)
219.9002|(802.4, 828.3)
219.9341|(797.9, 835.5)
219.9505|(798.5, 835.9)
219.9839|(806.9, 834.1)
220.0007|(805.9, 833.7)
220.0173|(825.8, 831.5)
220.0342|(850.1, 820.6)
220.0506|(868.1, 823.8)
220.0673|(872.7, 825.8)
220.084|(865.3, 821.4)
220.1008|(861.3, 827.4)
220.1342|(860.6, 829.5)
220.1508|(859.0, 830.7)
220.1677|(860.2, 830.3)
220.1843|(862.0, 828.5)
220.2008|(863.1, 827.0)
220.2177|(866.5, 823.3)
220.2343|(868.3, 828.0)
220.251|(867.2, 831.1)
220.2844|(867.9, 831.6)
220.3012|(869.2, 831.9)
220.3178|(873.2, 834.2)
220.3347|(870.0, 832.1)
220.3511|(868.2, 831.3)
220.3681|(866.9, 829.9)
220.3846|(865.5, 830.4)
220.4014|(863.8, 829.5)
220.4348|(865.6, 838.4)
220.4514|(865.5, 836.9)
220.468|(863.5, 835.9)
220.4848|(860.3, 835.5)
220.5014|(859.5, 831.6)
220.5182|(855.9, 828.0)
220.5346|(857.8, 830.1)
220.5515|(857.7, 829.6)
220.5849|(855.6, 829.8)
220.6015|(833.8, 838.5)
220.6184|(800.2, 903.5)
220.6349|(785.8, 928.1)
220.6516|(771.9, 953.1)
220.6686|(756.5, 982.9)
220.6851|(756.8, 986.9)
220.7018|(756.5, 984.0)
220.735|(754.8, 980.4)
220.7519|(755.1, 980.7)
220.7686|(755.8, 979.1)
220.7853|(756.9, 976.7)
220.8019|(766.6, 949.9)
220.8185|(776.7, 925.9)
220.8352|(826.2, 773.1)
220.852|(827.4, 768.9)
220.8854|(837.2, 742.0)
220.9021|(837.6, 741.8)
220.9188|(835.3, 752.6)
220.9353|(834.5, 755.7)
220.952|(839.3, 756.5)
220.969|(838.7, 756.4)
220.9857|(837.4, 756.2)
221.0021|(841.7, 769.2)
221.0357|(845.8, 785.6)
221.0524|(850.6, 810.4)
221.069|(855.6, 823.8)
221.0856|(856.3, 827.4)
221.1023|(862.6, 853.5)
221.1191|(862.8, 853.8)
221.1358|(868.1, 852.5)
221.1524|(871.7, 853.6)
221.1859|(871.6, 853.4)
221.2025|(853.2, 923.8)
221.2191|(837.1, 975.8)
221.236|(831.4, 994.8)
221.2526|(823.8, 999.0)
221.2693|(823.4, 994.3)
221.2861|(824.7, 991.8)
221.3027|(825.1, 991.3)
221.3361|(823.5, 990.9)
221.3529|(823.3, 991.8)
221.3697|(842.1, 757.3)
221.3861|(858.3, 166.9)
221.4029|(861.3, 108.9)
221.4195|(860.4, 102.0)
221.4362|(860.1, 91.8)
221.4532|(861.6, 81.3)
221.4864|(866.7, 76.8)
221.5031|(868.4, 78.8)
221.5197|(871.2, 85.0)
221.5531|(864.8, 117.4)
221.5699|(863.9, 147.4)
221.5865|(863.8, 151.2)
221.6031|(863.3, 158.8)
221.6367|(874.5, 162.4)
221.6534|(874.2, 162.8)
221.67|(874.2, 163.9)
221.6866|(876.1, 164.1)
221.7035|(878.3, 176.5)
221.7201|(878.4, 171.0)
221.7367|(882.1, 167.7)
221.7535|(887.1, 163.8)
221.7871|(893.8, 157.0)
221.8035|(896.2, 155.3)
221.8201|(910.8, 147.1)
221.8369|(909.7, 143.8)
221.8537|(911.2, 145.5)
221.8703|(909.2, 143.1)
221.8873|(916.7, 143.1)
221.9037|(926.7, 145.8)
221.9373|(932.7, 147.0)
221.9539|(929.4, 145.5)
221.9704|(919.9, 146.4)
221.987|(844.9, 141.2)
222.0041|(847.9, 142.2)
222.0206|(847.4, 142.5)
222.0373|(848.7, 142.0)
222.0539|(853.6, 142.1)
222.0876|(844.7, 146.7)
222.1042|(844.4, 147.8)
222.1207|(847.2, 145.5)
222.1375|(852.6, 148.8)
222.1542|(853.1, 148.7)
222.1707|(851.0, 150.3)
222.1875|(849.1, 151.1)
222.2043|(848.9, 149.2)
222.2375|(846.0, 154.1)
222.2543|(845.1, 155.3)
222.271|(845.4, 154.8)
222.2877|(845.6, 153.9)
222.3043|(845.4, 154.7)
222.3212|(842.2, 155.5)
222.3377|(838.5, 152.9)
222.3544|(839.2, 155.0)
222.3879|(837.1, 155.5)
222.4047|(840.5, 155.4)
222.4213|(797.4, 156.2)
222.4378|(783.7, 157.8)
222.4547|(786.9, 159.1)
222.4714|(767.1, 157.7)
222.4881|(765.4, 157.7)
222.5048|(769.4, 158.9)
222.5381|(774.4, 154.6)
222.5548|(772.0, 159.2)
222.5883|(767.9, 158.6)
222.6048|(769.3, 161.2)
222.6216|(778.0, 166.7)
222.6382|(776.1, 167.1)
222.6551|(772.7, 166.5)
222.6884|(769.1, 165.8)
222.705|(769.3, 163.5)
222.7217|(747.9, 154.8)
222.7385|(748.6, 155.7)
222.7551|(745.7, 157.8)
222.7719|(746.2, 160.7)
222.7887|(746.1, 159.9)
222.8053|(745.7, 162.1)
222.8387|(742.6, 160.9)
222.8552|(737.6, 156.0)
222.872|(730.6, 146.6)
222.8887|(733.5, 145.2)
222.9053|(731.2, 143.1)
222.9222|(746.8, 138.6)
222.9387|(860.7, 118.4)
222.9556|(874.2, 123.3)
222.9889|(895.2, 116.9)
223.0054|(905.3, 125.9)
223.039|(900.1, 125.7)
223.0557|(897.9, 121.6)
223.089|(900.6, 117.5)
223.1057|(900.7, 118.7)
223.1392|(901.3, 121.0)
223.1559|(901.5, 120.1)
223.1725|(907.0, 122.0)
223.1892|(905.6, 121.9)
223.2059|(905.7, 121.2)
223.2225|(900.9, 119.4)
223.2394|(893.1, 116.4)
223.2561|(831.4, 112.1)
223.2893|(845.3, 113.1)
223.3059|(815.1, 111.3)
223.3226|(802.9, 116.5)
223.3396|(801.9, 116.0)
223.3562|(803.0, 115.7)
223.3729|(803.8, 115.7)
223.3896|(806.7, 117.1)
223.4063|(807.4, 114.5)
223.4397|(810.8, 114.0)
223.4563|(827.3, 116.5)
223.4729|(907.6, 117.4)
223.4897|(917.2, 117.0)
223.5064|(926.2, 117.3)
223.5231|(939.7, 118.0)
223.5398|(939.1, 118.7)
223.5565|(938.8, 117.9)
223.5901|(938.4, 119.4)
223.6234|(940.2, 119.2)
223.6399|(948.6, 115.4)
223.6567|(947.7, 116.0)
223.6733|(947.1, 116.1)
223.6901|(944.8, 116.3)
223.7068|(944.1, 116.4)
223.7401|(943.8, 117.1)
223.7568|(962.9, 118.8)
223.7737|(981.2, 119.0)
223.7901|(989.7, 119.5)
223.807|(989.7, 119.6)
223.8236|(987.5, 120.8)
223.8405|(992.3, 120.1)
223.857|(994.1, 119.8)
223.8904|(995.8, 121.0)
223.907|(995.6, 122.4)
223.9236|(879.4, 124.7)
223.9405|(843.0, 131.5)
223.9571|(843.6, 130.3)
223.9738|(837.5, 129.0)
223.9907|(836.4, 127.8)
224.0073|(834.5, 127.3)
224.0406|(839.8, 118.3)
224.0739|(843.0, 112.6)
224.0907|(843.0, 111.7)
224.1241|(834.0, 116.0)
224.1408|(829.5, 120.9)
224.1909|(849.5, 114.3)
224.2074|(950.8, 117.7)
224.2244|(951.1, 117.7)
224.2409|(959.8, 118.5)
224.2578|(958.6, 118.8)
224.2743|(955.9, 119.9)
224.291|(953.7, 120.3)
224.3077|(953.6, 121.0)
224.3412|(954.2, 118.8)
224.3579|(956.5, 115.1)
224.5248|(971.9, 6.5)
224.5414|(981.2, 29.4)
224.558|(981.4, 20.0)
224.5749|(987.6, 31.8)
224.5917|(990.7, 63.1)
224.6083|(993.9, 66.1)
224.6417|(998.8, 64.2)
224.6585|(983.9, 91.9)
224.6748|(986.3, 99.6)
224.6917|(982.7, 105.0)
224.7084|(981.2, 105.8)
224.7252|(980.1, 105.5)
224.7418|(981.2, 106.0)
224.7585|(981.3, 106.9)
224.7919|(975.8, 107.3)
224.8085|(966.3, 110.7)
224.8252|(944.2, 115.1)
224.8419|(936.6, 114.6)
224.8588|(934.1, 114.2)
224.8754|(927.6, 115.2)
224.892|(927.2, 115.3)
224.9088|(927.0, 117.3)
224.9421|(925.3, 118.0)
224.9588|(919.3, 116.5)
224.9754|(920.4, 115.5)
224.9923|(922.6, 115.5)
225.0088|(923.0, 115.4)
225.0256|(922.1, 115.8)
225.0423|(920.2, 116.8)
225.0592|(916.2, 116.8)
225.0758|(913.9, 120.8)
225.0925|(921.1, 124.1)
225.1092|(919.6, 125.9)
225.1257|(916.9, 124.4)
225.1424|(907.9, 164.3)
225.159|(852.8, 384.3)
225.1759|(790.9, 676.3)
225.1926|(786.5, 701.2)
225.2093|(783.0, 709.1)
225.2427|(767.7, 741.7)
225.2592|(765.9, 745.1)
225.276|(760.6, 747.6)
225.2927|(760.2, 746.2)
225.3094|(759.9, 745.8)
225.3262|(760.2, 744.8)
225.3428|(761.6, 741.9)
225.3594|(763.0, 741.5)
225.3929|(768.6, 745.8)
225.4095|(757.5, 794.9)
225.4263|(753.8, 853.7)
225.443|(746.4, 860.7)
225.4596|(742.6, 869.4)
225.4763|(742.4, 868.9)
225.4929|(737.8, 874.0)
225.5099|(727.8, 881.7)
225.5266|(725.9, 877.0)
225.5431|(726.2, 882.0)
225.5599|(722.7, 880.9)
225.5764|(724.5, 880.7)
225.61|(724.2, 870.0)
225.6266|(736.1, 852.8)
225.6599|(734.3, 850.1)
225.6933|(764.0, 835.2)
225.7102|(764.1, 833.8)
225.7269|(758.2, 835.2)
225.7435|(759.1, 837.7)
225.7603|(757.2, 838.0)
225.7768|(751.5, 838.5)
225.7935|(755.9, 836.9)
225.8436|(760.2, 834.0)
225.8603|(904.2, 797.0)
225.877|(910.7, 798.5)
225.8938|(910.0, 796.8)
225.9106|(915.5, 795.7)
225.9273|(915.0, 795.1)
225.9438|(914.5, 794.8)
225.9604|(915.1, 794.1)
225.9771|(912.2, 798.1)
225.994|(911.9, 799.3)
226.0105|(911.8, 799.9)
226.0273|(934.1, 791.0)
226.0439|(1493.0, 568.8)
226.0606|(1506.0, 566.0)
226.0774|(1519.1, 561.3)
226.0941|(1541.6, 565.1)
226.1107|(1589.4, 577.8)
226.1442|(1619.6, 605.4)
226.1608|(1624.5, 610.6)
226.1775|(1624.8, 611.0)
226.1943|(1631.5, 613.2)
226.211|(1632.1, 612.1)
226.2274|(1623.0, 603.1)
226.2444|(1621.2, 605.3)
226.2944|(1617.4, 603.7)
226.3111|(1619.0, 603.3)
226.3278|(1638.9, 602.6)
226.3445|(1644.6, 601.5)
226.3611|(1666.0, 600.9)
226.3777|(1674.2, 607.0)
226.3945|(1674.9, 607.2)
226.4112|(1676.2, 611.0)
226.4279|(1677.1, 613.8)
226.4446|(1678.6, 612.0)
226.4613|(1677.2, 604.3)
226.478|(1678.0, 603.1)
226.4947|(1683.4, 600.2)
226.5115|(1683.3, 596.1)
226.5282|(1680.5, 597.3)
226.5448|(1673.4, 592.3)
226.5782|(1671.9, 592.7)
226.595|(1671.8, 593.6)
226.6119|(1201.6, 562.3)
226.6281|(914.2, 547.5)
226.645|(820.0, 544.1)
226.6617|(819.1, 548.9)
226.6784|(819.7, 548.8)
226.695|(823.5, 540.8)
226.7284|(823.7, 539.9)
226.7453|(824.1, 539.1)
226.7618|(825.5, 537.6)
226.7785|(826.5, 538.3)
226.7953|(826.2, 542.3)
226.812|(826.8, 539.8)
226.8286|(817.3, 547.0)
226.8453|(757.7, 589.3)
226.862|(747.5, 596.0)
226.8786|(741.3, 599.5)
226.8952|(740.3, 597.6)
226.9121|(740.4, 597.3)
226.9289|(738.3, 597.5)
226.9788|(739.1, 598.3)
226.9955|(739.6, 599.1)
227.0289|(744.9, 617.0)
227.0457|(744.1, 611.5)
227.0623|(744.3, 593.1)
227.079|(736.1, 594.3)
227.0957|(735.1, 592.9)
227.1124|(737.6, 589.9)
227.1293|(739.8, 588.7)
227.1457|(739.4, 584.3)
