15.69682|(717.5, 1065.9)
15.75471|(720.1, 1067.1)
15.78936|(724.2, 1066.6)
15.82331|(725.5, 1068.4)
15.83988|(722.2, 1068.1)
15.85626|(720.4, 1068.4)
15.87421|(717.3, 1072.4)
15.88984|(718.7, 1075.5)
15.90662|(717.9, 1071.7)
15.92375|(714.4, 1071.7)
15.94066|(710.0, 1074.8)
15.97395|(709.3, 1074.4)
15.98973|(708.8, 1069.8)
16.0066|(706.7, 1059.6)
16.02367|(707.9, 1062.2)
16.04052|(705.7, 1056.5)
16.0574|(701.2, 1067.7)
16.07426|(703.9, 1068.4)
16.09312|(705.2, 1071.7)
16.10785|(707.2, 1076.2)
16.14043|(711.5, 1082.1)
16.1586|(722.1, 1077.5)
16.17403|(719.3, 1076.8)
16.19077|(720.4, 1075.6)
16.20769|(719.1, 1077.4)
16.22437|(706.7, 1092.8)
16.24069|(697.8, 1106.8)
16.27421|(696.2, 1106.7)
16.29037|(698.0, 1102.2)
16.32446|(689.8, 1111.2)
16.34077|(694.2, 1107.9)
16.37446|(717.9, 1112.6)
16.39176|(726.9, 1126.6)
16.42382|(731.8, 1122.1)
16.44073|(721.8, 1117.3)
16.45736|(721.5, 1115.4)
16.47471|(720.1, 1121.7)
16.50756|(719.2, 1127.7)
16.52547|(718.6, 1123.6)
16.54228|(717.8, 1124.3)
16.59074|(727.4, 1126.1)
16.60881|(721.5, 1125.1)
16.62484|(725.6, 1147.5)
16.64242|(733.9, 1153.1)
16.65932|(729.8, 1167.2)
16.67648|(937.2, 1103.3)
16.75928|(1031.8, 1072.2)
16.80919|(1713.4, 762.0)
16.82588|(1739.5, 698.7)
16.87634|(1728.0, 715.1)
16.92498|(1736.0, 715.5)
16.9759|(1736.1, 716.1)
17.02623|(1702.1, 678.5)
17.05936|(1728.3, 710.2)
17.07617|(1730.9, 711.4)
17.10971|(1725.5, 706.6)
17.12413|(1719.5, 709.1)
17.15991|(1711.8, 705.6)
17.19251|(1709.8, 688.8)
