3.211631|(691.5, 985.6)
3.211631|(687.7, 986.3)
3.259471|(691.9, 979.2)
3.292724|(693.5, 956.4)
3.327888|(690.5, 957.2)
3.362195|(681.8, 978.9)
3.396938|(703.5, 957.5)
3.429034|(704.3, 955.1)
3.445494|(684.4, 964.7)
3.461975|(661.8, 972.0)
3.477666|(651.8, 966.6)
3.494084|(681.8, 993.8)
3.511219|(682.7, 1042.1)
3.527322|(696.7, 1033.9)
3.542136|(704.4, 1031.0)
3.560236|(704.6, 1030.4)
3.576986|(717.6, 1015.5)
3.594212|(717.6, 1011.9)
3.61066|(724.1, 1007.7)
3.626702|(733.2, 986.8)
3.644101|(729.5, 988.8)
3.661409|(732.0, 990.7)
3.677228|(737.9, 985.5)
3.69491|(730.7, 1002.9)
3.711229|(720.9, 1039.0)
3.727212|(710.8, 1072.9)
3.743392|(713.7, 1071.4)
3.760997|(723.9, 1048.7)
3.777471|(748.4, 1040.8)
3.793943|(746.3, 1039.9)
3.80969|(743.8, 1038.3)
3.827443|(737.8, 1035.7)
3.843931|(737.4, 1036.4)
3.861137|(737.4, 1035.1)
3.878995|(736.4, 1026.6)
3.895606|(734.9, 1023.8)
3.91091|(734.3, 1025.5)
3.927461|(732.0, 1029.7)
3.944342|(723.0, 1050.2)
3.960857|(713.5, 1067.6)
3.977937|(711.4, 1066.2)
3.994993|(711.8, 1062.8)
4.010954|(709.2, 1066.7)
4.027519|(709.5, 1055.4)
4.044818|(711.2, 1053.5)
4.060162|(725.4, 1045.2)
4.077276|(723.1, 1046.4)
4.09463|(726.7, 1045.8)
4.111441|(725.5, 1044.9)
4.128801|(711.1, 1047.8)
4.144363|(712.0, 1056.1)
4.161649|(713.4, 1060.0)
4.195456|(712.8, 1066.8)
4.213126|(712.5, 1066.9)
4.229059|(712.3, 1068.7)
4.245698|(703.3, 1060.5)
4.262722|(702.8, 1058.5)
4.278973|(704.9, 1057.4)
4.295274|(708.0, 1056.0)
4.311904|(714.8, 1046.6)
4.345123|(719.8, 1032.1)
4.361483|(720.1, 1032.1)
4.378254|(721.5, 1032.3)
4.394188|(724.4, 1034.0)
4.411991|(744.8, 1030.3)
4.427364|(744.2, 1030.5)
4.445881|(737.8, 1031.9)
4.461971|(747.2, 1036.4)
4.479088|(737.5, 1036.8)
4.496316|(740.1, 1042.9)
4.512594|(739.4, 1041.6)
4.52904|(737.6, 1040.5)
4.545833|(728.4, 1021.6)
4.562341|(727.1, 1017.3)
4.579447|(727.1, 1009.2)
4.595965|(709.4, 1007.0)
4.612004|(712.0, 1003.1)
4.628916|(710.0, 1018.1)
4.647099|(711.8, 1014.0)
4.664196|(699.7, 1021.8)
4.68014|(696.4, 1018.7)
4.697098|(694.6, 1017.8)
4.713853|(690.4, 1013.6)
4.729837|(704.4, 1018.1)
4.747086|(699.0, 1012.8)
4.763552|(702.0, 1006.5)
4.796458|(709.9, 995.1)
4.813543|(713.6, 993.3)
4.829608|(719.8, 992.1)
4.846956|(723.0, 995.9)
4.862845|(724.6, 996.8)
4.879978|(729.5, 997.7)
4.896246|(732.6, 997.1)
4.912791|(736.5, 996.9)
4.929609|(733.1, 999.0)
4.946871|(735.7, 998.0)
4.962721|(732.0, 996.9)
4.980323|(716.9, 1002.1)
4.996229|(707.5, 1006.2)
5.013177|(707.1, 1007.1)
5.028591|(712.4, 1005.9)
5.047037|(716.7, 1002.3)
5.063631|(722.3, 998.7)
5.080489|(726.6, 997.1)
5.099004|(727.6, 996.7)
5.113098|(727.6, 993.4)
5.129714|(732.8, 972.1)
5.145719|(732.7, 967.8)
5.163194|(738.5, 958.6)
5.180219|(734.9, 955.0)
5.195222|(734.6, 950.8)
5.230595|(737.4, 952.6)
5.24673|(735.0, 956.1)
5.26354|(733.0, 956.4)
5.280301|(730.8, 957.3)
5.296337|(727.7, 959.9)
5.313685|(726.2, 956.3)
5.329676|(723.7, 954.9)
5.346937|(728.9, 954.6)
5.380291|(733.8, 957.7)
5.396103|(727.6, 957.9)
5.415434|(730.9, 961.8)
5.431245|(713.5, 938.6)
5.447815|(709.4, 937.6)
5.462926|(712.3, 919.4)
5.4807|(714.2, 901.7)
5.497293|(705.2, 895.9)
5.529897|(705.6, 895.9)
5.546801|(713.2, 904.5)
5.564195|(720.5, 910.3)
5.581919|(728.2, 915.2)
5.597014|(727.5, 914.2)
5.615211|(724.7, 914.4)
5.630866|(726.6, 907.5)
5.647154|(725.3, 900.2)
5.680293|(727.3, 896.0)
5.697495|(726.4, 894.6)
5.714841|(712.5, 896.4)
5.73074|(710.1, 895.2)
5.748906|(713.1, 891.2)
5.763657|(710.7, 892.7)
5.783563|(710.8, 888.7)
5.797443|(712.7, 852.1)
5.831035|(712.0, 837.7)
5.847408|(713.6, 838.6)
5.865299|(716.3, 837.9)
5.880964|(713.2, 818.0)
5.897392|(714.4, 822.8)
5.913765|(714.2, 823.4)
5.931518|(717.4, 817.4)
5.948346|(720.8, 813.5)
5.980968|(720.5, 817.5)
5.99694|(722.8, 817.5)
6.014431|(716.7, 822.8)
6.031115|(711.4, 830.5)
6.048275|(716.2, 836.7)
6.064551|(715.3, 838.7)
6.081512|(709.8, 827.0)
6.097673|(707.7, 800.6)
6.132096|(712.2, 812.8)
6.147777|(711.3, 809.7)
6.166013|(712.0, 808.9)
6.182703|(711.2, 807.2)
6.199862|(711.6, 808.3)
6.215024|(701.1, 807.2)
6.231605|(699.3, 808.0)
6.248755|(700.0, 807.6)
6.265883|(702.4, 810.4)
6.281868|(699.8, 815.3)
6.29739|(700.6, 816.3)
6.315492|(704.8, 818.4)
6.331652|(701.6, 816.2)
6.348929|(700.4, 814.9)
6.364132|(701.1, 808.6)
6.382833|(700.7, 798.3)
6.398993|(703.5, 790.9)
6.416121|(705.0, 784.9)
6.432972|(708.4, 775.2)
6.449369|(709.1, 773.7)
6.465761|(705.2, 776.6)
6.482391|(704.4, 778.3)
6.499108|(703.9, 777.6)
6.515189|(701.0, 775.8)
6.532449|(701.9, 772.8)
6.550153|(700.9, 776.2)
6.583339|(699.9, 771.4)
6.599041|(694.0, 771.2)
6.616054|(695.4, 770.5)
6.632483|(694.9, 771.5)
6.649391|(693.0, 767.0)
6.666336|(694.8, 768.8)
6.682543|(697.3, 773.5)
6.699866|(697.0, 778.9)
6.715823|(692.5, 783.7)
6.732628|(693.3, 784.8)
6.748957|(695.2, 786.0)
6.766773|(695.9, 781.1)
6.784122|(699.7, 761.6)
6.7995|(700.0, 755.0)
6.816797|(701.8, 744.4)
6.832245|(702.8, 737.7)
6.84972|(704.3, 730.4)
6.88363|(703.6, 723.3)
6.900003|(703.3, 722.7)
6.916014|(698.8, 728.2)
6.932818|(697.2, 724.9)
6.949259|(697.4, 726.2)
6.967083|(690.2, 718.7)
6.983191|(691.7, 720.7)
7.000351|(691.2, 719.0)
7.033976|(694.0, 703.1)
7.04968|(692.9, 709.2)
7.067246|(692.6, 711.2)
7.08299|(695.9, 703.4)
7.100179|(701.2, 685.1)
7.116397|(699.8, 677.8)
7.132769|(702.7, 668.1)
7.149098|(699.2, 664.2)
7.183126|(705.1, 661.0)
7.200068|(703.5, 660.5)
7.216473|(702.6, 661.7)
7.233732|(693.3, 672.9)
7.250593|(689.6, 672.3)
7.266211|(688.6, 671.7)
7.283301|(701.6, 661.1)
7.30027|(704.7, 658.0)
7.33174|(711.4, 651.5)
7.350946|(709.4, 654.8)
7.367083|(706.5, 659.9)
7.384054|(693.8, 671.7)
7.400805|(689.0, 673.0)
7.417446|(691.4, 674.7)
7.433592|(693.6, 670.9)
7.449903|(689.5, 673.5)
7.483347|(689.0, 674.6)
7.499134|(689.0, 665.3)
7.516731|(678.7, 659.2)
7.533119|(677.6, 665.6)
7.5508|(675.4, 666.7)
7.567099|(681.1, 668.0)
7.584281|(681.3, 669.3)
7.59952|(679.2, 666.8)
7.633366|(679.6, 665.7)
7.650443|(687.5, 667.6)
7.666971|(687.8, 667.7)
7.683982|(686.7, 665.7)
7.700846|(684.7, 662.0)
7.718863|(684.0, 661.2)
7.734325|(684.4, 662.0)
7.75078|(682.5, 660.2)
7.783994|(689.0, 661.2)
7.800863|(689.6, 662.3)
7.815925|(690.2, 666.6)
7.833553|(689.8, 664.8)
7.850073|(686.5, 660.2)
7.867099|(685.5, 659.7)
7.885434|(687.0, 660.8)
7.900021|(690.6, 664.0)
7.934496|(690.8, 692.9)
7.950468|(691.7, 683.5)
7.967719|(692.2, 683.8)
7.982639|(691.9, 673.2)
8.000676|(691.9, 674.5)
8.018139|(688.2, 672.8)
8.032799|(686.1, 675.4)
8.050992|(680.5, 679.8)
8.082891|(680.1, 673.2)
8.100696|(678.2, 676.5)
8.117503|(685.6, 679.7)
8.134891|(684.7, 676.1)
8.152023|(688.2, 672.0)
8.168803|(691.5, 670.7)
8.18578|(695.2, 668.7)
8.202637|(701.1, 666.1)
8.235023|(702.3, 673.2)
8.251503|(702.8, 672.7)
8.268355|(702.9, 690.6)
8.284839|(705.8, 715.6)
8.301648|(707.4, 717.0)
8.319077|(710.1, 718.4)
8.336137|(707.1, 720.7)
8.351925|(706.2, 723.4)
8.385153|(703.9, 716.2)
8.40181|(694.9, 711.8)
8.417414|(694.4, 711.1)
8.435447|(693.8, 711.1)
8.452212|(692.3, 712.7)
8.468772|(692.7, 716.6)
8.485369|(691.3, 717.6)
8.536906|(692.0, 720.3)
8.552501|(698.6, 728.1)
8.569075|(706.2, 733.1)
8.586107|(710.1, 740.0)
8.602707|(711.6, 742.1)
8.618653|(714.8, 743.3)
8.635239|(712.5, 744.9)
8.652168|(714.0, 742.7)
8.685462|(716.1, 743.3)
8.702931|(716.0, 744.1)
8.7193|(709.1, 809.7)
8.736503|(710.2, 831.9)
8.752697|(712.5, 831.6)
8.769403|(715.4, 849.1)
8.786245|(718.5, 855.7)
8.80205|(721.9, 862.5)
8.836534|(722.8, 862.2)
8.852959|(723.8, 860.9)
8.870728|(723.7, 861.4)
8.886806|(726.4, 842.5)
8.903356|(725.1, 844.8)
8.91833|(728.4, 853.1)
8.9362|(727.9, 851.7)
8.952585|(727.6, 851.1)
8.987|(728.0, 854.3)
9.002935|(729.5, 858.4)
9.020108|(731.1, 859.2)
9.035822|(721.7, 841.7)
9.053406|(717.5, 838.5)
9.070787|(713.9, 838.9)
9.086945|(711.1, 840.6)
9.104394|(709.7, 840.6)
9.136969|(707.5, 836.6)
9.15341|(708.0, 833.4)
9.169901|(709.7, 829.9)
9.187288|(711.7, 828.7)
9.202361|(710.9, 831.5)
9.219563|(709.2, 832.5)
9.23604|(708.9, 832.5)
9.254375|(709.9, 833.5)
9.286996|(708.6, 833.4)
9.303136|(714.5, 833.3)
9.320296|(708.9, 839.0)
9.336503|(714.4, 868.1)
9.352896|(709.1, 875.9)
9.369104|(707.9, 948.6)
9.386394|(711.6, 960.0)
9.402846|(714.8, 971.0)
9.436831|(719.8, 954.2)
9.453217|(719.1, 973.1)
9.470823|(721.4, 974.6)
9.487885|(723.3, 970.8)
9.504619|(723.0, 971.8)
9.520658|(733.9, 979.0)
9.535412|(732.4, 977.8)
9.553368|(725.6, 976.6)
9.586863|(727.1, 975.0)
9.604252|(732.5, 972.7)
9.620504|(734.8, 974.5)
9.638436|(733.5, 977.1)
9.653215|(731.4, 984.6)
9.671203|(730.5, 985.0)
9.687052|(730.6, 985.4)
9.703245|(734.3, 1005.3)
9.737022|(737.3, 1022.8)
9.754042|(735.4, 1038.5)
9.771197|(737.3, 1058.7)
9.787277|(734.8, 1048.9)
9.803885|(729.9, 1056.4)
9.820911|(729.2, 1057.4)
9.83707|(731.2, 1057.3)
9.85564|(731.3, 1051.9)
9.888384|(730.8, 1057.1)
9.90449|(730.5, 1052.6)
9.921043|(730.4, 1051.6)
9.938459|(729.6, 1049.4)
9.9545|(731.3, 1046.4)
9.971066|(731.4, 1042.1)
9.987946|(731.9, 1042.6)
10.00417|(740.3, 1041.7)
10.03868|(742.6, 1044.9)
10.05539|(744.5, 1046.4)
10.07187|(741.2, 1039.3)
10.08818|(739.5, 1038.0)
10.10493|(732.6, 1036.3)
10.12073|(731.8, 1033.6)
10.13787|(731.2, 1034.8)
10.15388|(729.5, 1035.0)
10.1879|(727.8, 1037.8)
10.20445|(731.2, 1035.4)
10.22162|(730.4, 1036.2)
10.23833|(735.5, 1033.7)
10.25435|(737.5, 1025.0)
10.27085|(737.3, 1027.2)
10.28778|(738.5, 1022.5)
10.30509|(737.2, 1054.7)
10.33846|(734.6, 1052.2)
10.35617|(735.9, 1051.9)
10.37156|(735.8, 1029.7)
10.38881|(732.7, 1028.3)
10.40545|(733.5, 1025.1)
10.42024|(721.7, 1043.6)
10.43933|(721.9, 1044.2)
10.45521|(719.1, 1044.6)
10.48955|(709.0, 1054.5)
10.50524|(709.5, 1054.6)
10.52173|(703.1, 1055.2)
10.53856|(701.6, 1053.4)
10.55487|(707.4, 1042.7)
10.57189|(714.9, 1029.3)
10.58911|(724.3, 1016.4)
10.60606|(729.4, 1010.4)
10.63934|(728.8, 993.1)
10.6562|(726.3, 993.6)
10.67273|(726.0, 999.2)
10.68901|(721.6, 1004.5)
10.70438|(716.2, 1008.5)
10.72218|(713.8, 1009.8)
10.73892|(712.2, 1007.6)
10.7558|(711.7, 1007.0)
10.78937|(711.7, 1002.8)
10.80619|(714.2, 1003.5)
10.82302|(716.5, 1004.9)
10.84005|(721.7, 974.2)
10.8566|(721.2, 963.4)
10.87248|(713.2, 947.6)
10.88935|(711.3, 948.9)
10.9058|(709.6, 948.8)
10.94005|(698.1, 933.5)
10.95662|(697.7, 933.5)
10.97371|(694.5, 936.8)
10.98906|(694.4, 934.0)
11.00551|(700.7, 950.8)
11.02346|(704.0, 950.9)
11.04072|(710.6, 941.1)
11.05666|(708.7, 936.9)
11.08976|(707.7, 936.4)
11.10721|(710.2, 936.5)
11.12333|(707.9, 924.5)
11.1397|(700.7, 897.4)
11.15598|(700.9, 898.1)
11.1727|(704.2, 898.9)
11.18919|(706.7, 898.1)
11.20699|(713.4, 897.8)
11.24027|(711.7, 903.2)
11.25675|(711.1, 914.1)
11.27376|(702.4, 910.4)
11.28942|(698.8, 907.7)
11.30614|(697.3, 911.6)
11.32195|(695.5, 910.6)
11.33984|(696.5, 911.7)
11.35643|(695.3, 910.3)
11.39087|(698.9, 911.7)
11.40747|(700.7, 908.9)
11.42361|(703.0, 907.7)
11.44072|(704.1, 906.9)
11.45642|(703.0, 909.9)
11.47316|(705.5, 912.4)
11.48882|(706.9, 918.3)
11.50681|(705.7, 921.2)
11.54043|(690.6, 903.8)
11.55865|(696.3, 882.0)
11.5738|(698.2, 878.8)
11.59156|(699.2, 849.9)
11.60806|(696.6, 847.3)
11.62426|(695.6, 837.0)
11.64046|(693.2, 836.5)
11.65745|(693.9, 822.2)
11.6904|(685.5, 823.0)
11.70772|(685.2, 824.4)
11.72334|(690.4, 824.7)
11.74048|(689.7, 826.8)
11.75803|(687.1, 825.5)
11.77585|(686.3, 828.2)
11.79112|(686.2, 831.7)
11.80779|(688.4, 830.5)
11.84106|(690.7, 831.8)
11.85735|(693.9, 829.6)
11.87252|(693.3, 831.4)
11.89056|(693.9, 831.9)
11.90726|(692.2, 832.6)
11.92384|(692.5, 832.4)
11.94107|(690.0, 829.2)
11.95814|(686.1, 831.5)
11.9918|(682.1, 828.3)
12.00859|(689.3, 821.5)
12.02408|(688.4, 822.3)
12.04145|(688.4, 823.3)
12.05757|(685.4, 820.4)
12.07462|(685.6, 820.9)
12.08986|(682.8, 825.1)
12.10807|(682.4, 825.5)
12.14133|(682.1, 814.4)
12.15904|(682.8, 802.2)
12.17513|(686.1, 783.1)
12.19225|(689.8, 779.2)
12.20825|(688.6, 783.7)
12.22493|(687.9, 779.2)
12.24194|(683.6, 782.7)
12.25881|(683.0, 780.8)
12.29165|(672.8, 773.5)
12.30888|(673.5, 774.3)
12.32716|(673.6, 779.1)
12.34296|(680.9, 772.4)
12.35905|(687.9, 772.2)
12.37527|(688.8, 769.4)
12.39283|(687.1, 768.9)
12.40869|(687.3, 764.3)
12.44122|(682.7, 744.2)
12.45869|(679.0, 744.3)
12.47534|(671.7, 728.6)
12.49172|(672.8, 722.3)
12.51005|(683.9, 722.6)
12.52658|(679.0, 723.9)
12.54331|(674.9, 718.0)
12.55906|(677.0, 718.7)
12.5926|(678.5, 721.2)
12.60984|(670.5, 710.9)
12.62614|(671.8, 705.4)
12.64235|(677.8, 706.7)
12.65982|(675.1, 708.5)
12.67526|(672.6, 708.7)
12.69223|(670.7, 707.4)
12.70899|(672.9, 706.4)
12.7434|(668.4, 701.7)
12.76021|(669.5, 695.5)
12.77705|(672.8, 680.7)
12.79353|(672.4, 678.7)
12.80968|(671.7, 678.6)
12.82582|(673.5, 677.8)
12.84277|(673.5, 676.7)
12.85987|(674.3, 675.8)
12.89279|(674.9, 674.4)
12.91036|(676.4, 674.2)
12.92807|(684.5, 675.3)
12.94327|(679.1, 684.3)
12.96026|(685.5, 679.0)
12.97638|(677.1, 676.5)
12.99347|(678.3, 676.2)
13.0091|(677.8, 676.4)
13.04311|(681.9, 676.3)
13.06004|(677.0, 674.6)
13.07548|(673.8, 676.1)
13.09312|(672.9, 675.4)
13.10933|(673.0, 673.0)
13.12727|(671.9, 673.1)
13.14265|(672.1, 671.0)
13.1599|(675.6, 673.3)
13.19349|(681.8, 674.1)
13.20974|(682.0, 670.7)
13.22617|(682.3, 670.6)
13.24298|(684.6, 655.7)
13.26106|(685.9, 676.8)
13.27652|(686.0, 685.4)
13.29329|(697.9, 709.2)
13.3108|(704.5, 730.9)
13.32663|(698.6, 737.3)
13.34278|(704.6, 732.5)
13.35952|(704.3, 732.4)
13.37631|(704.0, 731.6)
13.39359|(689.0, 734.6)
13.41043|(687.2, 734.7)
13.42741|(686.9, 738.8)
13.44331|(687.9, 739.0)
13.46063|(688.3, 737.9)
13.47727|(693.9, 734.2)
13.4945|(699.2, 732.0)
13.51147|(695.5, 734.6)
13.5275|(702.0, 721.2)
13.54335|(702.5, 721.8)
13.5613|(702.1, 725.6)
13.57595|(699.1, 732.7)
13.59384|(700.3, 725.6)
13.64437|(691.3, 767.2)
13.66017|(704.0, 804.0)
13.67706|(704.8, 801.0)
13.69505|(706.6, 801.4)
13.71126|(717.0, 790.6)
13.72766|(715.4, 790.9)
13.74367|(715.4, 790.6)
13.76065|(711.9, 795.0)
13.77694|(705.3, 801.8)
13.79308|(702.5, 806.0)
13.81078|(706.8, 809.0)
13.82718|(704.8, 810.5)
13.84272|(703.6, 810.9)
13.86108|(707.1, 803.7)
13.87718|(710.4, 801.9)
13.89488|(710.6, 800.7)
13.91165|(710.7, 802.5)
13.928|(711.2, 801.0)
13.94439|(711.3, 802.2)
13.96223|(717.7, 800.1)
13.97758|(715.9, 801.2)
13.99396|(715.0, 801.9)
14.00961|(713.7, 805.4)
14.02806|(710.9, 810.9)
14.04416|(707.6, 834.4)
14.07867|(707.2, 905.8)
14.0949|(707.5, 913.4)
14.11143|(709.5, 923.2)
14.12891|(709.8, 929.0)
14.14462|(714.7, 928.5)
14.1618|(716.1, 929.5)
14.17756|(715.0, 931.5)
14.19473|(712.9, 934.4)
14.21201|(711.5, 935.5)
14.22816|(713.1, 928.6)
14.24513|(712.1, 928.9)
14.26132|(712.3, 928.8)
14.27926|(711.8, 930.3)
14.29654|(715.5, 935.1)
14.31201|(717.9, 937.4)
14.32881|(718.5, 937.5)
14.3454|(716.9, 934.2)
14.36188|(717.0, 934.3)
14.37848|(717.3, 935.0)
14.39425|(716.0, 969.5)
14.41169|(716.3, 988.1)
14.42844|(714.4, 1043.1)
14.44516|(708.4, 1053.2)
14.46338|(708.2, 1051.3)
14.47934|(708.0, 1051.4)
14.49599|(711.4, 1054.0)
14.51104|(711.6, 1054.5)
14.52869|(717.1, 1038.1)
14.54627|(716.8, 1040.4)
14.56202|(724.1, 1062.3)
14.57876|(724.6, 1066.7)
14.59534|(721.6, 1058.4)
14.61241|(723.7, 1062.4)
14.62959|(725.5, 1064.0)
14.64605|(726.3, 1055.0)
14.66281|(720.8, 1039.4)
14.6787|(725.4, 1049.2)
14.69588|(726.4, 1050.6)
14.71203|(727.2, 1049.3)
14.73014|(727.6, 1052.0)
14.74558|(727.5, 1053.4)
14.76249|(729.0, 1051.3)
14.77872|(729.8, 1051.8)
14.79626|(731.0, 1048.1)
14.81244|(731.6, 1048.7)
14.82936|(733.5, 1036.5)
14.84784|(733.4, 1035.1)
14.86298|(732.3, 1031.4)
14.88013|(731.4, 1033.7)
14.89693|(731.0, 1037.2)
14.91238|(731.4, 1042.2)
14.92947|(731.4, 1044.4)
14.94681|(730.5, 1045.7)
14.96355|(723.7, 1075.4)
14.97925|(726.0, 1075.8)
14.99634|(725.5, 1078.1)
15.01181|(724.0, 1078.3)
15.03072|(723.6, 1063.1)
15.04706|(723.0, 1053.1)
15.06367|(723.1, 1040.7)
15.08074|(723.1, 1047.2)
15.09668|(723.1, 1053.4)
15.11342|(730.0, 1055.0)
15.12998|(732.1, 1060.5)
15.1461|(730.8, 1067.9)
15.16328|(726.7, 1069.6)
15.18013|(724.1, 1070.8)
15.19818|(720.3, 1073.3)
15.21332|(718.7, 1062.1)
15.23088|(718.6, 1054.8)
15.24677|(718.2, 1050.4)
15.26382|(717.5, 1039.1)
15.2806|(719.8, 1041.8)
15.29664|(718.3, 1039.3)
15.31379|(709.0, 1044.8)
15.33004|(713.4, 1046.8)
15.34769|(714.4, 1055.2)
15.36223|(712.8, 1050.2)
15.38019|(714.5, 1055.5)
15.3967|(715.6, 1056.5)
15.43084|(715.7, 1056.8)
15.44754|(717.4, 1060.8)
15.46415|(721.4, 1068.9)
15.48136|(718.1, 1053.7)
15.49693|(716.5, 1048.0)
15.51373|(721.6, 1035.5)
15.53121|(721.3, 1035.6)
15.54698|(720.4, 1039.7)
15.57928|(721.0, 1042.7)
15.59708|(717.8, 1050.1)
15.61297|(710.2, 1080.4)
15.63093|(708.7, 1083.6)
15.64762|(712.3, 1079.1)
15.66392|(712.8, 1078.8)
