102.1718|(885.9, 533.1)
102.2034|(884.1, 532.7)
102.2527|(876.6, 529.8)
102.2694|(878.4, 530.5)
102.2859|(882.3, 535.4)
102.3028|(889.4, 540.8)
102.3197|(889.5, 539.8)
102.3363|(895.0, 538.6)
102.353|(896.9, 537.2)
102.3695|(898.1, 538.7)
102.4029|(898.1, 540.1)
102.4196|(889.2, 532.7)
102.4364|(881.3, 529.3)
102.4531|(881.8, 526.7)
102.4698|(880.1, 523.4)
102.4865|(882.4, 524.0)
102.5032|(884.6, 525.1)
102.5198|(883.9, 529.0)
102.5366|(885.0, 529.8)
102.5534|(885.4, 533.0)
102.57|(781.7, 663.3)
102.5865|(737.4, 720.6)
102.6033|(709.9, 759.5)
102.6202|(703.5, 840.8)
102.6368|(704.0, 881.0)
102.6533|(704.4, 905.0)
102.67|(705.6, 933.3)
102.7036|(709.7, 969.3)
102.7201|(710.0, 974.5)
102.7369|(728.8, 1013.6)
102.7537|(728.8, 1021.1)
102.7703|(728.8, 1023.8)
102.7871|(729.4, 1027.9)
102.8038|(728.5, 1028.8)
102.8206|(723.4, 1038.5)
102.8539|(722.6, 1036.5)
102.8704|(722.3, 1037.5)
102.8871|(719.2, 1042.0)
102.9042|(707.1, 1060.0)
102.9205|(699.3, 1063.4)
102.9375|(700.4, 1060.8)
102.9537|(701.4, 1056.8)
102.9706|(708.8, 1058.3)
102.9872|(714.3, 1057.3)
103.0039|(718.9, 1064.1)
103.0206|(721.3, 1065.7)
103.0374|(729.6, 1066.4)
103.054|(743.0, 1062.9)
103.0709|(748.7, 1060.6)
103.0875|(759.3, 1057.4)
103.1042|(764.7, 1056.1)
103.1207|(778.6, 1048.6)
103.1376|(785.5, 1046.5)
103.1546|(784.3, 1046.3)
103.171|(786.3, 1043.4)
103.1875|(788.2, 1041.1)
103.2044|(791.8, 1047.4)
103.2211|(794.9, 1047.3)
103.2379|(802.2, 1047.9)
103.2544|(810.7, 1048.8)
103.2713|(813.7, 1051.2)
103.3044|(840.2, 1055.9)
103.3378|(847.9, 1052.0)
103.3546|(849.1, 1050.5)
103.3879|(848.4, 1059.9)
103.4045|(847.0, 1065.7)
103.4379|(841.8, 1067.7)
103.4546|(839.8, 1061.1)
103.4714|(838.2, 1055.9)
103.4881|(838.8, 1053.6)
103.5049|(842.6, 1052.2)
103.5218|(852.7, 1050.8)
103.5384|(862.4, 1049.3)
103.5549|(863.5, 1050.7)
103.5715|(867.3, 1051.0)
103.588|(886.7, 1053.1)
103.6051|(878.1, 1052.9)
103.6215|(879.9, 1051.4)
103.6384|(883.7, 1050.7)
103.655|(881.7, 1052.7)
103.6719|(879.3, 1051.5)
103.6887|(866.1, 1046.5)
103.705|(837.6, 1025.9)
103.7219|(829.2, 1019.8)
103.7385|(792.5, 991.3)
103.7551|(784.3, 985.3)
103.772|(743.3, 953.4)
103.7886|(740.5, 950.6)
103.8054|(741.8, 949.4)
103.8221|(739.5, 947.0)
103.8389|(738.1, 942.9)
103.8552|(736.7, 940.7)
103.872|(733.7, 938.6)
103.8887|(726.6, 952.0)
103.9055|(725.4, 948.9)
103.9223|(722.7, 945.8)
103.9389|(721.4, 945.2)
103.9557|(722.5, 935.3)
103.9724|(721.4, 935.7)
103.9888|(719.7, 932.5)
104.0057|(722.3, 930.0)
104.0224|(722.4, 929.9)
104.039|(722.7, 931.3)
104.0558|(722.3, 938.2)
104.0725|(720.5, 939.8)
104.0892|(714.8, 943.3)
104.106|(716.2, 940.0)
104.1226|(718.1, 937.3)
104.1392|(718.6, 937.8)
104.1557|(733.7, 938.6)
104.1892|(761.7, 931.6)
104.2061|(767.7, 928.2)
104.2226|(784.6, 927.7)
104.2395|(788.0, 935.1)
104.2561|(787.4, 932.4)
104.2731|(788.4, 934.1)
104.4563|(726.8, 679.9)
104.49|(732.3, 748.6)
104.5064|(738.8, 807.9)
104.5232|(749.1, 808.3)
104.5399|(743.5, 813.8)
104.5568|(740.5, 821.0)
104.5733|(739.1, 822.1)
104.5899|(728.0, 836.8)
104.6065|(721.9, 838.4)
104.6402|(714.4, 842.6)
104.6568|(712.5, 842.5)
104.6734|(711.4, 843.4)
104.6906|(713.3, 845.3)
104.7069|(714.0, 845.6)
104.7237|(716.6, 846.3)
104.74|(727.8, 847.9)
104.757|(733.2, 847.5)
104.7736|(751.8, 845.5)
104.7904|(769.4, 842.8)
104.8069|(796.0, 839.0)
104.8236|(797.4, 838.1)
104.8405|(797.4, 837.8)
104.8571|(798.9, 838.0)
104.8738|(791.0, 842.1)
104.8905|(788.5, 848.0)
104.907|(790.1, 855.6)
104.9238|(789.2, 854.2)
104.9406|(798.1, 841.6)
104.9572|(796.2, 845.5)
104.974|(798.7, 841.5)
104.9906|(805.7, 844.4)
105.0072|(792.3, 842.3)
105.0242|(802.5, 847.8)
105.0406|(780.2, 854.6)
105.0573|(755.0, 852.9)
105.0909|(732.0, 854.5)
105.1073|(734.9, 851.1)
105.1242|(738.9, 846.3)
105.141|(737.6, 862.4)
105.1577|(743.6, 876.4)
105.1743|(770.0, 948.6)
105.1911|(770.0, 944.6)
105.2076|(778.6, 966.3)
105.241|(787.1, 965.2)
105.2577|(786.6, 965.4)
105.2744|(784.4, 964.7)
105.2913|(781.7, 959.1)
105.3078|(782.2, 948.2)
105.3245|(782.4, 950.7)
105.3411|(779.7, 956.2)
105.3581|(779.3, 960.8)
105.3914|(766.0, 935.8)
105.4079|(771.2, 936.6)
105.4249|(758.5, 910.9)
105.4416|(737.5, 847.6)
105.4581|(728.6, 815.1)
105.4746|(726.3, 797.9)
105.4915|(720.4, 770.4)
105.5082|(719.0, 771.1)
105.5416|(718.3, 771.8)
105.5582|(718.9, 774.4)
105.575|(719.0, 777.6)
105.5918|(719.0, 779.7)
105.6082|(715.2, 782.4)
105.625|(710.9, 786.5)
105.6417|(713.0, 788.1)
105.6585|(713.7, 788.6)
105.6918|(714.8, 790.3)
105.7085|(716.5, 788.3)
105.7255|(715.0, 778.7)
105.742|(714.0, 776.5)
105.7588|(710.3, 770.9)
105.7752|(706.4, 750.5)
105.792|(705.3, 750.2)
105.8087|(703.8, 743.9)
105.8419|(701.7, 739.7)
105.8588|(700.7, 739.5)
105.8753|(698.7, 737.8)
105.892|(697.5, 734.2)
105.9089|(696.0, 735.0)
105.9254|(694.7, 730.8)
105.9421|(716.7, 720.9)
105.9589|(734.5, 707.6)
105.9923|(762.8, 686.3)
106.009|(768.8, 670.5)
106.0257|(779.9, 659.0)
106.0424|(779.2, 668.6)
106.0589|(778.6, 662.9)
106.0756|(784.1, 661.4)
106.0926|(790.2, 665.8)
106.1091|(817.9, 659.0)
106.1428|(838.5, 655.7)
106.1592|(849.3, 654.8)
106.1759|(855.5, 638.6)
106.1928|(854.0, 641.0)
106.2095|(862.2, 645.5)
106.2262|(851.3, 630.9)
106.2427|(855.1, 633.2)
106.2594|(862.5, 626.3)
106.2928|(873.9, 628.1)
106.3094|(876.1, 629.5)
106.3263|(899.5, 635.6)
106.3428|(960.9, 632.6)
106.3597|(966.5, 630.8)
106.3762|(988.5, 642.6)
106.393|(1017.0, 637.1)
106.4094|(1027.9, 642.9)
106.4429|(1034.7, 645.0)
106.4596|(1035.8, 647.1)
106.4764|(1037.8, 645.8)
106.4933|(1032.5, 644.2)
106.5097|(1029.4, 634.0)
106.5264|(1040.1, 624.3)
106.5432|(1055.5, 632.2)
106.56|(1078.8, 627.3)
106.5933|(1083.8, 627.9)
106.6099|(1103.2, 635.8)
106.627|(1099.2, 631.0)
106.6433|(1106.0, 633.5)
106.66|(1108.0, 632.1)
106.6766|(1107.9, 625.3)
106.6934|(1109.3, 625.0)
106.7101|(1109.0, 622.9)
106.7434|(1109.2, 623.2)
106.7604|(1106.5, 624.5)
106.7769|(1106.0, 624.8)
106.7936|(1106.9, 630.8)
106.8101|(1103.6, 623.6)
106.8271|(1108.3, 636.4)
106.8438|(1094.3, 627.8)
106.8605|(1016.7, 596.3)
106.8938|(948.3, 570.0)
106.9106|(881.8, 546.6)
106.9272|(770.1, 506.3)
106.944|(765.2, 504.4)
106.9608|(768.7, 502.6)
106.9772|(764.6, 500.3)
106.994|(762.3, 500.2)
107.0104|(761.1, 499.8)
107.0441|(757.2, 507.4)
107.0609|(757.3, 504.5)
107.0774|(755.7, 511.0)
107.0941|(761.8, 508.6)
107.1108|(783.6, 500.3)
107.1277|(776.6, 497.4)
107.1441|(773.0, 497.3)
107.161|(757.1, 494.1)
107.1943|(745.2, 491.2)
107.2111|(740.2, 489.4)
107.2278|(734.9, 486.6)
107.2443|(724.6, 482.5)
107.261|(724.8, 480.5)
107.2779|(727.3, 477.8)
107.2944|(730.2, 476.2)
107.3111|(735.9, 473.8)
107.3446|(787.0, 473.9)
107.3614|(838.5, 483.4)
107.3779|(882.2, 488.8)
107.3946|(883.9, 490.1)
107.4113|(903.3, 492.2)
107.4281|(927.9, 495.9)
107.4447|(935.2, 494.2)
107.4614|(941.2, 492.7)
107.4948|(942.0, 493.5)
107.5115|(941.1, 509.0)
107.5283|(976.5, 571.8)
107.5447|(993.5, 607.5)
107.5618|(1006.1, 630.1)
107.5785|(1018.6, 649.0)
107.595|(1017.8, 653.6)
107.6118|(1018.2, 660.5)
107.6451|(1030.3, 665.5)
107.6618|(1026.4, 664.9)
107.6784|(1026.8, 665.6)
107.6951|(1024.4, 662.8)
107.7117|(1027.9, 662.3)
107.7286|(1039.7, 665.7)
107.7451|(1059.6, 665.1)
107.762|(1091.6, 669.1)
107.7954|(1096.1, 666.9)
107.812|(1099.4, 669.0)
107.8289|(1100.1, 653.7)
107.8453|(1113.1, 661.9)
107.8621|(1111.3, 655.2)
107.8788|(1107.6, 649.5)
107.8954|(1109.4, 658.2)
107.912|(1105.6, 650.9)
107.9458|(1104.2, 657.3)
107.9628|(1100.5, 654.7)
107.979|(1086.3, 642.5)
107.9956|(1090.5, 649.0)
108.0123|(925.7, 611.8)
108.0288|(948.7, 621.5)
108.0624|(954.6, 625.4)
108.1127|(925.2, 647.7)
108.1291|(910.6, 642.8)
108.1458|(903.7, 651.3)
108.3296|(1656.1, 562.2)
108.3462|(1674.0, 580.3)
108.363|(1680.2, 584.9)
108.3964|(1692.2, 599.6)
108.413|(1683.9, 592.5)
108.4295|(1645.1, 581.5)
108.4797|(1601.5, 574.8)
108.5633|(1208.5, 606.3)
108.5799|(1214.2, 610.1)
108.5967|(1223.4, 621.0)
108.6136|(1213.5, 619.5)
108.6301|(1194.1, 620.6)
108.6466|(1186.2, 618.3)
108.6634|(1168.1, 608.6)
108.6968|(1153.1, 605.6)
108.7135|(1148.4, 599.3)
108.9639|(782.9, 467.7)
108.9973|(804.5, 482.2)
109.0139|(820.0, 500.2)
109.0308|(819.2, 495.6)
109.1808|(711.0, 215.4)
109.1977|(704.8, 337.1)
109.2144|(712.3, 398.5)
109.2477|(726.8, 535.7)
109.2645|(718.9, 485.2)
109.2979|(736.9, 644.8)
109.3144|(750.3, 770.9)
109.3313|(751.6, 846.3)
109.3478|(751.2, 824.7)
109.3646|(763.2, 868.7)
109.3813|(788.4, 1015.0)
109.3979|(792.9, 1025.7)
109.4147|(793.8, 1035.5)
109.4481|(805.4, 1058.2)
109.4646|(804.7, 1059.9)
109.4815|(810.9, 1070.7)
109.4982|(822.3, 1086.2)
109.5147|(827.8, 1100.2)
109.5316|(829.1, 1096.5)
109.5483|(828.1, 1093.1)
109.5651|(831.9, 1085.9)
109.5982|(836.9, 1089.4)
109.6148|(847.4, 1088.2)
109.6316|(860.8, 1093.5)
109.6485|(861.8, 1092.3)
109.665|(870.1, 1088.0)
109.6817|(871.6, 1090.7)
109.6986|(874.2, 1092.2)
109.7152|(880.4, 1083.3)
109.9322|(978.9, 594.0)
109.9488|(974.0, 657.8)
109.9655|(970.7, 664.4)
109.9823|(969.9, 679.7)
109.9989|(978.5, 702.8)
110.0157|(986.4, 712.7)
110.049|(977.4, 694.5)
110.0658|(982.7, 703.0)
110.0824|(1005.7, 700.6)
110.0992|(1043.8, 667.9)
110.1157|(1074.2, 630.8)
110.1326|(1086.0, 611.2)
110.1492|(1088.4, 606.0)
110.1659|(1098.3, 592.8)
110.1993|(1097.3, 587.4)
110.2159|(1097.1, 587.1)
110.233|(1101.0, 597.7)
110.2493|(1106.4, 604.4)
110.2661|(1106.7, 603.7)
110.2827|(1103.9, 602.5)
110.2997|(1101.6, 602.1)
110.3162|(1099.4, 601.8)
110.3497|(1099.4, 602.0)
110.3662|(1092.2, 588.0)
110.3828|(1058.5, 517.2)
110.3997|(1051.7, 495.0)
110.4164|(1045.3, 481.7)
110.4329|(1031.8, 481.0)
110.4497|(1022.3, 470.2)
110.4665|(1023.7, 472.2)
110.5|(1027.6, 478.9)
110.5167|(1020.9, 468.0)
110.5334|(1016.8, 461.9)
110.5499|(1020.5, 465.0)
110.5665|(1015.1, 467.6)
110.5834|(1012.4, 469.0)
110.6|(1002.9, 468.4)
110.6167|(988.1, 469.9)
110.65|(957.2, 470.7)
110.6667|(891.7, 468.6)
110.6836|(888.8, 471.0)
110.7|(890.6, 470.1)
110.7167|(888.9, 472.5)
110.7336|(889.9, 481.1)
110.7503|(891.6, 481.9)
110.7671|(893.6, 484.0)
110.8004|(893.9, 486.7)
110.8169|(757.2, 459.8)
110.8337|(748.9, 457.8)
110.8504|(747.3, 457.7)
110.867|(746.8, 458.0)
110.8837|(741.4, 456.5)
110.9006|(739.5, 455.0)
110.9172|(739.1, 453.9)
110.9505|(736.3, 454.2)
110.9673|(736.4, 455.5)
110.9839|(735.5, 453.8)
111.0006|(739.8, 454.7)
111.0172|(741.5, 454.2)
111.0341|(745.1, 452.1)
111.0507|(748.8, 451.4)
111.0675|(978.9, 388.3)
111.1008|(999.6, 381.1)
111.1174|(1018.0, 372.5)
111.1342|(1018.0, 374.0)
111.1508|(1026.3, 366.4)
111.1676|(1028.2, 366.9)
111.1844|(1027.4, 368.2)
111.2009|(1026.1, 366.9)
111.2176|(1023.2, 369.8)
111.251|(1020.0, 370.9)
111.2679|(1033.1, 368.1)
111.2844|(1110.0, 359.6)
111.3012|(1119.4, 359.4)
111.3178|(1124.0, 358.8)
111.3346|(1124.7, 357.9)
111.3512|(1128.0, 356.9)
111.368|(1131.4, 356.9)
111.4011|(1129.5, 357.5)
111.4179|(1129.7, 359.7)
111.4348|(1133.8, 361.4)
111.4515|(1135.7, 362.6)
111.4681|(1139.6, 364.4)
111.4848|(1148.1, 370.5)
111.5017|(1146.7, 368.6)
111.5182|(1138.5, 368.3)
111.5515|(1075.7, 368.3)
111.5683|(1039.8, 368.0)
111.5849|(954.7, 366.8)
111.6017|(888.5, 365.8)
111.6183|(890.8, 365.7)
111.6351|(900.6, 366.8)
111.6517|(899.8, 362.4)
111.6686|(894.6, 358.1)
111.702|(897.1, 358.1)
111.7186|(896.8, 357.5)
111.7351|(907.1, 365.0)
111.7518|(910.5, 368.0)
111.7686|(910.8, 363.9)
111.7852|(907.7, 360.2)
111.8021|(907.8, 360.1)
111.8185|(909.2, 360.9)
111.852|(863.4, 267.6)
111.8689|(865.7, 267.3)
111.8855|(864.1, 259.9)
111.9022|(863.5, 258.3)
111.9189|(871.9, 255.4)
111.9358|(873.0, 256.6)
111.9523|(871.4, 258.8)
111.9691|(868.2, 261.5)
112.0026|(864.4, 262.5)
112.0191|(867.7, 262.0)
112.0356|(869.0, 260.6)
112.0524|(876.7, 252.6)
112.0691|(892.4, 251.0)
112.0857|(899.9, 250.5)
112.1026|(918.9, 252.4)
112.1191|(925.5, 252.3)
112.1525|(959.9, 250.8)
112.1693|(959.5, 247.7)
112.186|(961.1, 249.7)
112.2026|(966.1, 254.7)
112.2194|(970.2, 252.5)
112.2361|(982.6, 247.3)
112.2528|(1020.8, 247.9)
112.2694|(1032.7, 248.0)
112.3027|(1072.8, 245.1)
112.3194|(1096.6, 248.5)
112.3363|(1099.7, 252.5)
112.3528|(1096.6, 246.4)
112.3698|(1097.6, 247.9)
112.3863|(1091.7, 247.3)
112.4031|(1094.1, 247.5)
112.4195|(1096.6, 256.2)
112.4363|(1088.4, 242.6)
112.4531|(1091.1, 247.4)
112.4697|(1019.6, 415.9)
112.4863|(987.2, 504.9)
112.5032|(970.0, 561.1)
112.5198|(958.5, 603.7)
112.5366|(956.2, 605.4)
112.5531|(956.1, 606.0)
112.5697|(953.2, 612.0)
112.6031|(955.9, 611.6)
112.6199|(955.8, 611.9)
112.6369|(955.6, 612.9)
112.6533|(956.5, 612.5)
112.6702|(955.5, 613.1)
112.6868|(955.5, 613.7)
112.7037|(958.7, 614.6)
112.7201|(963.0, 616.1)
112.7535|(1010.2, 625.0)
112.7702|(1039.0, 624.8)
112.787|(1043.1, 624.6)
112.8037|(1041.3, 625.1)
112.8205|(1041.7, 627.8)
112.8372|(1050.4, 636.3)
112.8536|(1054.2, 637.1)
112.8703|(1072.2, 659.6)
112.887|(1059.4, 643.7)
112.9038|(1059.9, 644.6)
112.9204|(1055.4, 632.9)
112.9373|(1056.6, 636.3)
112.9539|(1064.3, 639.5)
112.9706|(1068.6, 642.5)
112.9873|(1067.2, 642.3)
113.004|(1046.3, 633.3)
113.0205|(1053.2, 636.4)
113.0373|(1046.8, 631.4)
113.0542|(1049.0, 626.7)
113.0708|(1049.0, 624.8)
113.0873|(1050.8, 622.8)
113.1042|(1050.2, 621.9)
113.1209|(1050.3, 621.9)
113.1376|(1050.6, 622.5)
113.1542|(1055.8, 625.6)
113.171|(1056.9, 635.4)
113.1876|(1089.1, 633.7)
113.2045|(1087.3, 632.7)
113.2209|(1108.1, 634.7)
113.2376|(1117.6, 637.1)
113.2544|(1143.7, 635.8)
113.2712|(1149.4, 633.9)
113.2878|(1147.5, 632.3)
113.3043|(1152.1, 635.7)
113.321|(1150.4, 631.1)
113.338|(1160.8, 636.6)
113.3545|(1163.1, 634.2)
113.388|(1163.9, 637.0)
113.4048|(1179.5, 648.4)
113.4383|(1187.8, 667.2)
113.4546|(1185.1, 661.2)
113.488|(1189.6, 674.4)
113.5048|(1190.0, 675.1)
113.5214|(1180.5, 667.8)
113.5383|(1170.0, 663.0)
113.555|(1130.2, 666.8)
113.5718|(1012.7, 660.9)
113.5882|(967.4, 676.8)
113.605|(914.5, 667.5)
113.6382|(916.8, 666.6)
113.655|(904.6, 660.6)
113.6717|(897.0, 654.0)
113.6884|(898.0, 652.0)
113.7052|(899.6, 636.9)
113.872|(775.8, 520.7)
113.8886|(788.1, 603.2)
113.9053|(803.8, 618.3)
113.922|(814.2, 631.7)
113.9387|(819.0, 641.0)
113.9554|(821.4, 652.1)
113.9722|(823.9, 662.9)
113.989|(821.5, 678.7)
114.0057|(821.3, 680.2)
114.0224|(821.8, 680.0)
114.0391|(800.7, 677.7)
114.0557|(745.1, 673.8)
114.0891|(757.4, 674.2)
114.1059|(726.9, 670.5)
114.1225|(698.4, 666.3)
114.1392|(687.9, 663.0)
114.1558|(688.6, 662.5)
114.1727|(686.0, 661.5)
114.1892|(688.3, 667.0)
114.2059|(688.7, 665.6)
114.2228|(690.3, 662.0)
114.2396|(691.4, 659.3)
114.2559|(691.9, 658.5)
114.2728|(691.6, 656.0)
114.2895|(689.8, 643.6)
114.3063|(688.2, 640.7)
114.3229|(687.9, 642.9)
114.3394|(688.4, 644.1)
114.3562|(688.4, 642.4)
114.3897|(688.6, 643.3)
114.4063|(686.4, 643.4)
114.423|(686.8, 643.3)
114.4398|(689.8, 643.8)
114.4564|(693.7, 644.3)
114.4732|(695.7, 644.2)
114.4897|(694.8, 641.7)
114.5066|(696.8, 637.7)
114.54|(702.7, 636.2)
114.5566|(703.9, 636.9)
114.5732|(808.4, 635.9)
114.59|(837.3, 635.9)
114.6067|(855.8, 637.4)
114.6234|(884.2, 637.7)
114.6401|(886.5, 637.7)
114.6734|(885.9, 635.4)
114.6901|(887.9, 632.8)
114.7067|(892.8, 629.6)
114.7235|(899.9, 624.9)
114.7404|(899.1, 627.2)
114.757|(901.7, 624.0)
114.7737|(908.0, 634.2)
114.7902|(907.9, 634.0)
114.8069|(897.6, 630.1)
114.9572|(896.3, 249.3)
114.9905|(852.3, 455.1)
115.0073|(899.4, 554.6)
115.0241|(889.8, 517.4)
115.1744|(1033.5, 712.5)
115.1909|(967.1, 618.0)
115.2077|(974.9, 585.1)
115.2243|(964.1, 593.4)
115.2411|(963.6, 589.1)
115.2579|(965.4, 582.6)
115.3745|(928.4, 574.9)
115.4082|(910.8, 560.6)
115.4415|(895.7, 580.2)
115.4581|(888.0, 592.4)
115.4749|(886.6, 594.5)
115.6419|(872.1, 535.9)
115.6584|(898.2, 522.4)
115.675|(899.3, 558.8)
115.6919|(901.4, 560.2)
115.7085|(901.5, 559.6)
115.7418|(906.1, 604.1)
115.7585|(903.6, 618.0)
115.7752|(903.7, 628.9)
115.7921|(900.5, 629.2)
115.8087|(896.3, 628.8)
115.8252|(884.2, 621.9)
115.842|(886.5, 621.6)
115.8586|(884.8, 620.9)
115.8922|(892.7, 622.9)
115.9088|(895.0, 626.7)
115.9255|(907.9, 634.0)
115.9423|(908.8, 633.6)
115.9588|(908.7, 632.6)
115.9757|(907.4, 632.7)
115.9922|(903.9, 633.3)
116.0089|(898.3, 634.0)
116.0424|(898.3, 633.5)
116.0591|(902.3, 636.6)
116.0758|(902.4, 637.1)
116.0926|(902.3, 637.5)
116.1093|(893.3, 666.2)
116.1258|(836.9, 757.3)
116.1425|(776.6, 864.9)
116.1592|(787.8, 844.4)
116.2092|(654.6, 1082.6)
116.2594|(655.3, 1083.1)
117.7451|(602.5, 865.9)
117.762|(709.0, 928.7)
117.7788|(753.2, 965.6)
117.7953|(770.3, 977.2)
117.8119|(786.2, 977.6)
117.8455|(797.8, 977.1)
117.8621|(807.0, 961.0)
117.8787|(806.8, 969.1)
117.8954|(810.8, 962.9)
117.9122|(815.4, 965.2)
117.9287|(815.4, 965.4)
117.9456|(816.7, 965.8)
117.9621|(816.7, 966.1)
117.9957|(806.4, 970.9)
118.0123|(803.6, 967.4)
118.0288|(803.1, 974.6)
118.0456|(802.9, 981.6)
118.0626|(794.3, 979.9)
118.079|(793.8, 980.5)
118.0957|(797.0, 982.5)
118.1126|(797.8, 983.6)
118.146|(803.8, 984.5)
118.1626|(817.2, 964.5)
118.1795|(869.5, 896.3)
118.196|(912.6, 819.5)
118.2126|(939.4, 777.0)
118.2294|(943.2, 769.4)
118.246|(937.0, 752.9)
118.2626|(967.3, 708.0)
118.2961|(971.7, 703.2)
118.3129|(951.0, 682.4)
118.3294|(953.3, 676.7)
118.3464|(953.8, 678.7)
118.3629|(954.3, 679.2)
118.3797|(972.6, 682.1)
118.3961|(1011.0, 669.9)
118.4128|(1044.1, 674.7)
118.4464|(1049.6, 675.0)
118.4631|(1054.1, 672.6)
118.4797|(1053.6, 672.5)
118.4963|(1055.2, 679.4)
118.5131|(1059.4, 680.4)
118.5297|(1062.0, 675.7)
118.5465|(1062.5, 673.7)
118.5633|(1064.0, 665.7)
118.5967|(1054.6, 655.0)
118.6135|(1048.3, 645.3)
118.6299|(1045.7, 642.8)
118.6468|(1049.5, 646.0)
118.6632|(1045.8, 641.1)
118.68|(1049.6, 641.8)
118.6967|(1049.3, 642.3)
118.7135|(1051.2, 642.4)
118.7469|(1055.4, 638.8)
118.7636|(1054.5, 632.3)
118.7802|(1051.8, 628.4)
118.7969|(1049.7, 624.1)
118.8136|(1048.5, 618.4)
118.8304|(1043.7, 607.3)
118.8471|(1044.3, 600.5)
118.8637|(1041.7, 599.7)
118.9306|(1049.5, 598.5)
118.9473|(647.0, 575.7)
118.9637|(663.9, 622.4)
118.9805|(675.6, 683.6)
118.9972|(661.2, 672.5)
119.0141|(677.7, 726.9)
119.0476|(682.8, 808.4)
119.064|(688.1, 807.1)
119.1476|(731.4, 807.9)
119.1977|(752.3, 677.7)
119.2142|(754.3, 751.7)
119.2308|(762.2, 708.4)
119.3644|(750.6, 899.2)
119.3979|(753.9, 842.8)
119.4148|(753.6, 851.6)
119.4312|(750.3, 867.5)
119.448|(750.2, 874.9)
119.4647|(750.4, 876.6)
119.5983|(645.6, 751.8)
119.6486|(672.7, 947.0)
119.6649|(688.3, 907.9)
119.6816|(681.3, 925.4)
119.6983|(681.5, 925.2)
119.7152|(681.2, 915.9)
119.7319|(683.0, 919.4)
119.7485|(684.8, 932.3)
119.7653|(689.0, 960.3)
119.7988|(687.4, 963.7)
119.8153|(691.1, 955.9)
119.9824|(678.3, 769.1)
119.9988|(714.2, 790.5)
120.0156|(716.3, 807.1)
120.0491|(723.3, 852.3)
120.0657|(720.9, 886.7)
120.0991|(721.8, 874.2)
120.1157|(713.9, 903.8)
120.1326|(707.9, 909.9)
120.1492|(716.3, 910.2)
120.1827|(709.7, 896.9)
120.266|(728.7, 907.4)
120.2827|(813.5, 733.3)
120.2994|(815.0, 763.2)
120.3165|(822.0, 883.0)
120.3328|(820.6, 858.8)
120.3495|(822.5, 843.3)
120.3662|(825.1, 837.0)
120.3997|(845.8, 936.3)
120.4163|(846.5, 938.0)
120.433|(840.4, 934.6)
120.4498|(843.5, 937.7)
120.4663|(835.8, 936.6)
120.483|(827.2, 935.9)
120.4998|(799.6, 939.2)
120.5166|(798.0, 936.7)
120.5501|(788.4, 938.5)
120.5665|(775.4, 948.2)
120.5833|(773.8, 950.1)
120.5997|(764.1, 944.3)
120.6166|(764.4, 945.1)
120.6334|(763.5, 941.9)
120.6499|(764.0, 943.4)
120.6667|(763.8, 943.6)
120.7001|(776.1, 957.3)
120.7169|(774.2, 959.0)
120.7334|(776.0, 960.7)
120.7501|(779.2, 957.1)
120.7668|(778.8, 956.8)
120.7836|(790.9, 943.8)
120.8003|(790.7, 942.9)
120.8172|(807.0, 937.4)
120.8503|(1333.7, 747.8)
120.867|(1495.0, 653.8)
120.8839|(1498.9, 643.7)
120.9004|(1504.3, 642.8)
120.9171|(1496.5, 645.7)
120.9339|(1489.2, 645.6)
120.9506|(1486.8, 650.1)
120.9673|(1535.5, 668.1)
121.0005|(1533.8, 669.4)
121.0175|(1539.7, 676.4)
121.0339|(1540.4, 678.4)
121.0507|(1547.3, 679.0)
121.0674|(1577.6, 666.1)
121.0843|(1624.4, 649.7)
121.1008|(1653.2, 627.6)
121.1175|(1655.0, 628.5)
121.1509|(1684.2, 601.4)
121.1676|(1681.8, 588.0)
121.1843|(1683.0, 586.1)
121.2009|(1685.0, 590.3)
121.2178|(1687.0, 601.9)
121.2343|(1688.4, 610.5)
121.3847|(803.3, 681.3)
121.4014|(805.4, 691.1)
121.4181|(803.7, 700.5)
121.4517|(807.1, 710.5)
121.468|(811.2, 739.0)
121.4848|(813.3, 750.9)
121.5013|(815.6, 761.0)
121.5181|(817.5, 758.3)
121.535|(817.8, 755.3)
121.5516|(817.3, 755.1)
121.5681|(816.9, 749.8)
121.6014|(817.4, 746.1)
121.6185|(816.8, 748.1)
121.6349|(818.4, 750.0)
121.6516|(818.7, 749.3)
121.6685|(818.0, 749.7)
121.6851|(816.7, 750.0)
121.7018|(815.5, 749.5)
121.7185|(815.9, 749.3)
121.7521|(810.0, 747.0)
121.7686|(810.0, 746.9)
121.7853|(819.3, 757.6)
121.8019|(819.0, 757.8)
121.8186|(816.0, 760.2)
121.8354|(816.8, 758.4)
121.8521|(823.7, 758.6)
121.8687|(824.2, 759.0)
121.9022|(829.8, 757.9)
121.9187|(830.1, 759.1)
121.9358|(840.2, 766.8)
121.9523|(895.9, 763.9)
121.9691|(1164.4, 741.8)
121.9859|(1526.2, 696.3)
122.0025|(1565.6, 689.0)
122.0191|(1573.4, 683.3)
122.0527|(1606.1, 663.3)
122.0692|(1601.9, 655.5)
122.086|(1607.7, 653.5)
122.1024|(1606.6, 651.3)
122.1196|(1602.9, 651.2)
122.1359|(1601.1, 650.6)
122.1527|(1599.4, 646.3)
122.1692|(1598.0, 641.8)
122.2027|(1597.8, 636.8)
122.2194|(1598.3, 636.0)
122.236|(1612.3, 630.9)
122.2529|(1713.5, 614.4)
122.2696|(1705.4, 608.2)
122.2864|(1713.0, 606.9)
122.303|(1700.9, 595.5)
122.3193|(1706.4, 596.5)
122.3362|(1696.7, 594.8)
122.353|(1697.3, 592.6)
122.3695|(1698.4, 592.9)
122.3862|(1698.5, 592.3)
122.403|(1704.9, 595.6)
122.4199|(1708.6, 595.8)
122.4366|(1708.2, 593.3)
122.4534|(1708.9, 593.7)
122.4698|(1710.0, 594.7)
122.5031|(1713.6, 602.7)
122.52|(1716.6, 606.9)
122.5364|(1723.4, 609.7)
122.5534|(1665.9, 625.4)
122.5867|(1420.0, 724.4)
122.6034|(1422.8, 720.1)
122.6199|(1328.4, 755.5)
122.6535|(959.1, 909.2)
122.6701|(754.9, 987.8)
122.6868|(754.1, 989.3)
