229.1193|(770.6, 705.3)
229.1806|(767.7, 710.3)
229.214|(767.2, 711.3)
229.2309|(766.4, 711.3)
229.2641|(765.3, 712.3)
229.2809|(755.8, 716.4)
229.3307|(746.3, 714.0)
229.3477|(759.6, 708.6)
229.3642|(767.4, 712.8)
229.3807|(775.0, 708.6)
229.3976|(775.6, 707.0)
229.4142|(778.9, 698.9)
229.431|(778.4, 698.1)
229.4478|(769.6, 704.0)
229.4812|(728.5, 708.2)
229.498|(706.5, 705.3)
229.5144|(695.9, 706.8)
229.5312|(686.1, 711.8)
229.5481|(653.8, 742.6)
229.5647|(645.8, 752.6)
229.5815|(651.2, 748.4)
229.5978|(631.3, 757.8)
229.6315|(614.8, 775.6)
229.6483|(615.3, 774.8)
229.6649|(621.0, 769.2)
229.682|(620.2, 776.4)
229.6986|(627.9, 773.4)
229.715|(627.4, 795.2)
229.7317|(634.7, 895.6)
229.7482|(636.0, 931.9)
229.7648|(624.8, 982.9)
229.7818|(620.0, 1034.5)
229.7984|(618.9, 1029.1)
229.8151|(626.0, 1006.7)
229.8317|(622.1, 1016.0)
229.8484|(623.4, 1020.2)
229.8652|(626.3, 1045.9)
229.8818|(627.0, 1044.8)
229.8984|(627.5, 1045.1)
229.9319|(621.9, 1070.5)
229.9487|(617.4, 1085.5)
229.9653|(613.2, 1099.9)
229.9819|(612.7, 1107.8)
229.9988|(608.2, 1131.3)
230.0155|(606.8, 1132.8)
230.0325|(601.4, 1125.4)
230.0486|(600.2, 1123.3)
230.0821|(599.7, 1115.1)
230.0989|(598.7, 1098.2)
230.1157|(602.1, 1103.7)
230.1324|(600.6, 1104.4)
230.149|(602.3, 1108.3)
230.1661|(604.1, 1110.2)
230.1823|(605.4, 1111.0)
230.2156|(612.7, 1121.1)
230.2491|(611.6, 1127.6)
230.2661|(597.4, 1139.2)
230.2825|(592.8, 1140.3)
230.2991|(591.4, 1143.5)
230.3159|(588.3, 1144.2)
230.3326|(590.0, 1141.8)
230.3492|(590.8, 1141.2)
230.3658|(592.3, 1139.5)
230.3829|(601.2, 1135.1)
230.3993|(604.4, 1130.7)
230.4163|(609.7, 1124.5)
230.4329|(606.1, 1118.2)
230.4495|(607.4, 1121.0)
230.4662|(607.0, 1120.2)
230.4827|(603.6, 1118.1)
230.4994|(599.8, 1114.0)
230.516|(601.7, 1113.3)
230.5331|(603.2, 1114.2)
230.5496|(606.6, 1117.4)
230.5663|(625.0, 1117.3)
230.5832|(637.9, 1114.2)
230.6165|(700.4, 1102.5)
230.633|(779.1, 1087.3)
230.6498|(843.4, 1094.1)
230.6664|(817.5, 1085.7)
230.6832|(834.0, 1087.9)
230.6998|(867.1, 1102.8)
230.7167|(869.3, 1109.6)
230.7332|(872.4, 1114.6)
230.7502|(863.4, 1128.2)
230.7667|(856.9, 1138.4)
230.7831|(853.2, 1143.7)
230.8001|(846.8, 1154.8)
230.8165|(835.9, 1167.2)
230.8335|(840.2, 1154.6)
230.8499|(844.2, 1146.2)
230.8667|(845.7, 1144.2)
230.8836|(847.0, 1140.4)
230.9003|(843.9, 1133.7)
230.9171|(828.4, 1117.3)
230.9335|(823.3, 1121.1)
230.9505|(822.3, 1127.8)
230.967|(821.2, 1129.2)
230.9836|(822.9, 1132.6)
231.0006|(820.8, 1138.8)
231.017|(818.7, 1139.3)
231.0337|(814.6, 1140.3)
231.0504|(810.1, 1129.6)
231.0673|(809.5, 1127.0)
231.0838|(809.0, 1124.7)
231.1006|(806.9, 1122.9)
231.117|(805.3, 1116.0)
231.1339|(787.2, 1103.0)
231.1505|(790.1, 1110.2)
231.1673|(759.1, 1115.8)
231.184|(739.0, 1109.2)
231.2006|(743.5, 1108.2)
231.2173|(728.1, 1110.4)
231.234|(705.6, 1115.5)
231.251|(685.4, 1127.4)
231.2675|(677.4, 1125.7)
231.2841|(680.4, 1126.8)
231.3008|(674.8, 1128.3)
231.3175|(665.2, 1127.8)
231.3341|(637.6, 1120.0)
231.3509|(635.3, 1119.3)
231.3676|(634.1, 1118.1)
231.3843|(633.6, 1119.1)
231.4178|(637.2, 1122.0)
231.4344|(637.3, 1120.6)
231.4678|(638.6, 1121.5)
231.4846|(639.6, 1114.1)
231.5178|(639.4, 1120.9)
231.5347|(638.5, 1130.3)
231.568|(636.3, 1134.8)
231.5846|(648.0, 1133.1)
231.6013|(652.0, 1132.1)
231.6183|(684.7, 1130.8)
231.6349|(733.1, 1122.0)
231.6514|(739.9, 1117.3)
231.668|(739.9, 1123.6)
231.6847|(744.9, 1131.2)
231.7183|(744.4, 1132.6)
231.7348|(743.1, 1131.3)
231.7517|(745.8, 1131.6)
231.7685|(746.4, 1134.4)
231.785|(746.7, 1133.4)
231.8016|(748.7, 1132.8)
231.8183|(746.3, 1131.5)
231.835|(745.3, 1133.2)
231.8685|(740.7, 1129.2)
231.8851|(741.6, 1128.7)
231.9018|(739.0, 1127.4)
231.9187|(736.2, 1125.0)
231.9352|(719.8, 1120.2)
231.9522|(675.3, 1109.3)
231.9685|(659.9, 1096.4)
231.9854|(651.7, 1084.3)
232.0186|(650.1, 1089.8)
232.0354|(651.7, 1080.4)
232.052|(649.8, 1070.1)
232.069|(649.9, 1069.8)
232.0856|(654.6, 1066.2)
232.1024|(657.9, 1070.3)
232.1188|(663.0, 1072.8)
232.1357|(665.0, 1072.9)
232.169|(675.7, 1070.5)
232.1856|(673.7, 1066.9)
232.2023|(680.6, 1067.8)
232.2191|(758.8, 1080.1)
232.2357|(750.6, 1078.3)
232.2524|(762.6, 1078.6)
232.2692|(769.0, 1076.0)
232.2858|(768.1, 1075.8)
232.3192|(771.6, 1080.6)
232.336|(769.2, 1078.7)
232.3527|(774.5, 1070.4)
232.3693|(774.7, 1070.0)
232.3863|(773.0, 1078.3)
232.4027|(773.4, 1085.9)
232.4195|(798.0, 1117.3)
232.4361|(814.6, 1120.1)
232.4695|(816.1, 1120.3)
232.4861|(814.5, 1126.7)
232.5029|(823.0, 1130.4)
232.5197|(826.3, 1138.4)
232.5363|(821.8, 1154.0)
232.553|(821.0, 1158.0)
232.5697|(822.4, 1158.9)
232.5866|(826.7, 1156.8)
232.6197|(827.4, 1151.0)
232.6363|(825.4, 1149.3)
232.6531|(825.9, 1139.5)
232.6699|(823.1, 1124.2)
232.6865|(824.9, 1124.9)
232.7032|(831.9, 1122.8)
232.7201|(827.7, 1125.8)
232.7367|(865.6, 1126.4)
232.77|(888.7, 1123.8)
232.7867|(889.7, 1123.7)
232.8034|(903.0, 1117.8)
232.8202|(901.5, 1115.7)
232.8367|(902.0, 1114.9)
232.8533|(906.7, 1109.1)
232.8701|(910.7, 1112.1)
232.887|(914.6, 1110.6)
233.0035|(837.5, 871.1)
233.0204|(761.5, 951.9)
233.0372|(758.8, 994.0)
233.0705|(757.7, 1019.6)
233.0872|(759.2, 1028.3)
233.1045|(761.8, 1032.3)
233.1205|(761.5, 1026.6)
233.1374|(765.2, 1026.4)
233.1539|(762.4, 1028.0)
233.1707|(763.0, 1031.6)
233.1872|(763.4, 1030.2)
233.2209|(762.9, 1032.1)
233.2375|(764.3, 1034.3)
233.2708|(765.2, 1033.4)
233.2876|(764.1, 1040.0)
233.3041|(746.9, 1045.1)
233.3212|(745.8, 1045.2)
233.3709|(719.8, 1045.4)
233.3876|(706.2, 1032.6)
233.4043|(706.5, 1030.5)
233.4212|(706.3, 1030.7)
233.4379|(701.3, 1036.4)
233.4544|(701.6, 1046.5)
233.4877|(707.1, 1044.7)
233.5379|(714.0, 1048.2)
233.5547|(714.4, 1048.3)
233.588|(778.3, 1027.2)
233.6048|(798.8, 1027.2)
233.6216|(800.0, 1028.4)
233.638|(802.8, 1032.6)
233.6715|(809.1, 1036.3)
233.6881|(816.6, 1039.4)
233.7215|(847.8, 1039.9)
233.7383|(868.6, 1044.7)
233.7549|(888.0, 1051.3)
233.7717|(891.9, 1050.2)
233.8216|(896.1, 1048.0)
233.8385|(900.2, 1040.1)
233.8717|(901.0, 1047.0)
233.8885|(899.3, 1051.5)
233.9051|(900.9, 1058.2)
233.9219|(957.5, 1089.4)
233.972|(1015.2, 1089.9)
233.9887|(1011.4, 1089.6)
234.0054|(1094.9, 1077.5)
234.0221|(1092.2, 1071.3)
234.0387|(1095.4, 1083.7)
234.0556|(1109.1, 1124.7)
234.0721|(1110.6, 1128.9)
234.0888|(1109.8, 1126.9)
234.1223|(1114.1, 1140.7)
234.139|(1108.2, 1125.3)
234.1556|(1093.4, 1066.8)
234.1724|(1094.4, 1068.8)
234.1889|(1087.4, 1050.0)
234.2056|(1089.9, 1056.5)
234.2225|(1092.6, 1066.2)
234.2392|(1095.5, 1077.2)
234.2724|(1098.1, 1081.8)
234.289|(1076.9, 1080.1)
234.3226|(1067.2, 1074.1)
234.3394|(1058.1, 1063.1)
234.356|(828.6, 981.6)
234.4395|(663.0, 915.4)
234.4561|(664.0, 917.3)
234.4728|(648.1, 934.9)
234.4894|(639.3, 913.2)
234.5063|(641.3, 920.0)
234.5229|(643.0, 912.8)
234.5395|(644.3, 910.6)
234.5729|(646.7, 902.1)
234.5898|(643.3, 905.0)
234.6064|(645.5, 903.3)
234.623|(645.5, 903.2)
234.6397|(652.1, 904.7)
234.6566|(657.4, 910.7)
234.673|(654.2, 913.0)
234.6898|(660.3, 913.7)
234.7232|(666.0, 929.8)
234.74|(668.4, 932.5)
234.7566|(682.8, 941.5)
234.7732|(691.5, 947.8)
234.79|(723.2, 974.8)
234.8069|(723.6, 977.7)
234.8233|(723.5, 978.9)
234.8402|(722.6, 978.1)
234.8734|(716.6, 977.2)
234.8902|(713.5, 975.0)
234.9071|(716.3, 970.0)
234.9235|(717.4, 968.7)
234.9401|(704.5, 967.2)
234.9568|(681.7, 969.0)
234.9737|(682.9, 969.4)
234.9904|(683.9, 969.4)
235.0238|(677.9, 968.7)
235.0406|(677.8, 966.0)
235.0571|(678.7, 963.1)
235.0739|(668.5, 958.5)
235.0907|(671.9, 958.0)
235.1072|(672.4, 960.0)
235.1238|(674.9, 958.8)
235.1406|(677.2, 954.5)
235.174|(679.6, 929.6)
235.1907|(681.6, 812.0)
235.2075|(683.3, 728.7)
235.224|(680.6, 668.4)
235.2407|(679.9, 530.3)
235.2574|(680.9, 524.1)
235.2743|(683.1, 524.0)
235.2908|(681.7, 522.5)
235.3243|(693.1, 516.5)
235.341|(691.0, 517.5)
235.3575|(689.1, 520.5)
235.3744|(688.7, 520.9)
235.3909|(703.5, 517.7)
235.4077|(715.1, 515.7)
235.4243|(720.6, 517.8)
235.4411|(724.2, 517.5)
235.4746|(724.8, 525.0)
235.4912|(723.9, 530.9)
235.508|(722.1, 548.4)
235.5246|(723.9, 551.9)
235.5413|(730.6, 564.9)
235.5579|(729.3, 567.9)
235.5747|(728.9, 568.5)
235.5913|(728.6, 572.2)
235.6247|(730.6, 579.7)
235.6414|(730.8, 577.1)
235.6579|(730.5, 579.4)
235.6749|(728.0, 576.6)
235.6916|(729.7, 581.8)
235.7083|(727.8, 585.2)
235.7249|(728.4, 585.0)
235.7415|(729.3, 585.7)
235.7752|(730.7, 587.6)
235.7917|(727.1, 586.4)
235.8083|(727.0, 585.3)
235.8249|(729.4, 574.8)
235.8419|(728.2, 555.5)
235.8584|(729.7, 516.5)
235.8753|(736.8, 244.3)
235.8918|(737.7, 228.9)
235.9253|(738.5, 229.5)
235.9419|(738.6, 198.0)
235.9588|(738.5, 168.1)
235.9752|(729.3, 168.1)
235.9919|(735.5, 165.8)
236.0088|(737.7, 161.0)
236.0254|(747.2, 189.0)
236.0422|(751.1, 176.8)
236.0756|(750.8, 175.9)
236.0922|(751.2, 190.7)
236.109|(754.5, 197.2)
236.1257|(755.1, 198.6)
236.1422|(739.6, 200.3)
236.1588|(746.5, 199.4)
236.1757|(738.9, 204.4)
236.1923|(737.0, 205.4)
236.2257|(730.8, 204.8)
236.2424|(730.8, 200.5)
236.2589|(731.3, 199.3)
236.2758|(730.0, 199.6)
236.2925|(730.2, 200.0)
236.3093|(729.9, 210.5)
236.3258|(730.1, 210.5)
236.3427|(731.4, 213.3)
236.3761|(733.9, 215.0)
236.3925|(737.2, 216.5)
236.4092|(740.6, 206.8)
236.4261|(732.2, 198.4)
236.4428|(710.4, 200.2)
236.4594|(697.9, 201.4)
236.4764|(691.7, 198.6)
236.4929|(688.9, 198.3)
236.5262|(682.7, 198.1)
236.5429|(681.2, 200.9)
236.5594|(681.5, 201.9)
236.5764|(681.2, 202.7)
236.5931|(682.2, 203.6)
236.6097|(681.9, 203.2)
236.6264|(680.8, 203.1)
236.6432|(679.6, 200.5)
236.6766|(678.0, 194.8)
236.693|(712.3, 168.4)
236.7266|(716.6, 163.6)
236.7432|(714.8, 162.9)
236.7598|(716.0, 162.1)
236.7766|(715.4, 160.6)
236.7933|(715.4, 158.8)
236.8267|(716.5, 157.6)
236.8436|(717.2, 156.7)
236.86|(715.3, 149.1)
236.8769|(726.5, 140.5)
236.8935|(737.3, 135.8)
236.9102|(737.0, 135.3)
236.9269|(737.7, 136.9)
236.9435|(736.6, 135.3)
236.9772|(738.0, 137.6)
236.9936|(733.3, 135.4)
237.0102|(732.0, 125.2)
237.0271|(731.4, 121.4)
237.0437|(732.4, 121.0)
237.0604|(759.7, 124.9)
237.0772|(782.5, 127.7)
237.0939|(801.1, 123.0)
237.1274|(810.1, 124.2)
237.144|(818.4, 126.3)
237.1608|(817.0, 123.4)
237.1775|(821.5, 129.7)
237.194|(821.7, 130.2)
237.2106|(816.3, 127.2)
237.2274|(814.2, 125.8)
237.244|(813.1, 125.4)
237.2776|(809.7, 123.4)
237.2942|(811.4, 124.6)
237.3109|(815.4, 126.3)
237.3275|(815.1, 127.2)
237.3442|(816.5, 132.2)
237.361|(816.8, 132.1)
237.3777|(820.0, 132.0)
237.3945|(834.3, 134.3)
237.4278|(844.5, 135.1)
237.4445|(852.1, 134.8)
237.4611|(865.1, 129.3)
237.4777|(865.0, 130.3)
237.4945|(864.6, 130.3)
237.5112|(865.9, 132.4)
237.7284|(703.6, 521.9)
237.7451|(702.7, 521.8)
237.7618|(702.3, 524.6)
237.7785|(703.9, 526.4)
237.795|(707.2, 522.8)
237.8116|(706.5, 523.9)
237.8284|(706.7, 522.6)
237.8451|(707.5, 523.7)
237.8783|(708.1, 524.0)
237.8951|(721.4, 545.1)
237.912|(722.8, 547.0)
237.9285|(733.0, 561.4)
237.9454|(727.3, 568.5)
237.962|(727.0, 569.2)
237.9786|(725.9, 568.3)
237.9954|(722.9, 565.9)
238.0287|(718.6, 565.6)
238.0453|(714.7, 569.7)
238.062|(714.1, 563.8)
238.0787|(717.5, 546.0)
238.0955|(719.6, 529.4)
238.112|(744.8, 328.4)
238.1289|(752.4, 287.3)
238.1456|(757.6, 251.0)
238.179|(767.7, 166.8)
238.1958|(770.4, 162.8)
238.2123|(768.4, 160.5)
238.2291|(765.8, 157.5)
238.2457|(761.2, 153.9)
238.2625|(769.2, 162.4)
238.2792|(764.7, 162.0)
238.296|(756.0, 157.7)
238.3292|(736.0, 145.5)
238.346|(710.6, 135.9)
238.3626|(715.5, 137.3)
238.3793|(706.5, 133.5)
238.3959|(699.7, 123.8)
238.4128|(699.1, 124.2)
238.4294|(698.3, 124.8)
238.4463|(701.8, 126.2)
238.4793|(698.9, 124.7)
238.4964|(674.9, 129.6)
238.5129|(664.5, 130.5)
238.5296|(665.8, 129.7)
238.5463|(659.6, 128.6)
238.563|(657.0, 131.6)
238.5799|(656.2, 132.5)
238.5964|(656.2, 130.8)
238.6297|(656.1, 130.6)
238.6464|(656.9, 129.1)
238.6631|(657.5, 130.6)
238.6797|(670.9, 168.0)
238.6964|(681.8, 331.9)
238.7134|(686.1, 443.1)
238.73|(688.9, 486.5)
238.7467|(690.1, 485.4)
238.78|(695.5, 534.7)
238.797|(700.0, 533.0)
238.8134|(697.8, 535.1)
238.83|(700.4, 536.7)
238.8467|(700.9, 537.3)
238.8636|(703.1, 536.9)
238.8802|(706.6, 535.7)
238.8969|(708.6, 533.2)
238.9301|(713.1, 532.1)
238.9469|(713.4, 528.6)
238.9635|(704.0, 534.3)
238.9805|(703.4, 535.3)
238.997|(703.9, 535.7)
239.0137|(694.5, 519.5)
239.0305|(680.1, 504.3)
239.0471|(675.3, 503.1)
239.0805|(675.6, 500.8)
239.0971|(675.6, 500.7)
239.1139|(674.7, 498.8)
239.1305|(671.8, 496.5)
239.1473|(669.5, 494.4)
239.1638|(670.9, 494.8)
239.1808|(671.3, 494.6)
239.1974|(666.3, 493.5)
239.2308|(669.8, 499.9)
239.2475|(670.2, 501.7)
239.2641|(670.1, 504.4)
239.2809|(668.9, 503.6)
239.2976|(668.2, 501.4)
239.3143|(664.4, 502.1)
239.331|(654.3, 502.4)
239.3475|(651.7, 502.7)
239.381|(651.1, 501.8)
239.3977|(648.4, 502.9)
239.4144|(649.9, 505.1)
239.431|(649.2, 504.5)
239.4478|(686.9, 477.7)
239.4646|(690.1, 477.0)
239.4812|(692.1, 475.6)
239.4977|(693.7, 476.1)
239.5311|(697.2, 473.7)
239.5478|(697.4, 473.5)
239.5647|(697.3, 472.6)
239.5814|(701.3, 470.1)
239.5979|(704.4, 471.4)
239.6148|(708.1, 482.1)
239.6313|(722.0, 484.5)
239.6482|(780.5, 494.7)
239.6646|(805.2, 497.1)
239.6817|(807.5, 493.7)
239.6982|(808.7, 494.8)
239.7148|(807.9, 486.9)
239.7314|(802.3, 480.8)
239.7485|(803.5, 481.3)
239.765|(804.6, 484.3)
239.7819|(806.3, 486.3)
239.7982|(806.8, 485.8)
239.8316|(816.6, 483.9)
239.8484|(830.1, 487.3)
239.8651|(907.1, 487.9)
239.8819|(916.3, 485.9)
239.8985|(925.7, 486.0)
239.9155|(928.5, 485.8)
239.9318|(929.4, 485.4)
239.9486|(931.0, 483.0)
239.9821|(935.6, 483.7)
239.9988|(942.7, 488.6)
240.0153|(946.0, 490.1)
240.0322|(946.9, 492.1)
240.0488|(941.8, 490.3)
240.0656|(940.0, 489.5)
240.0821|(935.1, 488.7)
240.0988|(929.9, 470.4)
240.1154|(861.5, 137.5)
240.1322|(859.2, 126.9)
240.1489|(857.8, 123.1)
240.1658|(856.3, 116.4)
240.1823|(850.6, 106.0)
240.1992|(851.4, 105.2)
240.2157|(850.1, 103.8)
240.2324|(849.2, 104.4)
240.2492|(847.2, 104.5)
240.2657|(797.7, 121.5)
240.2827|(787.1, 118.1)
240.2992|(778.0, 121.2)
240.316|(770.9, 126.6)
240.3326|(773.8, 128.2)
240.3494|(775.0, 126.1)
240.3661|(764.6, 127.0)
240.3826|(764.7, 127.8)
240.3993|(762.5, 130.6)
240.4329|(761.0, 134.4)
240.4494|(756.9, 139.2)
240.4662|(753.4, 142.3)
240.4828|(741.6, 146.3)
240.4994|(733.7, 147.7)
240.5162|(730.3, 144.4)
240.5328|(729.5, 143.7)
240.5496|(726.1, 142.8)
240.5662|(718.7, 140.5)
240.583|(720.3, 141.1)
240.5997|(715.0, 139.9)
240.6164|(712.2, 139.3)
240.6331|(710.4, 137.9)
240.6499|(706.4, 136.2)
240.6665|(706.0, 136.6)
240.6831|(717.6, 139.3)
240.6997|(758.8, 149.0)
240.7165|(779.0, 150.2)
240.7331|(778.3, 149.7)
240.75|(779.5, 147.2)
240.7666|(813.4, 125.9)
240.7834|(816.4, 124.6)
240.8001|(813.5, 128.0)
240.8168|(813.1, 129.3)
240.8333|(810.2, 136.1)
240.8669|(808.7, 145.0)
240.8835|(807.8, 145.2)
240.9001|(805.0, 136.1)
241.1173|(781.8, 10.0)
241.1338|(820.2, 36.8)
241.1506|(841.1, 45.9)
241.1673|(854.1, 61.7)
241.1841|(859.6, 94.3)
241.2008|(862.5, 109.3)
241.2178|(861.4, 116.8)
241.2341|(859.8, 121.1)
241.2509|(853.7, 134.1)
241.2674|(854.8, 137.6)
241.284|(864.3, 137.1)
241.3176|(869.5, 140.4)
241.3342|(869.8, 139.5)
241.3509|(871.7, 138.2)
241.3676|(866.6, 134.8)
241.8852|(754.9, 15.4)
241.9187|(761.8, 58.4)
242.0687|(663.0, 422.8)
242.1022|(671.5, 469.4)
242.1187|(690.5, 511.6)
242.1357|(680.2, 579.5)
242.1521|(684.1, 571.8)
242.1688|(688.6, 561.3)
242.1857|(695.1, 570.6)
242.2192|(696.3, 558.2)
242.2357|(700.9, 556.3)
242.2524|(697.4, 553.9)
242.2691|(696.8, 550.8)
242.2859|(698.7, 551.3)
242.3025|(668.8, 522.0)
242.3192|(664.3, 515.0)
242.3359|(661.4, 510.7)
242.3693|(657.6, 506.9)
242.3859|(656.9, 506.0)
242.4026|(657.9, 502.6)
242.4196|(659.2, 501.7)
242.4363|(658.9, 500.5)
242.4527|(658.7, 500.8)
242.4694|(658.8, 500.3)
242.4861|(654.5, 497.5)
242.5197|(647.7, 496.8)
242.5362|(644.3, 492.6)
242.5529|(643.0, 492.8)
242.5698|(641.3, 490.4)
242.5863|(641.7, 492.1)
242.6032|(649.1, 490.5)
242.6197|(658.8, 484.8)
242.6365|(660.0, 469.8)
242.6697|(663.9, 452.7)
242.6867|(664.9, 447.7)
242.7033|(673.9, 437.5)
242.7199|(672.0, 437.2)
242.7365|(672.5, 436.6)
242.7531|(673.2, 436.1)
242.7697|(669.7, 431.2)
242.7866|(666.3, 432.3)
242.8201|(668.6, 432.4)
242.8367|(674.3, 433.6)
242.8536|(673.3, 432.5)
242.8702|(676.4, 433.1)
242.8869|(679.4, 432.8)
242.9034|(700.7, 422.8)
242.9202|(711.4, 416.5)
242.9369|(726.4, 407.2)
242.9703|(753.8, 399.0)
242.9872|(757.0, 396.4)
243.0037|(758.1, 395.1)
243.0204|(757.1, 397.9)
243.0371|(757.9, 398.6)
243.0537|(757.9, 398.2)
243.0704|(758.5, 394.2)
243.0872|(768.6, 383.8)
243.1206|(787.3, 335.0)
243.1373|(808.8, 224.4)
243.154|(823.3, 173.4)
243.1707|(826.6, 153.7)
243.1872|(840.9, 89.1)
243.2041|(844.6, 82.8)
243.2207|(845.3, 82.5)
243.2374|(845.5, 82.5)
243.2708|(833.4, 95.8)
243.2877|(831.2, 96.2)
243.3043|(831.6, 97.2)
243.3209|(831.1, 98.6)
243.3376|(828.3, 100.5)
243.3542|(822.2, 105.6)
243.371|(820.9, 107.7)
243.3878|(817.4, 112.1)
243.4211|(805.0, 125.3)
243.4378|(805.0, 126.5)
243.4547|(806.5, 126.5)
243.4713|(806.6, 126.3)
243.4878|(806.6, 125.3)
243.5048|(803.6, 120.2)
243.5214|(803.1, 119.0)
243.5379|(805.7, 119.8)
243.5713|(806.3, 119.7)
243.588|(804.9, 120.3)
243.6047|(802.4, 121.7)
243.6216|(802.9, 123.2)
243.638|(806.6, 125.7)
243.6548|(810.5, 123.3)
243.6716|(809.0, 122.9)
243.6881|(814.4, 124.7)
243.7216|(813.9, 123.9)
243.7382|(814.5, 124.9)
243.755|(820.0, 131.1)
243.7715|(819.0, 129.6)
243.7883|(819.5, 128.4)
243.805|(834.5, 126.0)
243.8217|(836.6, 120.6)
243.8384|(840.7, 115.4)
243.8718|(858.1, 104.0)
243.8886|(856.0, 107.1)
243.9052|(867.2, 105.3)
243.922|(873.9, 107.1)
243.9385|(876.9, 117.5)
243.9553|(875.0, 121.3)
243.9721|(869.4, 125.7)
243.9887|(870.3, 125.4)
244.0222|(860.3, 155.2)
244.0388|(838.0, 282.4)
244.0555|(823.9, 342.3)
244.0721|(809.1, 406.1)
244.0888|(808.6, 409.5)
244.1055|(765.9, 602.8)
244.1222|(767.2, 606.1)
244.1388|(766.9, 604.0)
244.1724|(767.5, 603.9)
244.1892|(765.9, 599.5)
244.2058|(767.2, 600.1)
244.2224|(766.0, 601.7)
244.239|(765.7, 602.5)
244.2556|(762.0, 610.6)
244.2723|(761.6, 612.3)
244.2892|(758.3, 615.0)
244.3228|(756.7, 616.4)
244.3392|(753.0, 610.8)
244.356|(745.5, 604.3)
244.3726|(731.5, 595.2)
244.3892|(721.4, 593.5)
244.406|(720.9, 593.7)
244.4227|(721.3, 593.5)
244.4394|(715.9, 592.9)
244.4729|(716.3, 593.6)
244.4896|(714.4, 593.7)
244.5063|(716.4, 597.5)
244.5228|(715.7, 594.9)
244.5396|(722.5, 588.9)
244.5569|(721.0, 588.4)
244.573|(719.7, 587.5)
244.5897|(717.5, 588.0)
244.6232|(716.0, 586.7)
244.6398|(714.3, 584.9)
244.6565|(713.2, 586.4)
244.6731|(713.9, 586.4)
244.6899|(712.3, 582.4)
244.7065|(717.6, 574.8)
244.7232|(718.9, 568.1)
244.7398|(720.9, 566.5)
244.7733|(723.4, 544.7)
244.7902|(726.0, 533.4)
244.8066|(739.6, 495.8)
244.8234|(748.9, 457.0)
244.84|(749.8, 449.9)
244.8568|(751.3, 449.2)
244.8735|(749.0, 450.5)
244.8901|(745.0, 451.1)
244.9237|(749.0, 445.7)
244.9404|(751.2, 444.0)
245.1907|(854.6, 13.2)
245.2242|(855.7, 14.0)
245.2408|(859.4, 38.9)
245.2574|(848.3, 55.0)
245.2741|(850.3, 55.6)
245.2908|(838.0, 57.2)
245.3075|(824.1, 62.6)
245.3244|(808.8, 65.8)
245.341|(794.2, 70.3)
245.3744|(779.3, 71.9)
245.391|(784.9, 66.2)
245.4076|(788.8, 69.4)
245.4243|(788.4, 66.2)
245.441|(785.5, 70.9)
245.4579|(778.0, 70.8)
245.4743|(778.1, 71.1)
245.4911|(779.2, 77.6)
245.5246|(781.5, 78.6)
245.5413|(782.0, 76.0)
245.5579|(783.1, 74.0)
245.5917|(779.5, 63.0)
245.608|(740.2, 79.1)
245.6246|(754.2, 73.6)
245.6414|(735.3, 84.9)
245.6747|(707.8, 105.5)
245.6916|(707.6, 104.6)
245.7082|(709.1, 102.4)
245.7248|(717.2, 123.1)
245.7416|(718.0, 121.9)
245.7582|(717.7, 120.5)
245.775|(717.7, 120.6)
245.7919|(717.2, 120.6)
245.8251|(713.8, 108.6)
245.8416|(713.3, 108.6)
245.8585|(712.6, 113.8)
245.8752|(725.2, 112.1)
245.9086|(757.9, 101.2)
245.9253|(756.0, 102.5)
245.9753|(790.2, 100.8)
246.0086|(834.4, 118.2)
246.0254|(835.9, 116.0)
246.0422|(837.0, 112.0)
246.0588|(836.3, 112.7)
246.0754|(835.0, 116.2)
246.0922|(834.3, 119.8)
246.1258|(828.0, 128.9)
246.1422|(829.5, 127.9)
246.1588|(828.6, 131.0)
246.1757|(811.7, 151.0)
246.1924|(810.9, 152.0)
246.209|(814.7, 149.7)
246.2258|(813.8, 148.6)
246.2426|(811.5, 148.2)
246.2758|(808.1, 145.1)
246.2923|(807.7, 145.8)
246.309|(808.7, 148.2)
246.3259|(812.2, 147.5)
246.3425|(818.5, 146.2)
246.3593|(820.1, 147.0)
246.3761|(814.0, 147.2)
246.3927|(746.1, 143.6)
246.4262|(735.2, 142.8)
246.4426|(733.9, 141.6)
246.4594|(733.2, 140.6)
246.476|(728.4, 142.8)
246.4928|(728.2, 145.3)
246.5095|(728.8, 146.3)
246.5262|(728.8, 146.4)
246.543|(727.4, 144.7)
246.5765|(729.2, 147.4)
246.5929|(726.6, 142.9)
246.6098|(725.7, 141.0)
246.6267|(720.8, 141.4)
246.6431|(710.9, 148.2)
246.6597|(705.5, 148.4)
246.6765|(689.2, 147.1)
246.6932|(688.0, 146.9)
246.7266|(696.0, 144.7)
246.7433|(694.8, 146.9)
246.7599|(700.1, 151.8)
246.7766|(705.1, 152.5)
246.7933|(709.7, 152.1)
246.8098|(708.4, 149.3)
246.8267|(707.3, 146.8)
246.8434|(708.4, 144.9)
246.8769|(705.5, 148.2)
246.8935|(705.4, 148.2)
246.9101|(706.4, 141.0)
246.9268|(705.6, 134.2)
246.9604|(700.4, 107.5)
247.194|(695.7, 20.9)
247.211|(698.3, 20.5)
247.2274|(705.4, 20.8)
247.2442|(722.6, 30.4)
247.2608|(780.0, 49.2)
247.2777|(788.9, 54.3)
247.2943|(808.6, 88.5)
247.3274|(819.8, 82.4)
247.3441|(822.6, 101.2)
247.3609|(828.7, 110.0)
247.3775|(840.5, 129.9)
247.3943|(841.6, 129.2)
247.4111|(842.4, 138.0)
247.4277|(841.4, 132.3)
247.4445|(839.8, 136.8)
247.478|(840.1, 135.8)
247.4944|(844.2, 142.7)
247.5111|(846.1, 147.5)
247.5278|(844.1, 146.9)
247.5445|(842.1, 153.3)
247.5612|(825.9, 151.0)
247.578|(807.2, 150.8)
247.5948|(798.4, 152.5)
247.6281|(781.3, 148.5)
247.6448|(781.4, 149.0)
247.6617|(778.0, 152.5)
247.6781|(778.7, 156.1)
247.6947|(776.4, 156.6)
247.7116|(778.9, 154.1)
247.7283|(776.9, 155.2)
247.745|(780.5, 155.1)
247.7782|(782.2, 153.9)
247.7949|(783.8, 148.1)
247.8119|(783.4, 147.3)
247.8282|(772.6, 134.2)
247.862|(777.3, 128.1)
248.1289|(735.0, 11.3)
248.1624|(719.7, 11.9)
248.8802|(760.9, 89.2)
248.8969|(742.6, 113.3)
248.9302|(755.3, 175.2)
248.9469|(760.5, 192.6)
248.9802|(785.1, 96.1)
249.1806|(817.7, 49.7)
249.1973|(843.5, 80.1)
249.214|(833.0, 90.2)
249.2308|(818.8, 102.1)
249.2474|(821.2, 100.8)
249.4309|(609.1, 489.7)
249.4644|(629.2, 550.5)
249.4811|(650.2, 560.4)
249.4979|(667.6, 547.5)
249.5146|(678.7, 534.7)
249.5312|(650.4, 581.2)
249.5477|(649.4, 585.0)
249.5645|(644.4, 591.3)
249.5813|(648.1, 583.4)
249.598|(647.3, 581.5)
249.6147|(642.3, 586.1)
249.6315|(641.5, 587.7)
249.6481|(640.2, 593.1)
249.665|(637.8, 596.3)
249.6815|(638.1, 594.1)
249.6979|(638.6, 586.9)
249.7317|(646.0, 588.3)
249.7483|(642.7, 585.2)
249.7649|(645.3, 577.3)
249.7817|(640.6, 563.8)
249.7984|(643.3, 567.6)
249.815|(635.2, 552.8)
249.8318|(636.5, 551.7)
249.8484|(636.9, 549.9)
249.8818|(633.8, 552.1)
249.8986|(636.2, 549.7)
249.9152|(640.1, 549.9)
249.932|(653.0, 551.5)
249.9485|(687.7, 589.9)
249.9653|(681.3, 580.8)
249.982|(675.4, 572.6)
249.9986|(690.2, 582.6)
250.0153|(717.1, 600.8)
250.032|(718.6, 595.4)
250.0488|(715.8, 595.2)
250.0656|(716.0, 594.6)
250.0821|(715.6, 592.2)
250.0988|(715.0, 591.5)
250.1157|(712.1, 590.8)
250.1322|(711.2, 591.4)
250.1489|(715.0, 604.3)
250.1655|(714.9, 606.4)
250.1826|(719.0, 601.8)
250.1991|(718.0, 605.2)
250.2156|(716.0, 603.2)
250.2324|(713.5, 595.8)
250.2491|(696.5, 606.7)
250.2658|(679.4, 624.6)
250.2825|(670.7, 635.5)
250.2991|(653.8, 655.1)
250.3157|(639.6, 669.9)
250.3328|(639.1, 670.8)
250.366|(633.1, 672.9)
250.3827|(633.7, 673.6)
250.4162|(644.9, 678.7)
250.4327|(646.3, 677.9)
250.4492|(645.1, 675.2)
250.466|(649.2, 680.7)
250.4828|(649.9, 680.8)
250.4996|(648.8, 681.1)
250.5164|(641.5, 686.4)
250.5329|(638.7, 692.5)
250.5496|(636.3, 700.4)
250.5663|(637.5, 701.1)
250.5829|(639.6, 697.3)
250.5996|(639.8, 697.1)
250.6162|(642.4, 703.0)
250.633|(642.4, 706.7)
250.6498|(645.1, 709.8)
250.6665|(646.8, 721.0)
250.6832|(648.4, 722.0)
250.6997|(649.4, 727.4)
250.7166|(650.9, 730.4)
250.7332|(651.7, 731.0)
250.7666|(653.0, 735.4)
250.7834|(653.9, 740.2)
250.8|(655.8, 745.5)
250.8167|(660.1, 739.6)
250.8334|(661.4, 737.2)
250.85|(660.4, 734.5)
250.8669|(650.0, 731.9)
250.8834|(647.3, 732.2)
250.9|(646.3, 732.3)
250.9168|(643.8, 733.2)
250.9337|(644.0, 733.1)
250.9502|(894.1, 667.8)
250.967|(905.5, 684.1)
250.9837|(912.4, 687.1)
251.0005|(919.9, 677.3)
251.0171|(928.1, 679.4)
251.0337|(928.6, 680.8)
251.0504|(933.2, 678.6)
251.067|(937.8, 684.9)
251.0837|(941.1, 689.7)
251.1004|(944.4, 691.6)
251.1172|(939.0, 689.6)
251.134|(937.7, 682.9)
251.1507|(912.6, 667.9)
251.1673|(777.4, 543.4)
251.1839|(728.3, 492.5)
251.2175|(697.3, 459.5)
251.2342|(696.3, 456.3)
251.2508|(690.8, 448.9)
251.2677|(690.7, 452.3)
251.2842|(690.8, 450.7)
251.3174|(693.6, 446.8)
251.3344|(681.7, 444.1)
251.3676|(687.9, 435.6)
251.3842|(693.3, 442.8)
251.4011|(692.8, 440.4)
251.4178|(695.6, 447.5)
251.4344|(694.9, 441.5)
251.4512|(697.7, 448.6)
251.4677|(697.3, 448.6)
251.4845|(693.0, 448.2)
251.5179|(693.9, 453.9)
251.5346|(697.7, 455.7)
251.5514|(698.1, 453.0)
251.568|(700.7, 451.4)
251.5848|(702.6, 449.0)
251.6013|(713.7, 442.4)
251.6181|(718.4, 439.0)
251.6345|(725.8, 431.1)
251.6683|(743.3, 410.9)
251.6848|(743.6, 407.2)
251.7015|(746.5, 408.5)
251.7184|(748.7, 411.2)
251.7351|(747.5, 413.3)
251.7516|(745.3, 418.8)
251.7681|(749.4, 418.4)
251.7851|(752.9, 417.9)
251.8685|(747.0, 363.3)
251.8853|(780.4, 133.6)
251.9019|(790.6, 21.0)
252.002|(845.8, 17.6)
252.0185|(849.1, 22.0)
252.0353|(851.5, 14.2)
252.052|(851.2, 23.0)
252.0686|(849.6, 26.6)
252.0854|(766.4, 25.6)
252.1188|(758.9, 32.0)
252.1358|(753.4, 32.5)
252.1524|(732.7, 38.5)
252.1689|(730.6, 36.8)
252.1856|(728.6, 27.1)
252.2023|(731.5, 11.7)
252.219|(727.8, 2.2)
252.2357|(723.4, 2.2)
252.6532|(810.5, 19.1)
252.6697|(808.8, 28.0)
252.6866|(819.9, 17.7)
252.7199|(822.8, 16.2)
252.7534|(839.4, 11.0)
252.77|(836.4, 22.0)
252.7868|(830.9, 34.4)
252.8033|(821.8, 45.9)
252.8367|(818.0, 58.8)
252.8701|(866.9, 52.9)
252.8868|(872.8, 51.5)
252.9037|(861.2, 46.3)
252.9538|(885.8, 40.7)
253.0871|(577.3, 212.8)
253.1039|(510.3, 313.8)
253.1208|(510.4, 355.1)
253.1373|(568.1, 414.1)
253.1707|(567.8, 415.4)
253.1873|(592.2, 513.7)
253.204|(607.1, 561.8)
253.2207|(603.1, 569.9)
253.2373|(596.4, 578.7)
253.254|(598.2, 602.0)
253.2707|(600.4, 602.8)
253.2875|(600.4, 602.9)
253.321|(599.5, 606.7)
253.3376|(598.5, 606.3)
253.3542|(596.9, 605.5)
253.371|(598.7, 607.0)
253.3876|(600.7, 606.0)
253.4045|(616.4, 680.0)
253.4213|(618.4, 693.8)
253.4378|(627.0, 707.4)
253.4709|(632.6, 717.3)
253.4878|(629.2, 722.9)
253.5045|(633.5, 716.4)
253.5212|(634.6, 720.3)
253.538|(630.2, 722.3)
253.5545|(630.1, 715.8)
253.5714|(628.6, 721.0)
253.588|(641.5, 734.5)
253.6215|(642.9, 734.8)
253.6379|(646.3, 732.9)
253.6547|(644.5, 730.9)
253.6713|(643.5, 731.5)
253.688|(643.4, 732.8)
253.7048|(634.6, 729.2)
253.7215|(634.4, 729.5)
253.7383|(629.2, 726.8)
253.7717|(620.4, 722.2)
253.7883|(621.1, 722.4)
253.8051|(622.3, 722.2)
253.8219|(634.0, 720.9)
253.8383|(647.1, 720.6)
253.8551|(645.3, 721.7)
253.8718|(641.3, 722.8)
253.8885|(641.9, 724.8)
253.9219|(637.8, 731.9)
253.9388|(630.3, 736.1)
253.9553|(629.5, 736.6)
253.972|(623.2, 733.9)
253.9885|(617.0, 729.8)
254.0052|(611.8, 734.8)
254.0219|(613.0, 736.0)
254.0387|(611.4, 739.2)
254.0723|(610.1, 744.9)
254.0889|(612.2, 748.4)
254.1055|(611.1, 750.3)
254.1222|(613.9, 750.3)
254.1389|(616.3, 747.0)
254.1557|(605.6, 751.4)
254.1724|(606.8, 751.3)
254.189|(608.4, 752.8)
254.2224|(607.8, 753.2)
254.2392|(608.2, 753.6)
254.2558|(609.0, 753.8)
254.2723|(613.3, 758.8)
254.2892|(615.4, 762.4)
254.3058|(617.7, 761.1)
254.3227|(618.8, 757.5)
254.3393|(614.1, 756.9)
254.3726|(619.8, 753.4)
254.3894|(621.4, 751.8)
254.4062|(622.1, 750.3)
254.4225|(625.8, 747.1)
254.4394|(627.1, 746.3)
254.4562|(649.0, 736.8)
254.4728|(676.4, 735.5)
254.4896|(692.0, 733.0)
254.5229|(715.1, 728.8)
254.5397|(714.9, 715.9)
254.5564|(718.9, 721.5)
254.5728|(719.7, 720.2)
254.5895|(723.0, 715.3)
254.6064|(729.0, 713.3)
254.6229|(731.0, 713.6)
254.6398|(733.0, 714.3)
254.6732|(726.3, 716.2)
254.6899|(730.6, 714.5)
254.7064|(870.8, 668.8)
254.7231|(877.2, 671.6)
254.7401|(886.5, 671.0)
254.7565|(896.1, 671.3)
254.7734|(895.0, 670.4)
254.7901|(913.4, 681.2)
254.8234|(913.6, 677.2)
254.8402|(914.7, 677.6)
254.8568|(913.9, 672.7)
254.8735|(913.7, 671.5)
254.89|(916.0, 672.2)
254.9069|(940.3, 675.0)
254.9235|(963.8, 674.9)
254.9402|(1041.4, 676.3)
254.9737|(1280.4, 663.1)
254.9904|(1376.6, 665.1)
255.0072|(1557.4, 662.1)
255.0237|(1632.0, 657.0)
255.0404|(1675.7, 679.6)
255.0571|(1687.2, 662.4)
255.0738|(1690.1, 659.1)
255.0906|(1708.0, 666.3)
255.1239|(1705.6, 658.3)
255.1405|(1691.6, 628.5)
255.1572|(1689.5, 627.5)
255.1739|(1668.1, 624.5)
255.1907|(1673.6, 623.4)
255.2074|(1674.4, 623.8)
255.224|(1684.4, 643.4)
255.2408|(1688.9, 637.0)
255.2743|(1638.5, 647.4)
255.3077|(1421.7, 666.5)
255.3242|(845.8, 682.0)
255.3409|(733.6, 696.6)
255.3576|(735.1, 694.9)
255.3745|(726.7, 696.0)
255.391|(724.5, 698.5)
255.4244|(727.2, 702.8)
255.4412|(724.4, 699.8)
255.4578|(729.1, 702.3)
255.4746|(731.3, 709.3)
255.4913|(735.4, 704.7)
255.5078|(737.4, 697.9)
255.5245|(728.9, 696.3)
255.5412|(730.7, 701.4)
255.5747|(737.2, 704.4)
255.5914|(738.7, 702.2)
255.608|(778.6, 694.1)
255.6246|(879.8, 667.3)
255.6415|(885.9, 664.1)
255.6581|(888.0, 662.7)
255.6749|(886.9, 662.6)
255.6917|(879.5, 661.7)
255.7249|(878.8, 659.2)
255.7415|(876.3, 660.0)
255.7582|(870.6, 661.1)
255.775|(864.2, 657.2)
255.7916|(867.1, 656.3)
255.8083|(867.0, 656.7)
255.825|(865.7, 655.6)
255.8418|(862.1, 657.1)
255.8752|(862.9, 657.2)
255.8919|(865.2, 656.8)
255.9084|(867.2, 654.6)
255.9252|(868.8, 655.9)
255.9419|(854.4, 651.9)
255.9587|(853.0, 651.4)
255.9752|(855.4, 653.6)
255.992|(848.6, 658.9)
256.0255|(849.6, 660.3)
256.042|(847.4, 662.7)
256.0589|(840.6, 667.0)
256.0757|(842.3, 664.8)
256.0921|(842.7, 659.1)
256.1255|(849.2, 656.5)
256.1422|(850.0, 657.6)
256.1759|(1111.4, 630.8)
256.1925|(1088.4, 626.0)
256.2092|(1126.1, 592.9)
256.2264|(1166.1, 589.7)
256.2593|(1198.6, 597.8)
256.2759|(1237.8, 594.6)
256.2929|(1301.0, 605.1)
256.3261|(1384.9, 625.3)
256.3426|(1444.5, 613.7)
256.3593|(1593.9, 601.4)
256.4094|(1653.6, 599.1)
256.4928|(1729.4, 540.4)
256.5098|(1772.8, 612.3)
256.543|(1792.9, 630.0)
256.5596|(1807.2, 638.8)
256.5931|(1777.7, 622.6)
256.643|(1748.3, 574.2)
256.81|(733.3, 960.4)
256.8267|(730.6, 968.9)
