133.4753|(1730.2, 645.4)
133.5748|(1755.1, 656.1)
133.6104|(1765.2, 655.5)
133.6439|(1729.7, 662.7)
133.6593|(1728.8, 664.4)
133.6762|(1743.0, 654.6)
133.6922|(1748.5, 653.6)
133.7257|(1752.1, 647.7)
133.7427|(1757.7, 647.2)
133.7593|(1785.3, 665.7)
133.7758|(1806.4, 691.6)
133.7925|(1790.7, 687.8)
133.8095|(1786.7, 682.4)
133.8425|(1791.8, 690.4)
133.8761|(1811.5, 704.2)
133.8929|(1165.4, 761.9)
133.9096|(916.9, 777.2)
133.9263|(916.2, 785.2)
133.9433|(921.5, 779.2)
133.9599|(918.4, 789.4)
133.9763|(919.9, 782.3)
133.9931|(922.5, 780.5)
134.0273|(921.1, 794.8)
134.0437|(920.5, 796.8)
134.0602|(855.7, 978.5)
134.0768|(838.7, 1020.8)
134.0932|(806.7, 1107.8)
134.1105|(823.7, 1076.8)
134.1268|(827.8, 1084.0)
134.1434|(816.4, 1102.3)
134.1763|(826.6, 1054.5)
134.1929|(828.4, 1053.9)
134.2101|(832.0, 1059.8)
134.2274|(828.1, 1061.8)
134.2447|(822.3, 1067.0)
134.2601|(812.8, 1074.3)
134.2767|(787.4, 1093.1)
134.2929|(775.0, 1104.4)
134.3265|(758.0, 1120.9)
134.343|(756.5, 1123.1)
134.3601|(744.8, 1137.6)
134.3768|(743.4, 1137.7)
134.3939|(746.1, 1155.8)
134.4107|(746.2, 1153.0)
134.4275|(745.4, 1141.0)
134.4433|(746.0, 1145.6)
134.4765|(761.0, 1149.6)
134.4937|(759.0, 1145.4)
134.5102|(760.1, 1143.6)
134.5269|(752.9, 1135.3)
134.5441|(743.2, 1105.8)
134.5598|(744.6, 1097.4)
134.5769|(746.2, 1096.1)
134.5931|(745.9, 1106.0)
134.6268|(748.1, 1119.4)
134.6439|(749.5, 1126.7)
134.6612|(755.7, 1126.8)
134.6774|(754.5, 1125.9)
134.6944|(743.9, 1116.0)
134.7107|(729.3, 1118.0)
134.727|(732.2, 1109.7)
134.7439|(717.5, 1099.3)
134.7772|(709.0, 1095.6)
134.7944|(702.4, 1089.8)
134.8274|(701.6, 1089.2)
134.8449|(717.6, 1103.4)
134.8607|(718.8, 1106.1)
134.8774|(718.2, 1111.6)
134.8938|(715.7, 1126.7)
134.928|(719.4, 1113.1)
134.9446|(716.8, 1094.3)
134.9609|(716.0, 1094.2)
134.9781|(717.9, 1084.4)
134.9949|(715.1, 1057.0)
135.011|(711.2, 1037.8)
135.0275|(714.8, 1038.2)
135.0444|(747.7, 1037.4)
135.0778|(731.7, 1035.7)
135.0948|(760.2, 1054.6)
135.1125|(774.8, 1056.6)
135.1285|(780.5, 1064.8)
135.1451|(781.1, 1071.0)
135.1612|(792.3, 1073.8)
135.1781|(801.3, 1090.7)
135.1947|(804.3, 1092.8)
135.2279|(788.9, 1103.5)
135.245|(793.8, 1104.4)
135.2618|(770.2, 1051.7)
135.2782|(745.7, 1009.1)
135.2958|(746.2, 1022.3)
135.3118|(745.5, 1017.1)
135.3279|(743.1, 992.5)
135.3448|(741.9, 985.4)
135.3786|(744.4, 978.7)
135.3952|(747.7, 963.3)
135.4123|(755.6, 967.4)
135.429|(768.0, 965.8)
135.446|(776.8, 968.6)
135.4783|(774.0, 969.4)
135.4951|(772.8, 969.9)
135.5286|(750.6, 953.5)
135.5454|(751.1, 953.7)
135.5792|(750.5, 963.8)
135.612|(754.0, 967.2)
135.629|(753.4, 969.1)
135.6456|(754.1, 970.6)
135.6788|(756.3, 989.8)
135.6956|(756.8, 992.1)
135.7131|(769.7, 975.7)
135.7293|(740.3, 1109.7)
135.7458|(743.1, 1106.1)
135.7621|(740.3, 1123.5)
135.7788|(744.6, 1121.6)
135.7957|(745.0, 1097.8)
135.829|(743.5, 1122.3)
135.8463|(745.3, 1117.9)
135.8626|(770.2, 1090.7)
135.8796|(816.4, 1095.0)
135.8961|(816.0, 1102.1)
135.9123|(816.1, 1118.5)
135.9295|(817.2, 1120.2)
135.9461|(819.7, 1128.1)
135.9794|(821.1, 1151.1)
135.9959|(821.3, 1150.4)
136.0131|(815.5, 1152.7)
136.0299|(814.7, 1166.9)
136.0459|(823.3, 1194.6)
136.0625|(818.5, 1194.3)
136.0795|(818.1, 1188.8)
136.0967|(818.4, 1184.9)
136.1298|(824.9, 1177.4)
136.1464|(825.7, 1182.0)
136.163|(820.5, 1140.8)
136.1803|(820.7, 1139.3)
136.1962|(822.9, 1152.5)
136.2128|(822.6, 1151.2)
136.2296|(820.6, 1149.8)
136.2465|(818.7, 1140.6)
136.2804|(822.4, 1149.3)
136.2973|(819.7, 1137.4)
136.3139|(823.8, 1160.4)
136.3313|(822.7, 1163.0)
136.3466|(814.4, 1175.2)
136.3632|(799.6, 1165.6)
136.3803|(803.2, 1169.7)
136.3966|(788.5, 1150.9)
136.4304|(740.1, 1076.6)
136.4468|(731.7, 1081.3)
136.4639|(731.3, 1071.3)
136.4811|(725.1, 1065.3)
136.5133|(723.6, 1061.7)
136.53|(722.8, 1053.2)
136.5807|(717.6, 1047.2)
136.5976|(718.5, 1041.3)
136.6143|(703.8, 1137.9)
136.6305|(713.3, 1110.0)
136.6471|(711.0, 1119.7)
136.6637|(711.1, 1119.7)
136.6806|(710.5, 1120.8)
136.7971|(748.0, 1074.2)
136.8137|(798.3, 963.5)
136.8309|(789.1, 984.6)
136.8479|(812.8, 968.0)
136.8809|(806.7, 987.1)
136.8976|(791.6, 1020.3)
136.9148|(769.0, 1072.3)
136.931|(763.9, 1093.4)
136.9474|(764.2, 1093.5)
136.9643|(760.0, 1091.6)
136.981|(759.5, 1084.7)
136.9976|(762.6, 1080.3)
137.0313|(762.8, 1088.9)
137.0484|(761.2, 1094.7)
137.0652|(762.0, 1102.7)
137.081|(769.1, 1103.2)
137.0977|(789.0, 1103.8)
137.1145|(803.9, 1102.2)
137.1316|(819.3, 1097.4)
137.1483|(826.4, 1095.6)
137.1817|(821.4, 1100.3)
137.1986|(825.4, 1104.3)
137.2152|(823.8, 1108.7)
137.2326|(822.2, 1109.3)
137.248|(822.3, 1109.9)
137.2646|(824.8, 1103.6)
137.2814|(824.8, 1103.5)
137.2982|(827.0, 1094.7)
137.3318|(829.5, 1091.1)
137.3484|(840.5, 1081.2)
137.3657|(837.4, 1086.0)
137.3814|(836.7, 1086.3)
137.3983|(835.8, 1086.8)
137.4149|(827.1, 1085.9)
137.4318|(830.8, 1087.5)
137.4488|(819.4, 1099.8)
137.4819|(813.6, 1102.9)
137.4992|(819.7, 1106.5)
137.5159|(822.2, 1107.0)
137.5318|(815.2, 1098.4)
137.5485|(812.8, 1095.2)
137.5652|(801.4, 1101.6)
137.5826|(794.1, 1095.5)
137.5988|(789.7, 1085.2)
137.6321|(779.7, 1073.5)
137.6493|(784.9, 1090.8)
137.6659|(779.9, 1087.3)
137.682|(780.5, 1087.7)
137.6987|(779.8, 1093.2)
137.716|(779.3, 1092.4)
137.7323|(781.9, 1087.7)
137.7493|(780.4, 1056.8)
137.7825|(806.0, 1026.9)
137.7996|(805.0, 1031.9)
137.8158|(811.1, 1027.9)
137.8324|(770.8, 1058.1)
137.866|(760.2, 1073.9)
137.8829|(752.5, 1071.2)
137.9327|(736.1, 1098.4)
137.9504|(751.6, 1085.5)
137.9661|(739.9, 1101.8)
137.9826|(720.8, 1123.4)
137.9994|(724.9, 1128.2)
138.0163|(722.0, 1132.9)
138.0328|(720.1, 1134.1)
138.05|(732.0, 1155.1)
138.0832|(731.2, 1155.3)
138.1001|(736.8, 1159.3)
138.1164|(736.0, 1138.5)
138.1329|(736.8, 1140.4)
138.1498|(739.4, 1148.3)
138.1663|(721.7, 1176.6)
138.183|(723.0, 1169.0)
138.1999|(722.1, 1165.2)
138.2334|(710.7, 1129.0)
138.2506|(703.2, 1110.2)
138.2666|(700.8, 1115.7)
138.2832|(700.1, 1100.4)
138.2997|(690.9, 1113.9)
138.3166|(694.4, 1101.6)
138.3333|(694.3, 1104.2)
138.3507|(698.6, 1107.0)
138.384|(694.6, 1126.2)
138.4013|(694.9, 1133.1)
138.4166|(696.5, 1135.0)
138.4331|(706.2, 1129.4)
138.45|(706.4, 1126.2)
138.4667|(710.4, 1121.0)
138.4838|(709.1, 1122.4)
138.5005|(709.4, 1122.9)
138.5341|(718.2, 1117.7)
138.5511|(724.0, 1113.0)
138.5672|(724.0, 1111.3)
138.5837|(727.0, 1103.9)
138.6004|(734.2, 1097.2)
138.6174|(759.8, 1077.2)
138.6343|(768.5, 1062.3)
138.651|(770.8, 1060.0)
138.6843|(774.3, 1055.2)
138.701|(776.1, 1057.1)
138.7174|(778.3, 1051.0)
138.734|(778.0, 1051.6)
138.7508|(774.5, 1033.2)
138.7676|(778.4, 947.7)
138.785|(798.5, 535.3)
138.8013|(798.2, 529.0)
138.8345|(801.7, 451.0)
138.8515|(798.9, 427.8)
138.8688|(801.2, 432.0)
138.8846|(802.6, 417.8)
138.9014|(801.5, 421.7)
138.9181|(797.1, 424.5)
138.9347|(799.4, 422.7)
138.9513|(802.5, 425.4)
138.9848|(800.1, 428.9)
139.0017|(763.5, 389.9)
139.0186|(762.5, 387.0)
139.035|(750.3, 367.6)
139.0516|(739.5, 345.9)
139.0683|(739.0, 345.1)
139.1024|(731.0, 336.4)
139.1525|(727.8, 325.5)
139.1849|(732.6, 321.8)
139.2183|(734.8, 323.9)
139.2354|(734.2, 323.4)
139.2857|(730.2, 333.8)
139.3022|(739.7, 331.3)
139.3196|(739.6, 331.7)
139.3353|(740.5, 330.2)
139.3518|(766.0, 319.2)
139.369|(779.8, 316.2)
139.3855|(783.7, 314.0)
139.402|(792.3, 312.9)
139.4357|(805.5, 308.7)
139.4529|(819.4, 310.4)
139.4689|(818.8, 309.6)
139.4855|(817.6, 310.0)
139.5024|(816.7, 313.2)
139.5189|(819.1, 318.7)
139.5361|(820.9, 315.8)
139.5522|(824.8, 319.7)
139.586|(830.8, 320.2)
139.603|(827.0, 318.2)
139.6187|(826.8, 315.9)
139.636|(823.1, 311.4)
139.6525|(821.0, 305.8)
139.6695|(818.2, 300.9)
139.6858|(817.1, 297.5)
139.703|(814.1, 301.0)
139.7361|(811.7, 300.8)
139.7537|(817.7, 293.6)
139.77|(819.1, 295.4)
139.7862|(819.8, 295.0)
139.8035|(817.0, 290.1)
139.8198|(810.6, 282.4)
139.8362|(810.2, 282.2)
139.8533|(806.3, 281.4)
139.8868|(805.5, 280.3)
139.9037|(809.4, 292.3)
139.9197|(808.6, 292.3)
139.9363|(798.1, 298.1)
139.9531|(792.4, 299.9)
139.9701|(778.5, 303.1)
139.9865|(770.8, 303.5)
140.0032|(755.8, 306.4)
140.0369|(749.8, 309.2)
140.0544|(745.2, 304.2)
140.0696|(747.2, 304.5)
140.0867|(745.9, 300.1)
140.1037|(746.4, 297.7)
140.1201|(748.6, 296.6)
140.1367|(749.5, 295.8)
140.1537|(751.6, 291.4)
140.2045|(746.4, 294.1)
140.2045|(747.2, 291.0)
140.2201|(744.6, 298.4)
140.2539|(750.9, 300.6)
140.2706|(750.9, 304.4)
140.3041|(782.3, 299.7)
140.3379|(865.6, 286.8)
140.3549|(870.5, 286.3)
140.3705|(864.2, 288.4)
140.3873|(857.9, 290.0)
140.4042|(855.7, 290.9)
140.4374|(856.8, 291.7)
140.4539|(875.5, 293.5)
140.4874|(898.0, 293.2)
140.5209|(942.9, 297.3)
140.5377|(915.8, 293.0)
140.571|(956.6, 306.7)
140.5874|(956.1, 306.4)
140.6045|(963.7, 308.6)
140.6376|(962.6, 309.4)
140.6726|(957.8, 305.1)
140.688|(959.2, 307.7)
140.7052|(957.1, 305.5)
140.7216|(957.3, 305.0)
140.7553|(958.2, 304.6)
140.8055|(961.0, 305.0)
140.8388|(1014.7, 303.3)
140.8551|(1022.9, 310.6)
140.8717|(1022.9, 311.7)
140.8885|(1017.8, 311.3)
140.905|(1016.0, 310.2)
140.9388|(1018.9, 303.4)
140.9559|(1024.0, 299.2)
140.973|(1018.1, 301.4)
140.989|(1024.8, 294.8)
141.0054|(1019.7, 299.0)
141.022|(1014.3, 285.2)
141.0384|(1014.7, 284.3)
141.0561|(1014.7, 286.4)
141.0892|(1003.7, 284.2)
141.1059|(975.0, 284.1)
141.1234|(850.6, 277.9)
141.1387|(810.3, 274.9)
141.156|(768.2, 274.9)
141.1721|(756.1, 278.2)
141.2059|(737.3, 278.0)
141.2563|(733.6, 278.0)
141.2735|(743.3, 277.5)
141.4227|(779.5, 143.8)
141.4391|(752.1, 206.9)
141.4568|(762.8, 216.7)
141.4729|(762.4, 238.4)
141.4897|(762.7, 242.9)
141.5072|(762.8, 242.3)
141.54|(748.7, 254.0)
141.5573|(745.0, 262.5)
141.5736|(749.7, 249.6)
141.5906|(792.9, 281.0)
141.6064|(804.6, 275.2)
141.623|(802.1, 272.1)
141.6398|(801.5, 270.4)
141.6567|(804.9, 272.5)
141.6901|(808.9, 273.9)
141.7065|(818.1, 279.3)
141.724|(821.5, 282.2)
141.7395|(815.0, 295.0)
141.7563|(815.3, 296.2)
141.773|(812.4, 294.4)
141.7899|(810.4, 291.7)
141.8071|(805.7, 283.2)
141.84|(803.1, 276.5)
141.8567|(807.4, 278.6)
141.873|(809.0, 280.7)
141.8901|(816.5, 284.6)
141.9064|(821.5, 285.7)
141.9232|(823.7, 292.1)
141.9397|(832.6, 292.1)
141.9572|(887.7, 295.0)
141.9737|(924.6, 293.3)
141.9915|(936.4, 290.0)
142.0067|(945.8, 278.1)
142.0238|(945.1, 281.2)
142.0401|(941.2, 282.7)
142.057|(940.5, 282.0)
142.0735|(939.2, 280.6)
142.0906|(938.3, 278.6)
142.1077|(938.1, 276.5)
142.141|(943.8, 274.3)
142.1572|(947.7, 274.7)
142.1739|(948.9, 276.0)
142.1905|(949.1, 276.2)
142.2073|(943.6, 279.1)
142.2238|(937.4, 287.0)
142.2406|(939.3, 285.3)
142.2577|(940.7, 284.1)
142.2909|(941.5, 279.0)
142.3074|(945.0, 278.8)
142.3241|(946.7, 278.2)
142.341|(947.2, 278.7)
142.3574|(948.8, 278.8)
142.3741|(947.3, 278.7)
142.3908|(946.8, 277.7)
142.4078|(945.4, 280.2)
142.4242|(950.0, 282.4)
142.4413|(946.7, 281.5)
142.458|(959.7, 286.0)
142.4745|(975.7, 291.5)
142.491|(982.6, 292.6)
142.5075|(997.1, 295.8)
142.5248|(993.1, 285.8)
142.5412|(997.0, 280.9)
142.5582|(999.0, 285.7)
142.8417|(914.0, 43.1)
142.8592|(960.7, 81.0)
142.8756|(983.8, 136.1)
142.8922|(995.9, 151.2)
142.9087|(987.0, 139.8)
142.9256|(1001.1, 173.7)
142.9419|(1015.7, 210.7)
142.9593|(1021.7, 245.1)
142.9755|(1019.0, 241.9)
142.9923|(1005.4, 225.4)
143.0095|(983.1, 206.1)
143.0434|(965.4, 191.4)
143.0589|(966.5, 204.5)
143.0756|(970.9, 215.7)
143.0923|(983.1, 225.0)
143.1088|(982.9, 230.2)
143.1257|(989.3, 238.9)
143.1421|(988.6, 244.7)
143.1605|(988.9, 244.6)
143.1938|(964.0, 235.0)
143.2092|(952.6, 229.1)
143.226|(942.4, 221.9)
143.2426|(934.6, 216.3)
143.2591|(911.3, 199.1)
143.2758|(900.5, 206.9)
143.2926|(904.0, 203.3)
143.3093|(910.2, 196.7)
143.3272|(913.9, 192.8)
143.3434|(910.8, 203.5)
143.3592|(910.9, 203.6)
143.3763|(904.7, 202.4)
143.3926|(903.1, 203.4)
143.4094|(896.7, 203.2)
143.426|(866.1, 197.9)
143.443|(857.2, 200.1)
143.4603|(836.9, 197.7)
143.494|(806.5, 199.9)
143.5096|(802.7, 203.0)
143.5262|(803.4, 203.1)
143.5427|(802.4, 205.8)
143.5599|(811.0, 210.9)
143.5765|(813.4, 209.0)
143.5932|(816.9, 201.2)
143.6097|(817.1, 201.7)
143.644|(815.4, 202.9)
143.6605|(815.0, 202.0)
143.6767|(809.5, 198.2)
143.6934|(809.2, 199.8)
143.71|(798.0, 189.3)
143.727|(789.2, 198.4)
143.7436|(742.9, 237.2)
143.7621|(739.4, 240.4)
143.7773|(732.1, 249.4)
143.7937|(731.7, 252.4)
143.8103|(739.0, 254.3)
143.8267|(740.8, 253.9)
143.8434|(741.4, 256.7)
143.8603|(737.0, 260.4)
143.8768|(728.0, 257.6)
143.8937|(727.8, 260.9)
143.9104|(726.9, 263.2)
143.9273|(724.1, 260.5)
143.945|(724.2, 260.5)
143.9606|(727.8, 267.6)
143.9771|(726.0, 274.7)
143.9939|(728.9, 266.8)
144.0107|(734.0, 255.1)
144.027|(738.3, 256.7)
144.0442|(738.5, 255.6)
144.0609|(733.7, 256.5)
144.0947|(733.9, 253.9)
144.1109|(733.6, 255.0)
144.128|(733.9, 255.2)
144.144|(738.4, 261.9)
144.1612|(737.8, 262.7)
144.1771|(734.5, 260.3)
144.1943|(735.0, 260.5)
144.2112|(734.8, 259.1)
144.228|(731.4, 254.5)
144.2449|(730.7, 252.7)
144.2616|(730.3, 251.7)
144.2773|(736.9, 252.5)
144.2946|(753.5, 260.7)
144.3111|(763.4, 264.0)
144.3277|(765.8, 262.6)
144.3449|(770.4, 260.1)
144.3616|(775.9, 259.2)
144.3779|(792.8, 254.5)
144.3957|(793.2, 254.9)
144.4115|(809.9, 270.8)
144.4279|(810.7, 273.2)
144.4443|(813.0, 276.3)
144.4616|(805.6, 267.8)
144.4777|(807.7, 270.6)
144.4948|(808.7, 272.1)
144.5114|(805.7, 270.3)
144.5289|(798.1, 263.8)
144.5455|(798.2, 264.0)
144.5618|(798.5, 265.3)
144.578|(791.6, 269.6)
144.595|(790.6, 266.8)
144.6118|(790.4, 265.9)
144.6284|(798.3, 269.1)
144.6457|(797.4, 269.1)
144.6624|(802.8, 268.7)
144.6784|(815.4, 268.1)
144.6952|(832.4, 262.7)
144.7116|(852.2, 261.7)
144.728|(867.3, 259.7)
144.7454|(877.4, 256.0)
144.7616|(897.3, 254.2)
144.7785|(898.5, 251.4)
144.7954|(896.8, 248.9)
144.8121|(896.7, 243.2)
144.8284|(897.8, 243.3)
144.8454|(896.3, 241.7)
144.8618|(895.1, 241.7)
144.8783|(897.9, 239.3)
144.8955|(900.6, 236.4)
144.9118|(901.4, 235.3)
144.9292|(900.0, 233.2)
144.9458|(900.8, 227.2)
144.9628|(900.6, 224.0)
144.9787|(900.7, 221.6)
144.996|(900.0, 219.8)
145.0118|(903.0, 222.0)
145.0285|(905.0, 229.9)
145.0456|(914.1, 239.4)
145.062|(912.9, 238.9)
145.0788|(960.5, 245.0)
145.0962|(989.1, 250.1)
145.1294|(1000.2, 251.4)
145.1454|(998.5, 254.2)
145.1621|(997.2, 251.9)
145.1787|(994.3, 242.9)
145.1959|(991.1, 230.6)
145.2127|(991.1, 233.5)
145.2296|(990.7, 231.9)
145.2468|(989.9, 227.4)
145.2787|(992.1, 233.6)
145.2957|(993.2, 233.8)
145.3122|(992.6, 233.9)
145.3293|(993.4, 232.2)
145.346|(993.8, 231.5)
145.3626|(993.0, 230.6)
145.3796|(993.2, 230.5)
145.3972|(989.5, 230.9)
145.4296|(990.3, 231.1)
145.4462|(993.0, 227.8)
145.463|(990.6, 227.1)
145.4793|(991.4, 228.8)
145.4963|(991.9, 228.4)
145.5128|(994.6, 229.3)
145.5298|(996.4, 229.9)
145.5464|(998.2, 231.8)
145.5798|(1004.4, 235.6)
145.5968|(1008.8, 237.2)
145.6128|(996.9, 234.8)
145.6299|(991.7, 228.0)
145.8475|(877.1, 214.6)
145.8807|(926.3, 230.4)
145.8969|(948.4, 237.0)
145.9134|(923.2, 222.9)
145.9305|(921.9, 210.7)
145.947|(918.1, 199.8)
145.9638|(931.3, 207.8)
145.9807|(1000.5, 184.3)
145.9979|(979.4, 184.3)
146.0308|(1072.8, 187.9)
146.047|(1084.3, 204.3)
146.0638|(1086.0, 199.5)
146.0805|(1070.4, 192.4)
146.0976|(1071.2, 193.0)
146.1143|(1074.0, 193.6)
146.1318|(1078.4, 197.4)
146.1482|(1084.0, 204.0)
146.1814|(1075.4, 210.0)
146.1975|(1070.7, 213.2)
146.2142|(1077.6, 209.9)
146.2308|(1069.9, 212.0)
146.2475|(1061.2, 203.8)
146.2645|(1064.4, 206.4)
146.2813|(1074.5, 211.4)
146.2983|(1083.5, 218.6)
146.3318|(1093.6, 225.7)
146.3478|(1095.5, 226.8)
146.3645|(1103.5, 233.9)
146.3815|(1102.3, 232.4)
146.3985|(1100.9, 231.4)
146.4148|(1099.1, 230.2)
146.4327|(1100.1, 228.9)
146.448|(1103.5, 228.3)
146.481|(1107.0, 235.0)
146.498|(1108.8, 235.0)
146.5146|(1081.1, 231.0)
146.5314|(915.3, 197.1)
146.5481|(880.5, 190.7)
146.5653|(847.1, 179.5)
146.5822|(849.4, 173.0)
146.6151|(854.9, 170.6)
146.6319|(859.1, 179.9)
146.6482|(858.8, 193.9)
146.6649|(857.1, 198.7)
146.6816|(858.5, 189.8)
146.6982|(843.8, 196.4)
146.7157|(842.7, 194.4)
146.7314|(841.1, 194.5)
146.7485|(838.6, 193.1)
146.7821|(819.9, 181.6)
146.7984|(805.3, 179.0)
146.8154|(800.9, 183.7)
146.8317|(805.7, 187.2)
146.8487|(821.1, 194.1)
146.8662|(826.2, 198.3)
146.8829|(820.4, 194.9)
146.899|(813.8, 188.8)
146.932|(809.6, 182.9)
146.9484|(806.9, 181.5)
146.9654|(805.8, 184.1)
146.9818|(804.2, 187.4)
146.9985|(805.3, 187.4)
147.016|(808.6, 190.6)
147.0321|(813.5, 188.4)
147.0485|(834.0, 190.0)
147.0823|(846.5, 191.5)
147.0987|(871.3, 191.6)
147.1156|(910.0, 207.4)
147.1322|(907.2, 207.7)
147.1509|(922.1, 207.9)
147.1658|(928.3, 211.5)
147.1821|(929.7, 210.7)
147.1989|(933.8, 220.5)
147.2321|(942.9, 225.7)
147.2489|(946.1, 227.5)
147.266|(946.2, 226.8)
147.2824|(942.3, 222.3)
147.3|(929.9, 209.1)
147.3174|(924.1, 205.0)
147.3334|(923.8, 206.7)
147.3494|(920.9, 207.7)
147.3827|(914.4, 203.6)
147.3994|(915.8, 204.9)
147.4164|(920.3, 210.7)
147.4329|(924.2, 211.8)
147.4499|(941.5, 197.1)
147.4673|(948.7, 201.6)
147.4823|(951.2, 203.2)
147.4994|(960.1, 208.2)
147.5328|(956.9, 209.4)
147.5493|(958.2, 208.5)
147.5667|(958.5, 209.2)
147.5829|(957.1, 209.4)
147.6|(958.0, 211.4)
147.6163|(959.0, 212.3)
147.6335|(958.2, 204.4)
147.6496|(960.3, 198.2)
147.6831|(960.9, 195.3)
147.7|(961.2, 193.2)
147.7168|(964.5, 190.0)
147.7334|(964.2, 188.6)
147.7511|(963.3, 192.4)
147.7674|(959.8, 215.6)
147.7837|(961.9, 215.2)
147.7999|(963.9, 212.8)
147.8335|(953.4, 205.1)
147.8504|(957.1, 209.7)
147.8676|(834.4, 190.7)
147.8835|(845.2, 191.8)
147.9009|(841.7, 190.7)
147.9176|(824.3, 185.8)
147.9339|(829.3, 200.2)
147.9501|(829.2, 185.9)
147.9834|(835.7, 185.4)
148.001|(838.6, 191.8)
148.0172|(840.3, 191.9)
148.0348|(839.7, 199.6)
148.0509|(841.2, 195.3)
148.0675|(840.1, 197.6)
148.0841|(838.8, 196.6)
148.1007|(834.3, 195.5)
148.1344|(825.3, 198.8)
148.1505|(821.8, 196.8)
148.1677|(823.3, 194.3)
148.1844|(819.4, 189.5)
148.2014|(806.7, 190.3)
148.2181|(805.8, 188.2)
148.2346|(803.7, 190.2)
148.2508|(803.2, 184.0)
148.2844|(804.5, 189.2)
148.3009|(810.0, 197.3)
148.3184|(808.8, 200.4)
148.3349|(808.7, 203.6)
148.3519|(801.1, 209.5)
148.3686|(797.3, 214.4)
148.3848|(797.7, 213.4)
148.4015|(798.1, 212.7)
148.4343|(798.9, 219.9)
148.4516|(799.3, 221.3)
148.468|(800.5, 238.6)
148.4851|(802.5, 248.1)
148.502|(804.4, 254.1)
148.518|(804.8, 251.8)
148.5354|(808.2, 248.4)
148.5514|(808.6, 247.7)
148.5847|(810.2, 248.8)
148.6016|(855.2, 278.9)
148.6182|(906.3, 287.2)
148.6353|(912.1, 288.1)
148.6526|(923.0, 288.8)
148.6685|(965.1, 294.0)
148.6851|(965.4, 292.8)
148.7017|(967.6, 291.6)
148.735|(967.8, 289.2)
148.7516|(970.3, 290.4)
148.769|(971.3, 288.6)
148.786|(964.4, 282.7)
148.8029|(965.8, 282.3)
148.8182|(967.1, 284.2)
148.8354|(968.4, 286.3)
148.8517|(973.3, 287.6)
148.885|(986.4, 288.3)
148.9022|(1001.8, 288.2)
148.9189|(1020.9, 289.2)
148.9359|(1040.2, 295.3)
148.9526|(1041.8, 297.5)
148.9687|(1041.5, 291.1)
148.986|(1040.9, 291.7)
149.0022|(1040.8, 291.2)
149.0357|(1040.5, 289.4)
149.0523|(1039.7, 286.5)
149.0699|(1037.2, 287.1)
149.0859|(977.0, 298.2)
149.1026|(970.6, 295.2)
149.1195|(963.8, 291.6)
149.1356|(959.4, 287.9)
149.1526|(956.0, 287.1)
149.1858|(953.5, 274.8)
149.2027|(955.9, 280.7)
149.2196|(951.9, 289.8)
149.2368|(946.8, 299.7)
149.2539|(920.6, 292.6)
149.2695|(904.2, 252.6)
149.2861|(899.5, 242.0)
149.3029|(885.9, 208.4)
149.3362|(842.1, 72.6)
149.353|(845.1, 76.9)
149.3697|(845.4, 77.6)
149.3871|(844.5, 78.6)
149.4039|(835.8, 72.0)
149.4202|(836.8, 72.6)
149.4361|(838.7, 73.4)
149.453|(838.4, 72.6)
149.4863|(837.8, 74.3)
149.5028|(835.2, 84.7)
149.5376|(811.6, 92.1)
149.5699|(801.2, 99.2)
149.5868|(806.1, 96.0)
149.6365|(818.1, 103.7)
149.6706|(816.3, 94.7)
149.7371|(1015.0, 108.9)
149.7869|(1065.4, 112.4)
149.8032|(1065.0, 109.2)
149.8208|(1060.7, 98.5)
149.8375|(1059.1, 92.8)
149.8536|(1061.6, 94.2)
149.8703|(1060.3, 99.1)
149.8868|(1064.2, 103.5)
149.9036|(1065.0, 104.5)
149.9374|(1065.9, 103.9)
149.9541|(1066.6, 112.9)
149.9709|(1066.5, 114.2)
149.9879|(1061.6, 114.0)
150.0039|(1060.1, 114.4)
150.0205|(1062.1, 116.1)
150.0373|(1064.0, 115.7)
150.0536|(1065.3, 115.6)
150.0871|(1067.9, 115.9)
150.1042|(1070.9, 112.4)
150.121|(1082.7, 106.9)
150.1374|(1082.0, 106.5)
150.1541|(1079.3, 104.6)
150.1707|(1075.9, 102.3)
150.1872|(1071.2, 100.0)
150.2039|(1069.8, 100.4)
150.2377|(1058.2, 113.5)
150.2546|(1054.7, 128.1)
150.272|(1052.5, 130.1)
150.2885|(1051.0, 130.3)
150.3044|(1046.4, 129.8)
150.3214|(1041.7, 127.1)
150.3376|(1045.5, 128.9)
150.3543|(1034.0, 120.1)
150.3879|(1032.0, 111.8)
150.4047|(1029.0, 102.4)
150.422|(1044.1, 120.2)
150.4382|(1039.6, 113.6)
150.4547|(1047.6, 111.5)
150.4709|(1046.4, 110.4)
150.488|(1046.6, 109.2)
150.5046|(1050.0, 109.5)
150.5383|(1052.0, 108.0)
150.5549|(1052.2, 110.8)
150.5721|(1048.3, 116.0)
150.5882|(1046.1, 116.9)
150.605|(1042.1, 118.8)
150.6223|(1038.7, 115.6)
150.638|(1037.8, 115.3)
150.6547|(1039.2, 116.5)
150.6883|(1048.6, 103.0)
150.7055|(1045.6, 105.3)
150.722|(1049.5, 106.1)
150.7388|(1049.2, 109.3)
150.7558|(1046.2, 114.4)
150.7719|(1046.4, 116.3)
150.7883|(1051.0, 118.5)
150.8056|(1054.2, 120.5)
150.8387|(1057.4, 121.9)
150.8558|(1059.6, 127.1)
150.873|(1060.9, 128.6)
150.8889|(1061.2, 120.8)
150.9058|(1060.7, 112.9)
150.9222|(1054.3, 107.4)
150.9391|(1053.7, 108.0)
150.9554|(1050.9, 106.6)
150.9891|(1039.4, 112.1)
151.0059|(1029.0, 118.7)
151.0233|(970.2, 167.9)
151.0388|(962.8, 173.9)
151.0556|(953.1, 181.9)
151.0724|(955.9, 184.8)
151.0891|(958.9, 186.4)
151.1061|(955.9, 184.1)
151.1393|(945.7, 189.6)
151.1564|(931.8, 208.6)
151.1723|(833.0, 341.5)
151.1893|(824.3, 355.2)
151.2061|(816.3, 369.1)
151.2392|(804.3, 386.2)
151.2558|(797.1, 401.7)
151.2897|(793.5, 409.8)
151.323|(794.3, 417.6)
151.3396|(797.6, 426.7)
151.356|(799.5, 493.2)
151.3727|(801.2, 540.2)
151.3892|(802.7, 567.8)
151.44|(789.5, 617.6)
151.4574|(761.3, 692.1)
151.4736|(755.0, 726.8)
151.4898|(753.5, 735.0)
151.5072|(753.9, 732.2)
151.5228|(754.6, 727.2)
151.5401|(761.6, 724.1)
151.5573|(756.2, 731.0)
151.5899|(753.5, 735.2)
151.6074|(756.9, 725.7)
151.6231|(760.1, 726.7)
151.6402|(759.5, 727.8)
151.657|(759.5, 737.0)
151.673|(759.6, 918.4)
151.6897|(749.6, 1017.8)
151.7065|(743.3, 1084.1)
151.7405|(746.3, 1061.0)
151.7564|(717.0, 1126.4)
151.7733|(727.4, 1124.2)
151.7898|(747.4, 1132.5)
151.8068|(748.3, 1133.8)
151.8231|(751.1, 1134.9)
151.8401|(755.3, 1129.7)
151.8574|(759.9, 1115.9)
151.8907|(759.4, 1125.1)
151.907|(760.6, 1122.7)
151.9236|(759.2, 1127.2)
151.9401|(756.6, 1146.8)
151.9569|(750.1, 1160.9)
151.9736|(745.3, 1159.6)
151.9903|(743.4, 1149.7)
152.0078|(737.1, 1136.9)
152.0409|(741.9, 1125.1)
152.0572|(760.2, 1106.7)
152.0741|(768.3, 1102.1)
152.0904|(767.5, 1099.9)
152.1071|(792.6, 1094.4)
152.1241|(801.7, 1092.0)
152.1409|(802.4, 1085.8)
152.1571|(803.6, 1080.3)
152.1917|(801.0, 1077.2)
152.2071|(801.5, 1071.7)
152.2242|(802.5, 1070.8)
152.2409|(803.4, 1068.1)
152.2572|(807.1, 1070.6)
152.2744|(804.5, 1088.0)
152.2908|(804.1, 1088.4)
152.3076|(804.8, 1085.8)
152.3415|(800.5, 1086.5)
152.357|(798.4, 1058.9)
152.3743|(799.0, 1050.4)
152.3905|(796.0, 1042.1)
152.4081|(789.2, 1051.7)
152.4247|(788.6, 1054.2)
152.4415|(786.4, 1059.0)
152.4579|(787.9, 1064.0)
152.4746|(796.1, 1073.8)
152.4922|(795.7, 1076.7)
152.508|(797.8, 1079.4)
152.5247|(804.9, 1075.6)
152.5412|(827.4, 1032.7)
152.5579|(829.3, 1028.4)
152.5749|(826.2, 1034.2)
152.5915|(828.2, 1032.3)
152.608|(842.2, 1005.9)
152.642|(846.5, 1001.5)
152.6584|(860.4, 983.3)
152.6754|(879.2, 956.1)
152.692|(890.5, 941.6)
152.7083|(902.4, 925.0)
152.7253|(902.5, 923.0)
152.7415|(912.0, 915.9)
152.7587|(928.0, 897.8)
152.7752|(932.9, 902.3)
152.7927|(931.4, 902.4)
152.8086|(931.6, 900.3)
152.8254|(938.2, 905.3)
152.8418|(939.1, 906.0)
152.8585|(938.1, 900.6)
152.8751|(960.3, 904.8)
152.8923|(1069.7, 897.8)
152.9092|(1071.5, 896.9)
152.9259|(1085.3, 898.8)
152.9435|(1092.7, 901.6)
152.9589|(1094.0, 910.9)
152.9754|(1095.4, 924.9)
152.9923|(1096.2, 930.8)
153.009|(1097.7, 943.4)
153.026|(1096.7, 938.3)
153.0419|(1094.1, 937.7)
153.0593|(1091.7, 932.8)
153.0931|(1095.5, 921.7)
153.1092|(1096.7, 922.0)
153.1262|(1099.0, 923.4)
153.1422|(1101.1, 927.9)
153.159|(1099.5, 923.7)
153.1758|(1096.7, 924.5)
153.1924|(1097.8, 925.1)
153.2098|(1097.0, 929.5)
153.2259|(1086.2, 923.0)
153.243|(1072.6, 918.3)
153.2591|(1032.1, 912.1)
153.276|(951.9, 893.0)
153.2925|(910.9, 881.9)
153.3095|(887.3, 877.1)
153.3258|(854.8, 870.8)
153.3429|(855.5, 855.8)
153.3599|(857.1, 854.1)
153.3766|(860.9, 866.4)
153.3932|(858.8, 877.5)
153.4097|(859.9, 869.6)
153.4266|(857.4, 871.0)
153.4427|(848.5, 871.0)
153.4596|(820.4, 881.8)
153.4769|(817.1, 884.2)
153.4931|(785.9, 913.2)
153.5099|(784.5, 913.3)
153.5274|(760.9, 927.0)
153.5443|(754.8, 926.3)
153.5597|(761.6, 927.8)
153.5767|(762.4, 929.5)
153.5931|(760.9, 932.2)
153.6102|(769.0, 931.3)
153.6265|(765.0, 935.2)
153.6432|(765.1, 936.0)
153.6607|(766.9, 936.0)
153.6773|(762.1, 942.6)
153.6933|(760.8, 949.2)
153.7103|(761.6, 949.2)
153.727|(763.0, 949.0)
153.7437|(763.6, 944.1)
153.7603|(764.2, 946.0)
153.7767|(763.9, 945.8)
153.7937|(763.7, 940.5)
153.8103|(766.3, 954.1)
153.8274|(769.8, 927.5)
153.8444|(771.4, 865.1)
153.8605|(772.0, 840.1)
153.8773|(770.0, 810.9)
153.8933|(769.2, 782.8)
153.9105|(771.0, 763.0)
153.9271|(771.5, 757.9)
153.9441|(771.3, 759.2)
153.9608|(772.3, 748.8)
153.9776|(767.4, 755.0)
153.9948|(767.6, 747.6)
154.0105|(772.5, 748.2)
154.0272|(775.5, 751.3)
154.0438|(776.8, 752.8)
154.0608|(778.2, 755.7)
154.0772|(782.7, 755.6)
154.0943|(783.3, 756.5)
154.1108|(784.6, 760.2)
154.1286|(785.2, 763.0)
154.1447|(779.8, 763.4)
154.1612|(779.7, 762.1)
154.1777|(781.5, 760.8)
154.194|(783.1, 762.4)
154.2112|(782.3, 761.0)
154.2276|(780.6, 759.9)
154.2448|(778.3, 759.1)
154.2614|(773.5, 747.2)
154.2787|(772.4, 752.0)
154.2944|(771.9, 748.6)
154.3111|(772.1, 746.5)
154.3274|(773.3, 749.5)
154.3443|(771.7, 745.1)
154.3611|(772.8, 745.0)
154.3777|(778.3, 738.9)
154.3947|(781.4, 737.6)
154.4123|(781.1, 738.6)
154.4288|(785.0, 740.7)
154.4452|(786.8, 754.9)
154.4778|(787.5, 757.1)
154.4945|(813.1, 785.4)
154.5117|(852.4, 866.4)
154.5279|(854.8, 871.6)
154.5457|(851.9, 872.4)
154.5787|(857.6, 899.4)
154.595|(858.7, 902.5)
154.6116|(856.2, 907.7)
154.6279|(854.3, 915.8)
154.6453|(851.8, 906.6)
154.6618|(857.7, 902.8)
154.6783|(861.2, 901.8)
154.6955|(857.0, 901.8)
154.7124|(861.1, 908.4)
154.7289|(864.9, 884.0)
154.7457|(864.9, 885.5)
154.7616|(878.3, 810.0)
154.7784|(881.5, 731.9)
154.7955|(875.6, 497.2)
154.8116|(874.9, 458.0)
154.8287|(874.7, 418.9)
154.8459|(871.9, 254.0)
154.8791|(870.8, 240.9)
154.8955|(871.0, 240.9)
154.9121|(877.1, 230.8)
154.9286|(882.9, 234.1)
154.9455|(874.2, 243.5)
154.9622|(871.8, 246.4)
154.979|(870.1, 245.9)
154.9959|(866.8, 236.7)
155.0296|(866.4, 229.8)
155.0454|(865.0, 229.2)
155.0623|(865.7, 227.3)
155.0789|(864.9, 230.9)
155.0957|(864.3, 231.0)
155.1125|(866.7, 232.4)
155.1294|(871.4, 226.0)
155.1464|(876.8, 219.8)
155.1629|(878.2, 218.6)
155.3627|(826.0, 32.1)
155.3791|(841.5, 114.6)
155.3964|(833.3, 104.3)
155.4131|(831.5, 129.4)
155.43|(830.0, 150.6)
155.4464|(830.2, 214.9)
155.4808|(835.5, 177.7)
155.4964|(816.4, 181.5)
155.5134|(822.7, 193.7)
155.5297|(824.0, 194.2)
155.5465|(849.7, 204.2)
155.5631|(860.4, 206.5)
155.5805|(842.1, 197.1)
155.5976|(840.4, 196.4)
155.6143|(835.3, 201.0)
155.6297|(836.3, 202.2)
155.6466|(837.5, 199.2)
155.6631|(890.0, 214.3)
155.6805|(908.8, 220.3)
155.697|(912.3, 222.0)
155.7136|(920.7, 227.3)
155.7304|(923.0, 227.1)
155.7479|(921.7, 229.9)
155.7805|(920.6, 229.8)
155.7966|(918.3, 227.4)
155.8301|(918.6, 224.7)
155.8471|(930.4, 218.6)
155.8814|(993.6, 242.2)
155.931|(1003.9, 239.3)
155.947|(1009.1, 241.0)
155.9635|(1017.2, 245.1)
155.9803|(1017.8, 247.6)
155.9968|(1019.8, 249.9)
156.0146|(1013.1, 242.9)
156.0317|(1014.8, 243.2)
156.0482|(1028.8, 249.2)
156.0809|(1026.1, 248.5)
156.0978|(1027.9, 249.5)
156.114|(1027.1, 247.2)
156.1308|(1026.4, 246.7)
156.148|(1025.0, 247.6)
156.1646|(1024.4, 245.4)
156.1818|(1034.4, 253.8)
156.1985|(1036.8, 254.3)
156.2312|(1034.6, 252.7)
156.2477|(1033.8, 250.4)
156.2645|(1033.2, 250.2)
156.2812|(1032.4, 250.1)
156.2977|(1030.8, 251.3)
156.3142|(1023.2, 252.5)
156.3317|(1031.7, 250.4)
156.3475|(1032.3, 250.4)
156.3815|(1032.2, 248.6)
156.3977|(1028.6, 250.2)
156.4144|(1023.4, 251.4)
156.4314|(1020.0, 257.1)
156.448|(1020.2, 257.6)
156.4653|(1021.2, 253.5)
156.4819|(1020.9, 249.5)
156.4984|(1019.2, 252.6)
156.5318|(995.1, 256.4)
156.5478|(995.8, 256.7)
156.5647|(996.1, 256.0)
156.5815|(975.6, 263.5)
156.5982|(975.1, 264.3)
156.6158|(979.8, 263.6)
156.6323|(974.6, 257.5)
156.6487|(973.4, 256.2)
156.6987|(975.4, 255.7)
156.7154|(978.5, 253.3)
156.7318|(979.4, 253.9)
156.749|(984.8, 253.3)
156.7655|(983.2, 268.8)
156.7827|(987.8, 272.4)
156.7983|(988.6, 273.5)
156.8323|(991.8, 277.7)
156.8486|(991.3, 277.7)
156.8651|(993.0, 279.0)
156.8819|(993.7, 287.8)
156.8991|(999.4, 300.4)
156.9161|(999.3, 299.0)
156.9331|(996.9, 293.4)
156.9489|(996.7, 291.5)
156.9825|(993.4, 283.9)
156.9984|(994.7, 285.8)
157.0154|(980.2, 279.4)
157.0321|(917.4, 222.0)
157.049|(919.0, 204.8)
157.0667|(918.8, 201.1)
157.0835|(917.9, 196.8)
157.0988|(922.2, 182.9)
157.1323|(918.1, 181.9)
157.1492|(919.5, 182.7)
157.166|(919.8, 201.5)
157.1829|(919.7, 199.3)
157.1994|(918.2, 199.4)
157.2166|(912.7, 189.1)
157.233|(905.6, 186.5)
157.2487|(886.5, 185.3)
157.2824|(870.9, 188.2)
157.2991|(867.7, 189.9)
157.3162|(856.5, 189.6)
157.3324|(857.9, 190.0)
157.3499|(855.1, 190.4)
157.3672|(830.5, 187.2)
157.383|(831.1, 180.7)
157.3993|(829.6, 178.9)
157.4326|(828.1, 180.4)
157.4502|(831.0, 186.5)
157.4662|(833.7, 183.8)
157.4832|(836.9, 188.4)
157.4998|(828.2, 186.2)
157.6676|(938.6, 147.0)
157.6835|(950.4, 160.0)
157.6995|(965.7, 170.6)
157.7332|(956.5, 163.5)
157.7504|(993.2, 185.7)
157.7669|(993.3, 182.8)
157.7836|(995.0, 183.1)
157.8009|(976.9, 187.4)
157.818|(971.5, 196.8)
157.8336|(1001.5, 229.3)
157.8498|(982.6, 213.5)
157.8837|(973.5, 215.2)
157.9008|(977.0, 223.4)
157.9168|(993.6, 239.9)
157.9341|(991.8, 240.1)
157.9508|(991.3, 236.9)
157.9679|(994.1, 233.1)
157.9838|(993.6, 235.0)
158.0005|(992.6, 237.1)
158.034|(993.7, 238.9)
158.0505|(996.1, 242.0)
158.0676|(998.7, 246.3)
158.0841|(996.9, 253.6)
158.1021|(995.9, 254.9)
158.1181|(993.0, 257.9)
158.1347|(994.5, 255.7)
158.1513|(994.2, 255.9)
158.1841|(999.6, 253.8)
158.2009|(1003.4, 250.4)
158.2177|(1004.4, 247.7)
158.2347|(1006.1, 246.2)
158.252|(996.7, 247.5)
158.2675|(996.4, 246.9)
158.2853|(997.9, 249.1)
158.3009|(998.5, 248.7)
158.3342|(999.7, 248.3)
158.351|(1000.9, 248.8)
158.3677|(1001.2, 250.8)
158.3849|(997.2, 259.6)
158.4019|(999.7, 265.3)
158.4182|(1002.5, 269.7)
158.4345|(1005.1, 276.4)
158.4513|(1005.9, 275.1)
158.6684|(988.9, 30.9)
158.6857|(987.0, 58.9)
158.7019|(982.3, 103.4)
158.7187|(980.4, 144.1)
158.735|(980.4, 150.4)
158.7515|(975.0, 187.4)
158.7855|(969.1, 221.7)
158.8018|(972.3, 206.2)
158.8193|(964.4, 210.1)
158.8355|(967.6, 206.2)
158.8525|(964.9, 189.3)
158.8692|(960.7, 179.4)
158.8853|(947.5, 169.3)
158.9017|(931.3, 155.6)
158.9352|(920.0, 157.2)
158.9524|(921.1, 156.6)
158.9689|(919.5, 161.2)
158.9858|(911.8, 181.9)
159.0025|(912.2, 191.2)
159.0192|(907.1, 187.7)
159.037|(854.1, 175.2)
159.0528|(838.6, 172.4)
159.0858|(830.2, 178.6)
159.102|(832.7, 180.1)
159.1199|(822.6, 183.7)
159.1366|(838.8, 192.9)
159.1531|(833.6, 189.6)
159.1692|(833.1, 188.2)
159.186|(834.6, 185.6)
159.2023|(835.3, 178.7)
159.236|(841.2, 183.6)
159.2527|(843.2, 186.8)
159.2695|(958.7, 252.0)
159.2873|(964.9, 259.2)
159.3029|(972.7, 271.7)
159.3195|(972.7, 273.0)
159.3364|(973.9, 279.8)
159.353|(970.5, 291.6)
159.3861|(965.8, 291.9)
159.4031|(964.7, 290.2)
159.4194|(967.1, 288.1)
159.4367|(970.1, 288.5)
159.4529|(977.2, 288.8)
159.47|(985.8, 277.1)
159.4866|(987.0, 275.2)
159.5033|(987.1, 276.1)
159.5365|(990.1, 284.0)
159.5534|(989.2, 284.2)
159.5702|(987.3, 283.2)
159.5869|(985.9, 283.2)
159.6033|(981.9, 277.4)
159.6201|(980.9, 280.6)
159.6364|(981.1, 281.8)
159.6536|(981.7, 284.7)
159.6867|(982.3, 291.4)
159.7037|(981.6, 291.2)
159.7209|(945.2, 249.3)
159.7378|(937.1, 226.4)
159.7539|(937.1, 224.7)
159.7697|(935.8, 220.7)
159.7869|(936.1, 219.1)
159.8035|(931.5, 214.1)
159.8371|(917.4, 206.1)
159.8539|(913.3, 206.2)
159.8706|(909.3, 198.5)
159.8881|(912.5, 194.2)
159.9035|(916.7, 191.9)
159.9205|(919.7, 188.7)
159.9368|(917.6, 186.9)
159.9536|(916.2, 181.0)
159.987|(923.6, 183.6)
160.0045|(921.1, 181.4)
160.0214|(921.6, 179.5)
160.0372|(922.2, 181.0)
160.0544|(918.1, 178.1)
160.0706|(919.1, 178.0)
160.0874|(918.1, 180.9)
160.104|(916.8, 184.0)
160.1377|(915.1, 186.3)
160.1547|(919.5, 183.9)
160.1719|(920.9, 181.2)
160.188|(921.5, 181.2)
160.2043|(924.3, 182.1)
160.221|(924.1, 184.3)
160.2374|(927.0, 187.9)
160.254|(918.2, 192.7)
160.2881|(876.9, 211.9)
160.3051|(875.2, 210.8)
160.3217|(863.1, 211.9)
160.3382|(835.8, 209.9)
160.3544|(825.6, 210.3)
160.3711|(831.3, 219.4)
160.3876|(834.7, 222.9)
160.4047|(832.8, 223.9)
160.438|(832.8, 223.5)
160.4551|(832.8, 223.7)
160.472|(831.2, 220.9)
160.4882|(830.3, 219.1)
160.5052|(824.4, 212.6)
160.5212|(824.2, 211.2)
160.538|(822.2, 205.7)
160.5552|(820.3, 204.2)
160.5879|(817.9, 204.1)
160.6053|(812.6, 214.2)
160.6219|(812.9, 216.3)
160.6391|(813.0, 217.3)
160.6551|(824.6, 224.1)
160.6714|(825.3, 222.4)
160.6881|(824.8, 220.9)
160.7048|(825.5, 218.8)
160.7386|(825.4, 218.7)
160.756|(816.2, 204.2)
160.7729|(806.2, 219.5)
160.7886|(804.6, 224.2)
160.8052|(803.2, 228.9)
160.8228|(802.4, 231.3)
160.8384|(803.6, 246.9)
160.8555|(801.8, 251.9)
160.8888|(803.6, 243.4)
160.9057|(800.4, 249.9)
160.9233|(803.5, 252.4)
160.9385|(803.8, 251.1)
160.9558|(802.1, 251.4)
160.9717|(798.6, 258.5)
160.9884|(800.3, 261.3)
161.006|(801.1, 263.7)
161.0388|(817.7, 254.6)
161.0565|(861.6, 245.6)
161.0726|(873.9, 244.8)
161.0892|(874.6, 245.9)
161.1057|(883.4, 242.2)
161.1224|(886.8, 241.2)
161.1387|(891.0, 241.4)
161.156|(895.3, 241.7)
161.1892|(895.1, 245.5)
161.2066|(896.8, 245.6)
161.223|(898.5, 263.4)
161.2394|(901.0, 252.2)
161.2562|(892.5, 258.0)
161.2728|(892.5, 256.0)
161.289|(893.2, 258.3)
161.3068|(896.4, 269.2)
161.3397|(899.1, 273.7)
161.3569|(895.2, 294.5)
161.373|(893.6, 301.8)
161.3894|(888.2, 316.2)
161.4063|(887.2, 325.1)
161.4227|(888.3, 340.7)
161.4397|(897.2, 362.8)
161.4568|(896.2, 364.8)
161.4902|(887.6, 402.0)
161.5072|(882.7, 432.1)
161.5231|(881.0, 445.4)
161.5399|(879.2, 457.9)
161.5566|(873.6, 493.0)
161.5731|(876.1, 485.7)
161.5901|(876.4, 485.1)
161.6067|(877.7, 487.5)
161.6401|(887.3, 476.9)
161.6569|(884.4, 479.0)
161.6735|(884.5, 478.7)
161.69|(884.2, 479.5)
161.7067|(882.2, 482.5)
161.7238|(883.6, 483.4)
161.7401|(885.0, 483.6)
161.7573|(883.1, 483.9)
161.7915|(885.0, 483.4)
161.8074|(882.3, 482.1)
161.8234|(878.9, 480.3)
161.8404|(879.1, 486.6)
161.8569|(887.3, 485.1)
161.8736|(887.6, 488.5)
161.8904|(887.3, 490.4)
161.9072|(886.4, 487.0)
161.9407|(876.5, 501.6)
161.9577|(872.9, 502.8)
161.9742|(872.4, 504.4)
161.9907|(869.4, 506.9)
162.007|(866.4, 503.4)
162.024|(866.7, 505.1)
162.0407|(867.4, 503.4)
162.0573|(848.0, 485.2)
162.0908|(810.3, 452.0)
162.1075|(793.7, 440.7)
162.1237|(793.3, 442.3)
162.1408|(794.3, 453.7)
162.1573|(794.6, 456.1)
162.1743|(793.7, 457.3)
162.1905|(793.1, 457.0)
162.2075|(791.8, 459.8)
162.3258|(805.3, 476.6)
162.3419|(804.4, 596.4)
162.3579|(803.3, 596.4)
162.3919|(764.8, 639.8)
162.4074|(767.8, 642.9)
162.425|(773.9, 655.2)
162.4411|(773.4, 659.8)
162.4577|(770.3, 641.2)
162.4747|(780.2, 578.3)
162.4913|(779.7, 512.2)
162.5081|(777.4, 419.8)
162.5417|(732.5, 21.8)
162.5912|(799.0, 5.8)
162.6248|(798.5, 6.2)
162.6416|(801.1, 10.1)
162.6929|(801.6, 29.7)
162.7085|(823.3, 53.0)
162.7253|(826.1, 58.7)
162.7419|(826.1, 62.4)
162.7583|(827.9, 72.0)
162.7749|(826.9, 78.4)
162.792|(827.8, 75.3)
162.8084|(830.8, 90.0)
162.8428|(822.2, 100.3)
162.8589|(822.1, 104.1)
162.8752|(827.3, 110.4)
162.892|(839.8, 115.6)
162.9084|(896.6, 127.5)
162.9256|(902.3, 123.5)
162.9423|(905.9, 123.4)
162.9592|(909.4, 124.3)
162.9928|(915.8, 121.1)
163.0256|(920.2, 124.8)
163.0421|(921.1, 123.3)
163.0757|(910.8, 130.7)
163.0927|(914.6, 126.7)
163.1263|(904.3, 133.1)
163.1425|(905.3, 138.2)
163.1757|(898.7, 160.0)
163.1922|(910.0, 182.3)
163.2258|(909.0, 183.8)
163.493|(855.2, 34.6)
163.5263|(856.1, 29.8)
163.5437|(843.1, 41.1)
163.5775|(795.2, 164.9)
163.6267|(796.3, 157.6)
163.6431|(811.8, 175.6)
163.6765|(837.4, 223.8)
163.6938|(827.0, 227.1)
163.7275|(824.3, 224.8)
163.7439|(814.9, 193.7)
163.7603|(818.2, 193.4)
163.7933|(821.9, 194.4)
163.8101|(812.4, 194.9)
163.861|(815.8, 199.4)
163.8942|(812.3, 201.3)
163.9436|(817.3, 175.8)
163.9944|(907.9, 129.0)
164.0282|(940.1, 107.1)
164.0769|(943.5, 101.7)
164.1107|(946.8, 94.9)
164.1272|(947.4, 96.5)
164.144|(947.6, 97.4)
164.1779|(955.8, 97.3)
164.2106|(993.9, 100.7)
164.2608|(1079.3, 123.3)
164.2946|(1083.7, 111.8)
164.3286|(1086.0, 98.1)
164.3447|(1096.1, 87.0)
164.3943|(1093.1, 94.5)
164.4452|(1074.4, 77.8)
164.4619|(1075.3, 81.5)
164.4788|(1063.4, 85.9)
164.4948|(1058.1, 90.1)
164.5278|(1016.1, 95.3)
164.5781|(1008.8, 97.9)
164.596|(1026.0, 98.6)
164.6447|(1045.8, 107.3)
164.6617|(1045.9, 109.9)
164.7118|(1080.2, 98.2)
164.7285|(1085.0, 96.7)
164.7461|(1093.0, 104.3)
164.7951|(1096.1, 99.8)
164.8114|(1096.7, 106.8)
164.8285|(1089.0, 99.0)
164.8452|(1087.2, 83.3)
164.8617|(1088.7, 90.4)
164.8792|(1115.1, 110.7)
164.8965|(1115.9, 109.7)
164.9132|(1117.6, 108.6)
164.93|(1117.0, 107.6)
164.9456|(1120.7, 111.3)
164.9784|(1118.9, 124.9)
164.9955|(1124.0, 123.5)
165.0292|(1098.7, 109.0)
165.0462|(1094.1, 97.3)
165.079|(1091.2, 86.3)
165.0958|(1102.8, 89.1)
165.1121|(1117.0, 83.7)
165.1461|(1098.0, 90.9)
165.1624|(1065.4, 103.8)
165.1799|(1020.6, 143.9)
165.1966|(967.1, 180.3)
165.2296|(915.3, 222.8)
165.2464|(908.6, 213.4)
165.2792|(907.4, 219.4)
165.296|(902.5, 204.7)
165.3127|(912.3, 176.7)
165.3296|(909.3, 165.3)
165.3637|(911.4, 163.9)
165.38|(903.3, 159.0)
165.3963|(899.7, 157.2)
165.4128|(911.7, 172.6)
165.4293|(907.5, 179.6)
165.4465|(907.1, 179.9)
165.4633|(913.4, 185.6)
165.4804|(908.7, 185.4)
165.5135|(897.3, 184.9)
165.53|(887.4, 184.9)
165.5462|(892.5, 186.3)
165.563|(865.0, 185.8)
165.5797|(826.9, 189.7)
165.5965|(823.4, 190.0)
165.6133|(821.0, 185.4)
165.6308|(818.5, 187.1)
165.6476|(821.5, 185.5)
165.68|(821.6, 184.9)
165.6964|(820.0, 188.2)
165.7131|(819.6, 187.8)
165.7302|(812.1, 180.5)
165.7466|(808.1, 210.6)
165.7641|(809.9, 224.1)
165.7811|(837.6, 641.3)
165.7967|(839.6, 667.2)
165.8302|(845.8, 702.8)
165.847|(849.0, 707.6)
165.8635|(859.6, 691.6)
165.8802|(861.1, 686.8)
165.8968|(863.4, 687.0)
165.9313|(859.7, 681.0)
165.9478|(858.8, 681.6)
165.9803|(864.5, 686.8)
165.9974|(871.1, 694.2)
166.0137|(872.6, 697.4)
166.0309|(870.6, 703.6)
166.047|(871.6, 707.5)
166.0643|(870.9, 708.3)
166.0818|(868.4, 709.0)
166.098|(858.8, 705.2)
166.1312|(862.3, 700.1)
166.1478|(863.9, 698.8)
166.1813|(859.8, 694.3)
166.1975|(860.0, 697.3)
166.2148|(866.8, 708.4)
166.2317|(864.2, 708.1)
166.2811|(871.9, 703.5)
166.2976|(865.2, 702.7)
166.331|(863.3, 715.9)
166.3483|(860.1, 720.5)
166.3653|(855.0, 711.8)
166.5984|(890.4, 609.9)
166.6149|(899.8, 622.3)
166.6316|(889.7, 617.2)
166.6483|(882.3, 618.5)
166.6658|(886.4, 637.1)
166.682|(890.5, 644.3)
166.6989|(889.5, 662.0)
166.7336|(894.7, 667.4)
166.7484|(895.3, 684.1)
166.7652|(896.3, 688.9)
166.7816|(894.4, 690.2)
166.7987|(896.1, 679.4)
166.8159|(896.8, 674.2)
166.8322|(895.3, 673.2)
166.8824|(892.4, 671.5)
166.9153|(886.7, 674.0)
166.9323|(888.6, 672.0)
166.9493|(898.5, 668.4)
166.9665|(894.4, 662.8)
166.9822|(898.8, 654.5)
166.9989|(901.5, 663.3)
167.0323|(901.8, 671.1)
167.0484|(897.5, 683.5)
167.066|(896.0, 675.6)
167.0824|(898.0, 686.0)
167.0994|(899.9, 688.6)
167.1162|(906.6, 685.2)
167.1328|(907.8, 684.0)
167.1489|(907.4, 682.5)
167.1824|(901.7, 683.3)
167.199|(900.6, 683.4)
167.216|(860.9, 672.0)
167.2328|(847.6, 674.4)
167.2498|(846.2, 674.4)
167.2667|(841.7, 679.0)
167.2823|(842.6, 680.2)
167.2989|(843.2, 687.6)
167.3327|(837.9, 689.4)
167.3501|(838.3, 688.3)
167.3663|(836.3, 688.0)
167.383|(834.1, 681.9)
167.3997|(838.8, 682.1)
167.4162|(842.6, 683.6)
167.4337|(840.6, 683.4)
167.4491|(841.5, 683.5)
167.4825|(837.6, 681.9)
167.4998|(831.1, 665.2)
167.5164|(828.2, 667.5)
167.5333|(835.7, 677.0)
167.5502|(834.3, 675.9)
167.5676|(840.3, 676.5)
167.5831|(840.7, 678.2)
167.6001|(840.3, 679.1)
167.6332|(839.8, 678.2)
167.6504|(833.1, 670.3)
167.6663|(831.0, 676.2)
167.6835|(829.5, 679.3)
167.7005|(825.3, 658.8)
167.7177|(823.2, 662.0)
167.7336|(821.2, 662.0)
167.7502|(806.1, 660.1)
167.7831|(791.1, 654.4)
167.8006|(780.3, 654.1)
167.8169|(767.2, 651.7)
167.8342|(765.7, 652.8)
167.8504|(766.7, 658.2)
167.8672|(769.0, 657.5)
167.884|(770.1, 657.9)
167.9011|(769.7, 660.1)
167.9336|(772.7, 656.6)
167.9503|(773.9, 655.7)
168.0838|(831.9, 571.4)
168.1008|(853.5, 557.4)
168.1174|(852.7, 611.6)
168.1351|(851.6, 615.1)
168.1512|(851.5, 612.1)
168.1678|(840.6, 614.8)
168.1845|(837.2, 621.0)
168.2006|(826.5, 636.0)
168.2341|(820.8, 630.2)
168.2509|(820.2, 631.9)
168.2677|(817.4, 638.4)
168.2848|(819.8, 646.7)
168.3027|(820.4, 647.5)
168.3177|(823.4, 651.5)
168.3348|(830.8, 655.8)
168.3506|(831.4, 663.8)
168.3843|(832.8, 665.7)
168.4015|(826.0, 669.2)
168.4179|(823.1, 669.8)
168.435|(801.3, 662.9)
168.4514|(798.5, 659.1)
168.468|(798.9, 655.5)
168.485|(797.4, 653.8)
168.5011|(796.7, 652.6)
168.5345|(794.3, 657.8)
168.5515|(797.3, 656.8)
168.5691|(800.9, 655.9)
168.5852|(796.7, 654.7)
168.6024|(793.2, 662.7)
168.6185|(792.9, 662.7)
168.635|(792.6, 660.0)
168.6514|(787.2, 651.2)
168.6852|(791.7, 649.7)
168.702|(793.8, 649.1)
168.7187|(794.3, 648.0)
168.7359|(798.3, 645.6)
168.7528|(799.5, 647.0)
168.7685|(796.3, 644.4)
168.7853|(794.4, 639.7)
168.8016|(793.9, 639.4)
168.8357|(790.1, 638.1)
168.852|(788.5, 637.1)
168.8693|(789.9, 636.4)
168.8857|(816.5, 650.9)
168.9022|(803.0, 648.4)
168.9186|(801.4, 647.6)
168.9355|(797.4, 649.9)
168.9519|(800.6, 648.0)
168.9853|(805.4, 639.2)
169.0019|(819.0, 629.0)
169.0192|(832.1, 624.4)
169.0361|(833.7, 621.0)
169.0527|(834.8, 621.1)
169.0692|(836.1, 621.0)
169.0854|(834.5, 623.2)
169.1025|(835.1, 625.4)
169.1358|(831.9, 626.4)
169.1526|(822.9, 632.3)
169.1695|(822.0, 629.9)
169.1872|(830.3, 626.7)
169.2027|(848.0, 625.3)
169.2194|(875.2, 624.8)
169.2358|(878.6, 623.6)
169.2527|(889.2, 622.6)
169.2865|(923.9, 616.7)
169.3023|(927.3, 621.4)
169.3195|(934.7, 620.7)
169.3371|(939.6, 622.7)
169.3523|(942.2, 628.3)
169.3697|(944.8, 627.9)
169.3858|(946.0, 627.5)
169.4026|(945.5, 628.4)
169.4363|(942.9, 632.7)
169.4532|(937.2, 636.0)
169.4698|(926.0, 639.8)
169.4873|(926.3, 638.9)
169.5036|(922.1, 631.5)
169.5201|(922.3, 630.2)
169.5368|(923.4, 632.8)
169.5529|(927.3, 630.3)
169.5865|(986.2, 621.0)
169.6033|(1055.1, 634.4)
169.6208|(1078.1, 638.1)
169.6376|(1066.5, 634.5)
169.6536|(1067.3, 634.5)
169.6698|(1078.4, 637.8)
169.6867|(1076.0, 636.2)
169.703|(1080.5, 624.2)
169.7369|(1084.0, 626.3)
169.7541|(1083.1, 626.1)
169.771|(1091.9, 627.6)
169.7873|(1095.4, 627.5)
169.8044|(1102.7, 628.6)
169.8202|(1099.2, 629.3)
169.8373|(1095.4, 631.1)
169.8535|(1095.0, 642.8)
169.8869|(1093.1, 639.3)
169.9041|(1093.7, 642.3)
169.9208|(1093.8, 640.4)
169.9367|(1094.8, 637.2)
169.9538|(1105.4, 631.8)
169.9706|(1099.9, 630.0)
169.9869|(1088.3, 628.9)
170.0038|(1082.0, 627.3)
170.0377|(1072.1, 624.3)
170.054|(1064.3, 630.2)
170.0709|(1060.3, 632.6)
170.088|(1058.8, 634.0)
170.104|(1056.4, 630.9)
170.1205|(1055.6, 630.6)
170.1372|(1056.9, 631.5)
170.1539|(1054.5, 633.2)
170.1874|(1051.6, 626.4)
170.2044|(1056.1, 639.3)
170.2216|(937.6, 656.2)
170.2376|(961.6, 660.3)
170.2548|(934.0, 682.1)
170.2709|(934.5, 684.5)
170.2875|(922.5, 699.8)
170.3042|(904.1, 716.3)
170.3375|(907.1, 750.9)
170.3552|(914.4, 747.6)
170.3722|(900.0, 753.9)
170.388|(901.1, 753.5)
170.4046|(905.3, 753.0)
170.421|(897.7, 712.0)
170.4375|(902.7, 702.6)
170.4548|(906.8, 696.1)
170.4881|(928.1, 690.9)
170.5059|(908.6, 693.3)
170.5213|(881.3, 705.5)
170.5385|(860.9, 713.6)
170.5547|(846.2, 710.5)
170.5722|(847.2, 700.0)
170.5879|(842.3, 699.1)
170.6048|(838.8, 705.3)
170.6384|(849.4, 688.4)
170.6562|(850.7, 688.3)
170.6723|(856.1, 687.4)
170.6881|(855.6, 691.0)
170.7052|(860.9, 694.6)
170.7214|(868.5, 697.2)
170.7383|(878.2, 693.7)
170.7552|(1067.0, 640.6)
170.7885|(1075.7, 640.6)
170.8062|(1088.5, 639.0)
170.8226|(1111.1, 644.7)
170.8393|(1111.7, 643.6)
170.8552|(1114.7, 638.1)
170.8718|(1117.9, 630.7)
170.8892|(1122.6, 626.8)
170.9056|(1123.0, 623.2)
170.9391|(1120.8, 617.1)
170.9558|(1108.9, 618.5)
170.9721|(1114.9, 618.0)
170.9892|(1121.1, 625.6)
171.0064|(1158.9, 633.3)
171.0218|(1147.5, 630.8)
171.0388|(1151.9, 632.9)
171.0559|(1187.2, 637.6)
171.0891|(1246.0, 652.5)
171.1061|(1247.4, 648.5)
171.1227|(1243.7, 650.0)
171.1392|(1240.4, 646.2)
171.1556|(1240.7, 646.2)
171.1724|(1244.2, 650.9)
171.1888|(1246.0, 653.3)
171.2064|(1241.7, 655.4)
171.2394|(1231.0, 660.3)
171.2566|(1202.6, 671.0)
171.2732|(963.3, 620.9)
171.2894|(928.5, 605.6)
171.3059|(921.8, 603.6)
171.3224|(925.0, 596.5)
171.3394|(926.6, 590.2)
171.3563|(905.2, 584.5)
171.3899|(889.6, 594.1)
171.4071|(883.1, 601.7)
171.423|(886.7, 596.9)
171.4397|(890.7, 588.3)
171.4561|(892.1, 585.8)
171.4727|(894.2, 585.4)
171.4899|(894.8, 585.8)
171.5896|(892.7, 541.3)
171.6399|(772.4, 438.4)
171.6567|(795.2, 491.3)
171.6732|(784.0, 479.2)
171.691|(836.2, 550.4)
171.7072|(833.5, 552.7)
171.7233|(835.8, 552.8)
171.7405|(811.2, 568.1)
171.7564|(800.6, 571.3)
171.7737|(795.5, 571.1)
171.79|(792.6, 570.0)
171.8075|(790.9, 576.1)
171.8405|(790.1, 575.2)
171.8574|(797.8, 583.5)
171.8736|(801.1, 586.7)
171.8907|(800.1, 583.4)
171.9069|(802.8, 585.9)
171.9238|(802.7, 585.3)
171.9406|(803.6, 585.9)
171.957|(805.7, 590.7)
171.9907|(811.3, 588.7)
172.0074|(824.6, 589.8)
172.0237|(835.4, 588.2)
172.0407|(847.4, 595.1)
172.0569|(850.2, 596.8)
172.0741|(847.7, 597.6)
172.0907|(850.1, 598.8)
172.1078|(850.9, 601.0)
172.1242|(854.4, 600.9)
172.1419|(859.6, 605.0)
172.1579|(862.3, 604.8)
172.1744|(868.3, 596.7)
172.191|(866.6, 597.2)
172.2076|(868.7, 592.0)
172.2241|(870.2, 590.2)
172.2409|(866.5, 593.5)
172.3576|(890.4, 524.1)
172.4077|(821.2, 535.1)
172.4422|(807.0, 521.7)
172.4576|(808.7, 523.2)
172.4745|(810.6, 546.7)
172.4912|(808.5, 543.5)
172.508|(809.6, 552.5)
172.525|(809.9, 574.5)
172.5412|(808.8, 574.7)
172.5588|(805.6, 574.7)
172.575|(801.7, 577.6)
172.5923|(804.1, 579.8)
172.6086|(803.8, 578.7)
172.6247|(807.8, 579.0)
172.6414|(817.9, 578.9)
172.6584|(832.4, 578.5)
172.6747|(839.2, 584.1)
172.6917|(841.0, 586.0)
172.7086|(856.5, 583.3)
172.7428|(879.1, 586.6)
172.7584|(878.3, 588.1)
172.7753|(877.9, 589.6)
172.7915|(876.5, 586.7)
172.8085|(875.3, 578.7)
172.8253|(875.9, 569.0)
172.842|(874.9, 566.2)
172.8588|(877.5, 569.4)
172.8929|(903.2, 573.6)
172.9089|(921.5, 574.2)
172.9253|(936.6, 578.5)
172.942|(942.6, 580.4)
172.9592|(951.2, 581.8)
172.9759|(957.4, 581.1)
172.9921|(956.3, 578.6)
173.0088|(960.9, 574.1)
173.0268|(958.7, 576.6)
173.0423|(959.6, 576.6)
173.059|(958.6, 580.7)
173.0756|(958.7, 581.1)
173.0921|(956.6, 584.5)
173.1091|(955.7, 588.2)
173.1255|(958.0, 589.3)
173.1424|(961.1, 591.0)
173.1593|(960.3, 589.5)
173.1764|(956.7, 591.8)
173.1933|(951.6, 591.3)
173.2092|(853.4, 567.1)
173.226|(845.4, 563.6)
173.2427|(837.8, 561.5)
173.2593|(826.8, 563.3)
173.2761|(817.3, 563.1)
173.2925|(817.2, 563.2)
173.3096|(817.0, 564.2)
173.3264|(810.3, 571.1)
173.3433|(815.5, 573.3)
173.3594|(818.5, 573.6)
173.3764|(818.1, 575.0)
173.3927|(825.4, 574.6)
173.4099|(823.1, 575.9)
173.426|(820.4, 567.9)
173.4432|(813.7, 570.7)
173.4599|(805.9, 574.3)
173.4769|(803.9, 573.6)
173.4931|(806.0, 567.8)
173.5104|(797.8, 569.9)
173.5261|(798.1, 572.1)
173.543|(800.1, 576.1)
173.5601|(806.8, 574.7)
173.5765|(816.3, 564.5)
173.5935|(842.4, 538.2)
173.6101|(847.2, 521.4)
173.6271|(859.4, 504.3)
173.6442|(859.4, 501.9)
173.66|(858.2, 503.8)
173.6768|(852.7, 501.6)
173.6931|(852.3, 497.9)
173.7103|(852.8, 496.7)
173.7268|(852.4, 497.2)
173.7436|(857.8, 491.9)
173.7607|(859.0, 489.4)
173.7777|(861.7, 487.6)
173.794|(870.2, 487.1)
173.8103|(870.4, 491.3)
173.8267|(871.4, 489.5)
173.8433|(863.3, 493.8)
173.86|(844.0, 491.3)
173.8769|(803.4, 489.5)
173.8943|(787.4, 495.2)
173.9113|(782.5, 495.9)
173.9273|(772.5, 496.7)
173.944|(770.0, 507.1)
173.9604|(766.2, 505.9)
173.9769|(764.9, 510.0)
173.9936|(763.2, 510.4)
174.0105|(759.3, 513.2)
174.0271|(757.5, 512.5)
174.0441|(754.0, 510.4)
174.0608|(753.2, 507.5)
174.078|(753.9, 497.0)
174.0945|(755.8, 493.8)
174.1108|(758.8, 493.7)
174.1273|(774.3, 499.6)
174.144|(800.5, 501.6)
174.1607|(860.8, 499.8)
174.1783|(873.9, 490.0)
174.1946|(876.8, 487.6)
174.2119|(883.9, 488.0)
174.2278|(898.3, 481.9)
174.2446|(895.6, 471.4)
174.2611|(897.2, 478.7)
174.2776|(904.3, 493.7)
174.2944|(904.7, 494.3)
174.3116|(906.8, 493.0)
174.3281|(909.4, 494.2)
174.3452|(912.6, 492.8)
174.362|(927.6, 487.1)
174.378|(940.0, 484.0)
174.3943|(960.1, 486.8)
174.4111|(967.8, 489.5)
174.4275|(969.9, 489.8)
174.4452|(991.2, 487.6)
174.4615|(998.7, 494.1)
174.478|(1000.6, 491.4)
174.4951|(1000.5, 493.8)
174.5123|(1001.8, 494.6)
174.5283|(1002.1, 494.0)
174.5453|(999.0, 499.0)
174.5613|(1000.0, 502.5)
174.5784|(1000.2, 503.5)
174.5949|(1004.7, 506.6)
174.6116|(1005.3, 502.4)
174.6288|(1006.6, 505.0)
174.6457|(1009.0, 497.0)
174.6786|(998.8, 482.8)
174.6953|(1000.0, 484.7)
174.7117|(998.0, 486.5)
174.7285|(999.9, 490.5)
174.7451|(999.2, 488.8)
174.7619|(1008.9, 497.2)
174.7786|(1080.6, 487.8)
174.8125|(1072.3, 493.3)
174.8287|(1089.2, 490.1)
174.8459|(1089.3, 497.4)
174.8618|(1083.3, 484.3)
174.8784|(1085.3, 495.1)
174.8953|(1086.5, 478.6)
174.9122|(1089.9, 482.8)
174.9291|(1089.5, 481.4)
174.9463|(1089.3, 479.9)
174.9628|(1092.1, 479.4)
174.9793|(1090.8, 484.5)
174.9959|(1081.1, 481.0)
175.0122|(1084.7, 480.9)
175.0288|(1080.2, 481.9)
175.0458|(1085.9, 488.1)
175.0622|(1084.7, 488.3)
175.0792|(1093.1, 496.1)
175.0968|(1107.0, 498.7)
175.1295|(1130.8, 500.9)
175.1459|(1136.5, 500.5)
175.1629|(1152.5, 498.4)
175.1793|(1147.3, 500.2)
175.1959|(1155.8, 503.8)
175.2133|(1160.5, 503.4)
175.2294|(1155.9, 500.4)
175.2468|(1145.5, 503.2)
175.2795|(1144.4, 503.8)
175.296|(1144.0, 503.1)
175.3125|(1145.5, 506.4)
175.3293|(1145.4, 504.1)
175.3461|(1147.4, 502.5)
175.3632|(1148.3, 501.2)
175.5139|(982.8, 438.9)
175.5309|(985.9, 462.5)
175.5465|(990.7, 461.7)
175.58|(988.2, 458.6)
175.5964|(987.5, 462.5)
175.6132|(990.4, 469.2)
175.6299|(1000.2, 476.0)
175.6467|(1002.1, 486.7)
175.6636|(1002.5, 487.5)
175.6811|(995.8, 491.7)
175.697|(994.3, 490.0)
175.914|(1029.4, 453.0)
175.9307|(1045.7, 457.5)
175.9473|(1047.7, 461.7)
175.9646|(1039.0, 446.1)
175.9815|(1032.8, 444.1)
175.9978|(1034.0, 448.0)
176.0308|(1027.4, 448.2)
176.047|(1026.7, 454.1)
176.0642|(1025.4, 468.4)
176.0806|(1027.4, 467.9)
176.0971|(1032.2, 495.3)
176.1152|(1034.5, 503.7)
176.1317|(1039.9, 511.3)
176.1473|(1042.7, 510.2)
176.181|(1046.0, 505.6)
176.1972|(1048.1, 511.5)
176.2143|(1045.3, 509.1)
176.2308|(1042.6, 513.3)
176.2475|(1041.4, 512.2)
176.2648|(1038.6, 508.3)
176.2814|(1036.5, 504.7)
176.2978|(1035.2, 501.6)
176.3314|(1032.2, 487.7)
176.3476|(1027.8, 481.3)
176.3644|(1026.7, 476.8)
176.3809|(1028.4, 473.9)
176.3977|(1028.9, 476.1)
176.4157|(1029.9, 479.2)
176.4321|(1032.6, 479.9)
176.4482|(1035.2, 480.9)
176.4815|(1035.8, 482.4)
176.4977|(1039.3, 486.1)
176.5152|(1038.1, 485.8)
176.5316|(1038.6, 493.5)
176.5484|(1037.6, 490.4)
176.5653|(1041.8, 491.0)
176.5822|(1043.4, 484.5)
176.5981|(1044.2, 487.0)
176.6316|(1044.9, 486.7)
176.6485|(1044.3, 487.1)
176.665|(1038.1, 488.1)
176.6814|(1037.4, 487.4)
176.6985|(1041.5, 491.2)
176.7154|(1047.9, 487.2)
176.7323|(1047.8, 492.0)
176.7483|(1048.4, 489.9)
176.7821|(1041.9, 484.5)
176.7986|(1043.3, 487.9)
176.815|(1046.8, 491.4)
176.8319|(1049.3, 493.4)
176.8489|(1041.0, 485.9)
176.8664|(1040.6, 489.0)
176.8829|(1036.0, 489.5)
176.8986|(969.6, 484.3)
176.932|(926.8, 478.4)
176.9485|(920.6, 477.9)
176.9658|(913.0, 488.3)
176.9823|(919.1, 503.6)
177.0161|(920.1, 502.4)
177.0323|(921.3, 497.4)
177.0487|(919.8, 496.3)
177.0827|(920.2, 492.0)
177.0992|(919.9, 495.5)
177.1167|(919.7, 494.8)
177.1324|(915.9, 484.9)
177.1496|(915.4, 488.1)
177.1663|(912.7, 489.2)
177.1828|(917.4, 496.0)
177.1987|(917.4, 497.0)
177.2325|(915.1, 498.4)
177.2497|(916.5, 500.1)
177.2657|(918.7, 494.3)
177.2825|(922.6, 490.2)
177.2997|(927.1, 488.5)
177.3169|(928.5, 487.6)
177.3332|(926.4, 486.2)
177.3493|(928.7, 485.2)
177.3829|(926.4, 491.2)
177.3995|(925.6, 492.3)
177.4164|(924.5, 487.7)
177.4332|(923.9, 486.0)
177.4502|(949.1, 485.9)
177.4672|(962.6, 484.4)
177.4834|(970.1, 486.0)
177.4998|(980.3, 486.4)
177.533|(998.8, 486.9)
177.5498|(1001.9, 486.9)
177.5668|(1012.6, 477.1)
177.5834|(1016.0, 474.2)
177.6005|(1013.4, 486.2)
177.7505|(856.4, 421.9)
177.7666|(889.7, 413.3)
177.7842|(864.7, 362.5)
177.8|(863.3, 381.7)
177.8332|(870.0, 400.8)
177.8502|(875.5, 422.9)
177.8673|(873.9, 437.0)
177.8838|(869.4, 469.9)
177.9012|(869.8, 463.2)
177.9178|(868.4, 481.3)
177.9339|(867.7, 482.8)
177.9499|(864.9, 491.2)
177.9836|(866.4, 488.4)
178.0006|(866.9, 487.3)
178.0178|(876.6, 481.2)
178.0347|(876.5, 481.4)
178.0518|(877.9, 488.2)
178.0681|(878.2, 485.6)
178.084|(879.2, 483.0)
178.1008|(879.2, 480.2)
178.134|(878.3, 481.6)
178.1508|(871.2, 478.2)
178.1673|(868.9, 475.3)
178.1849|(865.7, 471.3)
178.2011|(859.6, 478.5)
178.2171|(858.4, 482.4)
178.2345|(858.3, 482.4)
178.2509|(875.1, 495.9)
178.2842|(878.3, 499.0)
178.301|(877.7, 484.4)
178.3179|(872.6, 484.3)
178.335|(869.8, 486.1)
178.351|(873.8, 488.9)
178.3678|(873.1, 488.6)
178.3846|(872.0, 488.0)
178.4015|(877.7, 490.2)
178.4343|(879.1, 485.5)
178.4513|(878.5, 481.9)
178.4679|(873.4, 475.6)
178.5017|(907.2, 190.2)
178.5183|(931.6, 56.3)
178.5347|(932.8, 53.6)
178.5513|(934.5, 41.3)
178.5849|(936.1, 22.6)
178.6017|(939.2, 15.1)
178.6184|(938.0, 17.5)
178.6357|(938.5, 16.3)
178.6524|(946.9, 24.3)
178.6683|(945.1, 37.5)
178.6851|(935.9, 61.9)
178.7016|(926.5, 82.3)
178.7355|(900.2, 139.4)
178.7517|(890.7, 166.5)
178.7686|(853.4, 253.4)
178.786|(840.9, 269.9)
178.8021|(841.7, 268.2)
178.819|(841.8, 266.3)
178.8352|(842.8, 264.2)
178.8523|(841.5, 267.7)
178.8852|(840.7, 268.0)
178.9021|(840.9, 268.7)
178.919|(852.3, 265.8)
179.1196|(831.1, 293.2)
179.152|(831.1, 293.2)
179.1859|(885.2, 167.0)
179.2025|(902.0, 90.1)
179.2196|(919.5, 119.8)
179.2363|(912.5, 145.4)
179.2526|(913.4, 162.5)
179.2693|(914.5, 198.0)
179.2865|(892.0, 212.0)
179.3025|(890.7, 215.5)
179.3361|(890.3, 240.8)
179.3533|(898.5, 264.6)
179.3702|(887.8, 286.0)
179.3863|(892.9, 285.5)
179.4034|(890.0, 289.2)
179.4196|(893.4, 288.9)
179.436|(892.1, 285.8)
179.4531|(892.8, 288.4)
179.4861|(874.9, 279.2)
179.5033|(853.8, 279.7)
179.5205|(835.6, 279.4)
179.537|(792.9, 289.1)
179.5532|(776.5, 294.3)
179.5697|(776.7, 296.0)
179.5864|(777.7, 295.4)
179.6027|(782.0, 294.3)
179.8535|(789.1, 148.1)
179.8701|(782.4, 166.7)
179.8864|(782.3, 199.0)
179.9036|(747.6, 194.1)
179.9374|(742.0, 195.0)
179.9541|(754.8, 225.7)
179.9705|(754.3, 243.1)
179.9873|(745.2, 253.7)
180.0035|(744.3, 251.1)
180.0206|(746.4, 257.5)
180.0371|(743.1, 268.3)
180.0541|(742.7, 273.6)
180.0876|(749.4, 265.1)
180.1039|(744.2, 263.0)
180.1218|(744.4, 263.5)
180.1377|(747.9, 266.5)
180.1541|(754.1, 271.9)
180.1708|(758.7, 276.3)
180.1875|(757.4, 275.0)
180.2044|(763.7, 278.8)
180.2379|(788.0, 281.1)
180.255|(813.1, 285.6)
180.2719|(836.4, 285.7)
180.2873|(844.8, 285.4)
180.3046|(849.9, 286.5)
180.3212|(850.6, 286.6)
180.3376|(850.0, 291.2)
180.3541|(850.2, 291.8)
180.3883|(848.0, 291.3)
180.4053|(843.6, 285.7)
180.4218|(829.8, 277.3)
180.4389|(829.6, 278.0)
180.455|(831.5, 283.8)
180.4711|(854.4, 288.1)
180.488|(906.0, 298.8)
180.5043|(927.0, 299.1)
180.5386|(945.2, 306.0)
180.5551|(950.5, 295.5)
180.5723|(944.4, 296.2)
180.589|(940.7, 300.2)
180.6047|(941.1, 297.9)
180.6213|(940.8, 297.6)
180.638|(941.1, 291.2)
180.6553|(943.2, 285.7)
180.6887|(947.5, 286.7)
180.7057|(946.7, 287.4)
180.7228|(964.5, 288.2)
180.7386|(959.8, 289.1)
180.7551|(971.7, 287.9)
180.7716|(976.2, 287.3)
180.7887|(991.6, 284.2)
180.8054|(1008.0, 283.0)
180.8389|(1021.2, 285.8)
180.8566|(1019.9, 285.0)
180.8719|(1017.1, 277.7)
180.8884|(1019.5, 275.5)
180.9052|(1022.4, 272.7)
180.9218|(1025.2, 268.4)
180.9386|(1025.7, 267.5)
180.9559|(1026.3, 269.4)
180.9891|(1029.4, 281.2)
181.0062|(1031.3, 286.7)
181.0226|(1033.8, 294.5)
181.0394|(1034.4, 293.6)
181.0558|(1003.0, 268.9)
181.0722|(1000.4, 266.7)
181.0887|(988.0, 263.0)
181.106|(988.6, 258.7)
181.1394|(985.0, 257.5)
181.1568|(992.0, 244.2)
181.1734|(994.1, 230.1)
181.1889|(992.1, 226.7)
181.2056|(980.6, 226.1)
181.2226|(979.0, 224.1)
181.2396|(971.8, 218.9)
181.2559|(940.5, 199.8)
181.2896|(930.3, 192.5)
181.3064|(919.1, 180.0)
181.3227|(918.6, 182.6)
181.3395|(918.0, 184.1)
181.3558|(917.3, 185.9)
181.3725|(918.6, 188.0)
181.3897|(918.8, 187.7)
181.4061|(918.2, 187.3)
181.4398|(907.8, 174.1)
181.456|(900.8, 170.1)
181.4741|(888.9, 180.6)
181.4896|(865.0, 197.9)
181.5063|(859.6, 198.6)
181.5231|(838.9, 199.3)
181.5399|(827.1, 183.6)
181.5569|(821.3, 184.4)
181.5907|(814.2, 189.7)
181.6069|(806.9, 193.8)
181.6233|(804.3, 201.3)
181.6397|(803.8, 202.8)
181.6566|(803.8, 202.2)
181.6732|(813.3, 194.1)
181.6901|(818.9, 195.3)
181.7066|(824.9, 198.9)
181.7402|(829.5, 198.0)
181.7573|(825.3, 198.0)
181.7736|(823.8, 197.5)
181.7904|(823.1, 196.3)
181.8065|(817.9, 192.3)
181.8238|(817.4, 192.2)
181.8405|(813.9, 187.6)
181.8568|(817.1, 191.3)
181.8908|(840.1, 189.2)
181.9905|(830.5, 50.2)
182.0242|(754.5, 560.5)
182.041|(775.5, 639.6)
182.0573|(774.2, 644.9)
182.074|(769.2, 642.4)
182.0905|(776.1, 663.2)
182.1072|(777.3, 680.6)
182.1241|(783.2, 701.4)
182.1408|(784.4, 713.4)
182.1579|(778.0, 728.8)
182.1915|(767.9, 747.8)
182.2075|(771.3, 746.2)
182.2245|(765.6, 758.9)
182.2412|(766.1, 761.0)
182.2577|(770.2, 752.2)
182.2743|(774.9, 750.9)
182.291|(776.1, 751.4)
182.3077|(778.1, 751.0)
182.3417|(781.5, 756.5)
182.3577|(775.7, 760.1)
182.3744|(760.6, 762.5)
182.3917|(758.5, 760.0)
182.4081|(761.2, 754.7)
182.4248|(768.5, 749.5)
182.4413|(768.4, 749.7)
182.4585|(766.4, 748.6)
182.4749|(768.6, 747.2)
182.4918|(768.5, 744.4)
182.5084|(809.5, 419.2)
182.5251|(821.8, 309.9)
182.5416|(829.2, 243.9)
182.5583|(840.8, 183.0)
182.5745|(843.8, 181.2)
182.5917|(848.0, 179.8)
182.6084|(851.7, 178.3)
182.6425|(844.5, 184.8)
182.6585|(841.6, 189.4)
182.6752|(837.1, 197.5)
182.6916|(838.6, 193.8)
182.7082|(844.4, 179.7)
182.7252|(851.6, 172.7)
182.7417|(853.2, 171.5)
182.7588|(855.4, 173.1)
182.7756|(857.1, 178.7)
182.792|(860.0, 179.2)
182.8087|(850.1, 188.9)
182.8254|(851.2, 193.2)
182.8415|(852.7, 188.1)
182.8587|(853.0, 188.2)
182.8755|(854.3, 184.9)
182.8919|(854.9, 182.6)
182.9088|(855.0, 174.5)
182.9257|(855.8, 175.6)
182.9424|(851.0, 172.3)
182.9586|(849.2, 177.6)
182.9754|(849.6, 175.8)
182.9922|(848.4, 177.8)
183.0089|(848.5, 179.2)
183.0255|(847.8, 180.7)
183.0421|(848.2, 180.0)
183.0592|(855.3, 178.8)
183.0759|(856.3, 178.5)
183.0927|(852.1, 178.0)
183.1092|(855.2, 173.5)
183.126|(855.1, 171.2)
183.1421|(853.7, 173.7)
183.1591|(850.8, 177.0)
183.1756|(849.5, 179.4)
183.1931|(848.3, 184.6)
183.2093|(849.9, 184.0)
183.2266|(850.0, 190.6)
183.2433|(851.8, 188.3)
183.2597|(836.4, 372.3)
183.2758|(836.0, 390.0)
183.2925|(835.7, 400.1)
183.3093|(835.6, 405.4)
183.3262|(836.3, 409.6)
183.3424|(838.9, 404.0)
183.3597|(838.2, 400.8)
183.377|(831.5, 411.2)
183.3931|(831.1, 415.2)
183.4101|(832.2, 410.8)
183.4258|(833.9, 406.1)
183.4434|(834.6, 406.8)
183.4597|(832.3, 407.0)
183.4763|(832.2, 406.5)
183.4935|(829.1, 403.6)
183.5097|(829.9, 403.9)
183.5272|(828.3, 401.3)
183.5437|(829.7, 397.0)
183.5598|(830.8, 395.0)
183.5765|(825.6, 409.3)
183.5932|(828.4, 408.6)
183.6095|(823.6, 447.4)
183.6267|(816.7, 483.6)
183.6432|(813.9, 505.9)
183.661|(813.3, 518.5)
183.6772|(808.4, 560.1)
183.6937|(813.4, 563.3)
183.7103|(811.0, 561.8)
183.7265|(811.1, 558.1)
183.7432|(808.8, 558.9)
183.7603|(807.0, 559.7)
183.7769|(804.7, 560.9)
183.7941|(801.8, 571.6)
183.8105|(802.2, 571.9)
183.8276|(800.6, 582.4)
183.8436|(790.7, 588.5)
183.8602|(787.3, 586.0)
183.8765|(783.9, 576.5)
183.894|(784.4, 579.8)
183.9108|(786.6, 580.5)
183.9273|(786.9, 579.5)
183.9443|(789.7, 574.9)
183.9609|(802.7, 560.4)
183.9774|(806.0, 560.1)
183.9938|(804.7, 557.3)
184.0107|(806.5, 553.6)
184.027|(803.7, 548.9)
184.0445|(805.5, 549.9)
184.0606|(809.7, 507.0)
184.0772|(860.3, 244.0)
184.0946|(874.8, 103.7)
184.1281|(886.8, 30.2)
184.1443|(887.3, 36.9)
184.1608|(885.2, 44.0)
184.1774|(888.1, 49.4)
184.1945|(890.8, 49.5)
184.211|(894.7, 52.5)
184.2275|(905.0, 54.4)
184.2617|(896.8, 55.4)
184.2781|(893.4, 54.8)
184.2943|(901.9, 62.4)
184.3106|(904.3, 60.5)
184.3281|(910.3, 59.5)
184.3447|(911.7, 57.8)
184.3609|(911.8, 55.1)
184.3784|(915.6, 59.6)
184.5461|(1049.3, 6.3)
184.5782|(1039.5, 76.7)
184.595|(1032.7, 116.1)
184.6112|(1019.0, 73.9)
184.6283|(1002.0, 75.7)
184.6446|(984.1, 77.1)
184.6618|(987.3, 78.9)
184.6787|(1003.1, 93.5)
184.6959|(1011.2, 104.9)
184.729|(1015.7, 111.9)
184.7452|(1017.7, 115.2)
184.7614|(1021.1, 120.6)
184.7782|(1029.8, 133.4)
184.7955|(1027.2, 124.6)
184.812|(1025.3, 127.0)
184.8288|(1023.0, 129.2)
184.8463|(1006.2, 153.2)
184.879|(946.1, 245.8)
184.8956|(892.9, 329.7)
184.9121|(891.5, 341.0)
184.9292|(890.6, 374.0)
184.9451|(885.5, 389.9)
184.9623|(885.0, 467.7)
184.9795|(875.7, 506.6)
184.9964|(867.9, 498.3)
185.0292|(865.0, 493.7)
185.0458|(870.0, 496.1)
185.0622|(870.9, 496.7)
185.0787|(874.9, 499.6)
185.0957|(876.4, 501.0)
185.1121|(861.5, 568.0)
185.1302|(867.3, 612.5)
185.147|(866.0, 622.0)
185.1793|(869.5, 623.9)
185.1959|(861.4, 625.0)
185.2122|(864.0, 625.1)
185.2293|(867.6, 626.2)
185.2464|(857.4, 629.3)
185.2632|(848.4, 634.5)
185.2966|(848.2, 633.6)
185.3132|(850.1, 634.4)
185.3296|(849.4, 634.1)
185.346|(847.7, 637.5)
185.3626|(849.1, 636.8)
185.3803|(843.2, 639.0)
185.3966|(838.6, 639.5)
185.4132|(840.8, 636.3)
185.4304|(845.9, 633.3)
185.4469|(849.6, 624.4)
185.48|(853.8, 621.2)
185.4967|(860.3, 620.0)
185.5131|(869.4, 625.5)
185.5299|(900.8, 644.6)
185.5465|(904.5, 645.3)
185.5636|(903.0, 637.2)
185.5805|(905.7, 618.0)
185.5966|(905.6, 616.2)
185.6302|(904.5, 609.3)
185.6465|(903.4, 612.6)
185.6633|(902.8, 621.6)
185.6801|(912.1, 622.6)
185.6963|(932.7, 631.2)
185.7136|(969.8, 632.2)
185.7298|(983.5, 634.5)
185.7468|(1000.1, 639.8)
185.7799|(1002.0, 641.7)
185.7968|(1000.8, 635.3)
185.8134|(1001.6, 635.3)
185.8299|(1003.4, 637.9)
185.8467|(1012.7, 642.7)
185.8646|(1014.1, 641.1)
185.8802|(1010.5, 631.9)
185.8968|(1011.5, 631.7)
185.9307|(1021.3, 632.0)
185.9465|(1019.5, 630.6)
185.9637|(1030.6, 636.1)
185.98|(1049.6, 637.7)
185.997|(1049.7, 635.7)
186.0143|(1064.9, 634.5)
186.0308|(1065.0, 634.1)
186.0471|(1065.2, 634.7)
186.0805|(1066.3, 638.8)
186.0976|(1067.9, 640.2)
186.1141|(1081.4, 640.6)
186.1304|(1085.9, 647.7)
186.1472|(1085.2, 644.6)
186.1658|(1085.8, 646.3)
186.1809|(1083.4, 643.2)
186.2307|(1032.3, 653.1)
186.2639|(1044.8, 645.3)
186.281|(911.7, 670.4)
186.2982|(886.1, 675.8)
186.3141|(883.4, 675.1)
186.3315|(876.4, 676.1)
186.3476|(856.2, 678.6)
186.3809|(859.4, 674.3)
186.3976|(856.9, 673.4)
186.4144|(855.3, 671.3)
186.4311|(856.4, 673.1)
186.4482|(858.3, 679.5)
186.4816|(828.9, 717.9)
186.4978|(823.7, 716.3)
186.5311|(820.9, 720.6)
186.5476|(821.2, 720.8)
186.5651|(819.8, 717.2)
186.5813|(817.9, 703.8)
186.5986|(817.9, 701.0)
186.6156|(817.7, 698.8)
186.648|(818.0, 690.5)
186.6814|(813.9, 683.8)
186.6983|(796.5, 675.3)
186.715|(795.3, 679.2)
186.7489|(760.0, 652.9)
186.782|(753.9, 648.6)
186.7982|(744.7, 642.2)
186.8319|(739.8, 652.1)
186.8486|(741.5, 658.9)
186.8822|(740.9, 654.6)
186.8996|(742.8, 659.7)
186.915|(736.9, 661.0)
186.932|(728.3, 656.0)
186.9819|(743.2, 675.9)
187.0155|(776.9, 695.2)
187.0324|(792.1, 698.4)
187.0494|(789.6, 695.5)
187.0664|(792.6, 694.6)
187.0826|(792.3, 685.6)
187.099|(794.7, 679.3)
187.1325|(793.1, 675.1)
187.1495|(790.7, 674.2)
187.1656|(791.3, 673.8)
187.1841|(791.0, 672.6)
187.1995|(793.0, 660.0)
187.2162|(793.8, 657.1)
187.2328|(790.0, 657.5)
187.2493|(788.8, 661.8)
187.2826|(786.9, 660.6)
187.2993|(785.1, 660.8)
187.3163|(788.1, 658.9)
187.3332|(793.1, 646.8)
187.3506|(795.6, 650.9)
187.3666|(799.6, 645.6)
187.3829|(803.0, 643.2)
187.3995|(804.8, 643.8)
187.4327|(806.6, 642.0)
187.45|(805.3, 644.3)
187.466|(804.5, 648.8)
187.4838|(804.0, 652.7)
187.5005|(800.6, 653.7)
187.5169|(801.4, 654.9)
187.5338|(804.2, 652.3)
187.5499|(845.3, 618.6)
187.5831|(861.5, 603.8)
187.6|(867.8, 601.9)
187.6162|(864.0, 597.8)
187.6335|(865.4, 602.1)
187.651|(869.6, 602.7)
187.6668|(867.1, 603.0)
187.6835|(863.6, 622.9)
187.6997|(864.3, 621.8)
187.7331|(866.9, 624.9)
187.75|(867.0, 625.2)
187.7666|(870.1, 619.6)
187.7843|(875.0, 616.6)
187.8006|(877.4, 615.7)
187.8171|(917.8, 601.0)
187.8335|(934.1, 605.5)
187.8501|(940.9, 605.6)
187.8834|(947.2, 606.9)
187.9005|(946.8, 611.6)
187.9167|(947.7, 610.6)
187.9346|(951.5, 598.5)
187.9511|(959.3, 609.2)
187.9671|(961.0, 609.7)
187.9837|(965.6, 611.1)
188.0002|(966.4, 610.5)
188.0335|(975.1, 614.6)
188.0507|(980.3, 614.1)
188.0678|(1019.7, 613.6)
188.0845|(1061.2, 615.2)
188.1015|(1074.4, 625.3)
188.1174|(1070.1, 616.9)
188.1344|(1071.3, 619.4)
188.1507|(1065.3, 612.9)
188.1846|(1063.8, 594.1)
188.2011|(1068.1, 605.6)
188.2182|(1063.6, 593.9)
188.2347|(1074.3, 611.6)
188.2509|(1075.1, 614.3)
188.2677|(1072.4, 614.5)
188.2844|(1070.6, 614.5)
188.3011|(1063.1, 612.3)
188.3347|(990.9, 599.8)
188.3508|(975.3, 590.1)
188.3679|(941.8, 579.9)
188.385|(940.1, 579.3)
188.4019|(950.8, 580.4)
188.418|(950.3, 581.3)
188.4346|(952.5, 583.0)
188.4512|(955.3, 587.5)
188.4848|(953.9, 587.7)
188.5014|(951.5, 583.8)
188.5188|(950.8, 582.1)
188.5356|(951.1, 581.9)
188.5516|(957.2, 587.6)
188.5686|(960.0, 584.3)
188.5849|(959.4, 579.2)
188.6015|(956.0, 581.2)
188.6349|(859.7, 581.7)
188.6517|(838.6, 567.0)
188.6692|(825.6, 570.9)
188.6857|(807.6, 564.9)
188.7017|(815.7, 557.2)
188.7182|(814.9, 560.0)
188.735|(815.4, 565.7)
188.7516|(821.0, 576.6)
188.7849|(818.3, 577.2)
188.8021|(822.2, 582.6)
188.8189|(825.3, 583.1)
188.8362|(823.4, 559.1)
188.8514|(822.3, 559.7)
188.8693|(821.6, 558.1)
188.8849|(829.3, 560.8)
188.9018|(822.1, 562.8)
189.0523|(881.9, 251.6)
189.0858|(861.7, 543.5)
189.1027|(857.1, 501.2)
189.12|(856.4, 495.5)
189.1359|(858.0, 500.3)
189.1523|(864.5, 528.8)
189.1693|(864.3, 532.0)
189.1854|(866.1, 544.8)
189.2026|(864.6, 555.9)
189.236|(859.2, 559.7)
189.2524|(858.1, 559.3)
189.2703|(898.1, 581.3)
189.2865|(929.1, 592.0)
189.303|(936.7, 593.7)
189.3195|(941.3, 593.3)
189.336|(943.8, 593.0)
189.3523|(949.2, 592.3)
189.3865|(952.0, 589.8)
189.4033|(955.3, 586.0)
189.4197|(957.5, 589.0)
189.4367|(948.9, 597.2)
189.453|(946.7, 599.6)
189.4698|(946.8, 599.0)
189.4859|(954.4, 599.9)
189.5029|(962.4, 607.1)
189.5368|(960.8, 602.2)
189.5532|(959.2, 596.5)
189.5864|(954.9, 593.1)
189.6028|(954.8, 590.4)
189.6201|(954.4, 596.6)
189.6367|(954.7, 597.4)
189.6529|(956.1, 596.2)
189.6867|(958.3, 591.7)
189.7034|(957.1, 590.5)
189.7203|(950.6, 585.7)
189.7365|(950.7, 583.1)
189.7537|(952.1, 582.3)
189.77|(952.5, 582.5)
189.7867|(952.8, 584.0)
189.8037|(953.7, 591.9)
189.8373|(955.0, 589.6)
189.8541|(952.3, 585.9)
189.8705|(952.5, 585.9)
189.8874|(951.6, 584.0)
189.9035|(951.7, 584.6)
189.9201|(953.3, 583.8)
189.9368|(956.4, 583.9)
189.9534|(958.4, 581.4)
189.9873|(957.4, 582.9)
190.0044|(956.2, 584.1)
190.0215|(952.4, 583.7)
190.0378|(950.7, 577.1)
190.0537|(950.1, 575.3)
190.0709|(951.4, 572.2)
190.087|(952.2, 569.9)
190.1038|(951.9, 565.5)
190.1378|(950.5, 566.7)
190.1543|(950.1, 575.5)
190.172|(948.8, 581.5)
190.1873|(950.5, 582.2)
190.2046|(957.1, 582.3)
190.2207|(958.5, 581.7)
190.2373|(958.9, 578.9)
190.2547|(949.7, 566.4)
190.2879|(959.1, 558.6)
190.3053|(995.1, 507.9)
190.3211|(1002.5, 496.3)
190.3387|(1009.8, 490.7)
190.3543|(1011.3, 488.5)
190.3709|(1012.9, 482.3)
190.3874|(1012.1, 481.1)
190.4046|(1010.0, 480.8)
190.4386|(1007.4, 479.1)
190.4554|(1007.3, 478.1)
190.4721|(1011.2, 477.7)
190.4877|(1014.4, 476.6)
190.5046|(1013.6, 477.6)
190.5211|(1004.9, 483.6)
190.5377|(1004.2, 486.0)
190.5552|(1004.2, 485.8)
190.5885|(1012.9, 484.8)
190.6388|(1065.7, 485.6)
190.6558|(1076.3, 486.7)
190.6719|(1082.7, 489.5)
190.6884|(1087.3, 488.7)
190.7057|(1089.9, 485.3)
190.739|(1104.3, 487.4)
190.7562|(1108.6, 489.4)
190.7715|(1108.1, 490.9)
190.8889|(1066.0, 498.5)
190.922|(831.9, 444.0)
190.9385|(851.9, 452.1)
190.9552|(876.6, 465.3)
190.9721|(883.2, 469.2)
190.9888|(884.8, 469.0)
191.006|(892.0, 465.9)
191.0395|(917.8, 466.5)
191.0566|(930.4, 466.6)
191.0721|(932.2, 467.6)
191.0889|(922.9, 481.4)
191.1056|(926.5, 479.7)
191.1221|(931.9, 476.8)
191.1397|(924.4, 479.6)
191.1559|(907.6, 486.0)
191.1893|(914.8, 476.2)
191.2068|(942.8, 477.8)
191.2223|(976.3, 487.5)
191.2394|(976.2, 494.5)
191.256|(979.8, 494.3)
191.2733|(977.4, 495.6)
191.2893|(974.9, 493.9)
191.3061|(969.7, 487.9)
191.3405|(983.2, 496.0)
191.356|(985.2, 494.5)
191.373|(990.9, 488.5)
191.3896|(993.9, 491.1)
191.406|(993.8, 490.8)
191.4227|(996.4, 495.2)
191.4394|(996.1, 496.8)
191.4568|(996.1, 495.5)
191.473|(1000.1, 506.1)
191.4908|(996.9, 505.1)
191.5069|(991.6, 494.1)
191.5236|(992.3, 495.7)
191.5399|(992.6, 495.5)
191.5563|(995.3, 500.1)
191.573|(996.9, 499.9)
191.59|(995.8, 499.6)
191.6065|(991.5, 497.9)
191.6401|(989.2, 485.6)
191.6571|(991.4, 482.1)
191.6736|(997.0, 477.8)
191.6915|(997.7, 478.4)
191.7063|(997.3, 480.4)
191.7233|(993.9, 481.3)
191.7398|(994.4, 481.4)
191.8901|(897.6, 350.1)
191.9072|(939.3, 359.1)
191.9239|(916.9, 329.2)
191.9416|(920.0, 346.8)
191.957|(895.8, 354.0)
191.9742|(894.5, 388.5)
191.9902|(902.7, 410.1)
192.007|(899.6, 419.7)
192.0235|(900.5, 424.6)
192.0404|(900.8, 428.8)
192.0574|(906.1, 444.8)
192.0913|(892.6, 457.5)
192.1074|(886.3, 464.2)
192.1239|(902.4, 470.3)
192.1407|(903.6, 473.1)
192.1571|(905.1, 476.8)
192.1745|(903.7, 486.3)
192.1911|(904.2, 484.7)
192.2078|(905.1, 483.1)
192.2413|(904.4, 469.6)
192.2576|(904.8, 462.8)
192.2747|(906.2, 461.5)
192.2908|(906.4, 461.8)
192.3076|(907.6, 464.1)
192.3249|(908.4, 465.5)
192.3413|(907.3, 464.9)
192.3577|(902.2, 465.0)
192.3747|(893.9, 475.5)
192.3918|(895.8, 476.3)
192.4076|(900.2, 474.4)
192.4245|(901.9, 476.8)
192.4413|(902.2, 476.4)
192.4579|(902.0, 476.5)
192.475|(893.6, 473.4)
192.4913|(889.3, 471.0)
192.5083|(893.3, 466.0)
192.525|(889.7, 445.7)
192.5422|(893.1, 456.1)
192.5585|(902.2, 379.3)
192.5747|(926.6, 226.4)
192.5912|(931.8, 188.7)
192.6085|(933.4, 156.3)
192.6248|(934.8, 130.4)
192.6416|(935.9, 130.3)
192.6586|(938.7, 124.9)
192.6753|(943.6, 119.7)
192.6926|(950.8, 112.1)
192.7084|(956.2, 114.1)
192.7254|(957.3, 112.4)
192.7418|(958.5, 115.2)
192.7586|(957.0, 113.5)
192.7749|(963.7, 125.4)
192.7918|(961.6, 122.2)
192.8086|(964.0, 131.0)
192.8265|(964.5, 140.9)
192.8416|(965.6, 139.7)
192.8587|(973.4, 133.0)
192.8754|(991.6, 121.2)
192.8919|(1012.2, 111.8)
192.9088|(1023.8, 103.9)
192.9255|(1024.3, 103.6)
192.9422|(1021.2, 105.6)
192.9587|(1036.9, 91.9)
192.9754|(1037.6, 87.7)
192.9925|(1035.9, 88.3)
193.0089|(1034.9, 93.9)
193.0258|(1036.6, 98.0)
193.0419|(1037.8, 100.7)
193.0589|(1033.9, 105.2)
193.0756|(1033.6, 105.4)
193.0925|(1012.6, 116.0)
193.1092|(960.5, 163.3)
193.1265|(927.1, 194.4)
193.1437|(920.6, 199.2)
193.159|(914.0, 213.7)
193.176|(901.6, 231.5)
193.1927|(908.9, 236.6)
193.2095|(910.5, 237.3)
193.2262|(910.5, 237.5)
193.243|(910.7, 236.6)
193.2595|(910.5, 236.8)
193.277|(909.6, 233.3)
193.2929|(909.8, 231.3)
193.3095|(910.1, 230.8)
193.3263|(911.9, 229.7)
193.3427|(916.4, 227.6)
193.3594|(918.5, 227.6)
193.3761|(917.9, 233.9)
193.3929|(922.3, 238.3)
193.4102|(951.5, 246.7)
193.4267|(965.5, 255.4)
193.4433|(980.2, 258.0)
193.4595|(999.6, 249.3)
193.4763|(1001.6, 252.7)
193.4931|(1011.4, 245.7)
193.5095|(1012.3, 244.6)
193.5264|(1010.9, 243.2)
193.5432|(1015.8, 235.8)
193.577|(1006.3, 243.8)
193.594|(1006.0, 243.3)
193.6099|(1004.7, 244.5)
193.6264|(1001.8, 244.5)
193.6429|(999.9, 245.1)
193.6602|(960.5, 252.4)
193.6766|(943.3, 280.6)
193.71|(936.5, 287.0)
193.7267|(932.4, 297.0)
193.7434|(932.6, 298.8)
193.76|(935.7, 294.4)
193.7768|(936.4, 291.1)
193.7935|(935.7, 286.5)
193.8101|(928.7, 280.3)
193.8268|(932.1, 281.2)
193.8438|(933.4, 282.4)
193.8613|(933.3, 282.0)
193.8771|(930.5, 279.9)
193.8937|(939.2, 282.8)
193.9101|(940.3, 281.6)
193.9269|(941.1, 280.1)
193.9442|(942.1, 278.3)
193.9604|(941.9, 278.0)
193.977|(942.4, 277.2)
193.9944|(942.0, 277.1)
194.0272|(949.2, 277.7)
194.0436|(948.8, 277.8)
194.0605|(949.2, 278.0)
194.077|(950.3, 278.3)
194.0938|(951.8, 279.4)
194.1102|(952.3, 280.8)
194.1277|(951.9, 279.8)
194.1447|(951.3, 279.9)
194.1774|(950.3, 280.0)
194.1942|(948.8, 279.6)
194.2107|(948.1, 279.6)
194.2272|(938.7, 274.3)
194.244|(937.4, 275.1)
194.2608|(937.1, 278.5)
194.2777|(936.8, 278.1)
194.2951|(938.0, 269.2)
194.3276|(947.0, 258.3)
194.3448|(949.8, 259.5)
194.3607|(948.0, 249.1)
194.3781|(949.3, 237.5)
194.3943|(953.4, 222.1)
194.411|(951.3, 217.0)
194.4277|(949.4, 216.7)
194.4454|(944.8, 217.8)
194.478|(947.1, 218.2)
194.4945|(941.4, 219.5)
194.5112|(940.4, 218.8)
194.5279|(942.7, 220.6)
194.5442|(943.1, 218.1)
194.5612|(946.9, 229.8)
194.5783|(951.0, 230.6)
194.596|(954.2, 223.6)
194.6279|(955.5, 220.4)
194.6447|(953.9, 212.8)
194.6614|(955.2, 210.9)
194.6783|(944.2, 228.7)
194.6951|(944.6, 226.3)
194.7118|(949.6, 231.3)
194.7292|(951.5, 230.1)
194.7462|(951.9, 228.3)
194.7621|(951.5, 224.7)
194.7785|(953.6, 226.2)
194.7952|(955.9, 225.2)
194.8116|(957.7, 224.6)
194.8286|(955.7, 225.7)
194.8451|(953.0, 226.0)
194.862|(952.3, 225.2)
195.0286|(934.8, 100.0)
195.046|(958.2, 133.6)
195.0794|(954.0, 169.9)
195.0955|(961.1, 195.8)
195.112|(956.3, 196.9)
195.1292|(951.5, 204.2)
195.146|(952.3, 223.3)
195.1627|(956.5, 197.0)
195.1804|(953.2, 178.7)
195.197|(945.3, 166.4)
195.2291|(942.7, 159.4)
195.2455|(942.3, 165.4)
195.2624|(938.4, 180.9)
195.2796|(941.1, 192.5)
195.2958|(953.0, 197.1)
195.3131|(950.0, 192.4)
195.3302|(957.3, 207.1)
195.3469|(954.1, 217.8)
195.3798|(955.9, 214.3)
195.3965|(957.2, 214.7)
195.4131|(957.6, 217.5)
195.4297|(955.5, 219.0)
195.4459|(955.4, 220.5)
195.4632|(956.6, 221.4)
195.4802|(956.8, 228.7)
195.4965|(955.7, 227.8)
195.53|(956.0, 227.4)
195.5463|(956.0, 225.4)
195.563|(955.1, 224.5)
195.5798|(949.9, 229.6)
195.5967|(948.6, 235.0)
195.6134|(949.1, 235.1)
195.6303|(950.1, 234.7)
195.647|(950.2, 238.9)
195.6801|(949.1, 255.0)
195.6966|(947.9, 293.8)
195.713|(945.7, 337.6)
195.7299|(946.1, 349.6)
195.7468|(945.4, 369.5)
195.7638|(951.7, 403.5)
195.7811|(953.3, 409.1)
195.7973|(942.8, 412.4)
195.8306|(943.2, 413.2)
195.8469|(945.8, 419.9)
195.8635|(946.6, 418.8)
195.8808|(946.4, 417.3)
195.8969|(941.6, 413.8)
195.9142|(941.6, 414.6)
195.9314|(946.8, 425.5)
195.9472|(982.7, 453.1)
195.9807|(988.0, 458.4)
195.9969|(997.4, 464.5)
196.0143|(999.9, 468.9)
196.0305|(1001.5, 471.9)
196.0475|(1003.3, 477.4)
196.0648|(999.3, 488.2)
196.0812|(996.0, 491.5)
196.0974|(999.3, 494.7)
196.1307|(999.2, 499.7)
196.1473|(1000.3, 504.9)
196.1642|(990.1, 513.5)
196.1805|(989.9, 513.5)
196.1981|(994.3, 510.1)
196.2154|(1004.5, 499.6)
196.2317|(1000.8, 492.6)
196.2476|(1002.7, 490.2)
196.2811|(1006.8, 491.4)
196.2974|(1007.0, 496.0)
196.3145|(1007.6, 496.7)
196.3311|(1009.2, 499.3)
196.3489|(1010.2, 499.8)
196.3651|(1004.3, 499.5)
196.3821|(1006.3, 499.7)
196.3976|(1005.6, 499.3)
196.4311|(998.6, 505.3)
196.4476|(997.6, 506.1)
196.4646|(997.2, 507.4)
196.4816|(1048.6, 506.7)
196.4984|(1096.2, 503.7)
196.5155|(1121.8, 502.3)
196.5313|(1127.0, 513.7)
196.5477|(1128.1, 510.0)
196.5821|(1124.8, 511.8)
196.5986|(1122.9, 511.3)
196.615|(1122.3, 512.1)
196.6314|(1121.8, 506.0)
196.6484|(1120.3, 498.7)
196.6648|(1123.8, 505.1)
196.6823|(1125.6, 505.8)
196.6982|(1125.1, 505.5)
196.7316|(1114.8, 509.3)
196.7485|(1106.4, 510.6)
196.7652|(1092.1, 509.1)
196.782|(1090.4, 509.4)
196.7991|(1092.4, 493.0)
196.8162|(1092.2, 491.0)
196.8325|(1092.4, 491.6)
196.8483|(1090.1, 488.2)
196.8821|(1089.4, 479.6)
196.8991|(1086.6, 477.9)
196.9159|(1078.5, 466.6)
196.9325|(1079.1, 467.6)
196.949|(1078.4, 463.0)
196.9666|(1073.9, 459.4)
197.1004|(1029.5, 401.4)
197.116|(1028.6, 414.8)
197.1324|(1025.8, 430.6)
197.1495|(1023.4, 435.3)
197.1824|(1022.2, 435.2)
197.1989|(1018.7, 418.9)
197.2162|(1019.0, 418.1)
197.233|(1019.9, 424.6)
197.2501|(1037.5, 462.9)
197.2662|(1042.0, 461.5)
197.2837|(1044.3, 458.8)
197.2996|(1042.0, 469.6)
197.3327|(1042.3, 468.2)
197.3497|(1039.7, 467.3)
197.3661|(1026.4, 465.4)
197.3833|(1021.3, 460.5)
197.4003|(1017.5, 431.8)
197.4167|(997.4, 324.8)
197.4332|(985.0, 268.9)
197.4496|(968.0, 203.2)
197.4826|(960.8, 172.5)
197.5|(959.8, 173.3)
197.5161|(962.6, 176.6)
197.5334|(962.0, 177.8)
197.5505|(969.8, 182.7)
197.5661|(979.5, 182.7)
197.5834|(978.1, 181.5)
197.5997|(972.4, 181.6)
197.6332|(975.0, 180.6)
197.65|(974.4, 181.3)
197.6673|(975.2, 179.1)
197.6836|(969.0, 171.0)
197.7005|(967.8, 167.6)
197.7168|(968.6, 168.4)
197.7332|(978.6, 174.3)
197.7515|(977.9, 173.4)
197.9341|(989.6, 209.8)
197.9508|(962.5, 242.8)
197.9678|(941.5, 147.6)
197.9849|(944.7, 267.1)
198.0009|(944.2, 276.5)
198.0168|(945.7, 283.7)
198.0336|(946.5, 291.1)
198.0505|(945.1, 314.9)
198.0842|(950.6, 312.8)
198.1008|(948.8, 313.0)
198.1177|(950.0, 316.3)
198.1352|(957.9, 363.6)
198.1512|(961.9, 364.4)
198.1674|(963.7, 364.0)
198.1843|(965.9, 362.4)
198.2008|(965.8, 363.8)
198.2339|(935.6, 385.9)
198.2513|(897.5, 413.6)
198.2675|(903.8, 409.2)
198.2848|(898.4, 412.4)
198.3018|(850.4, 451.5)
198.3185|(846.7, 461.0)
198.3345|(847.3, 463.3)
198.3511|(841.0, 471.3)
198.3846|(849.2, 474.4)
198.4013|(846.1, 474.6)
198.4182|(847.2, 482.0)
198.4354|(847.0, 491.9)
198.4519|(844.8, 483.0)
198.4682|(839.2, 481.7)
198.4848|(841.4, 483.1)
198.501|(835.6, 475.6)
198.5351|(835.8, 475.0)
198.5514|(838.5, 477.7)
198.5687|(841.3, 481.3)
198.5853|(847.0, 484.3)
198.6014|(846.7, 483.3)
198.6185|(840.1, 478.0)
198.6349|(839.3, 483.5)
198.6517|(769.7, 590.2)
198.685|(772.1, 586.7)
198.7017|(766.8, 594.1)
198.7188|(763.0, 585.0)
198.7518|(765.8, 587.0)
198.7687|(766.6, 586.4)
198.7853|(768.0, 585.8)
198.8015|(765.6, 583.0)
198.8358|(762.2, 586.9)
198.8523|(761.9, 586.8)
198.8692|(761.0, 586.9)
198.8866|(760.4, 593.1)
198.9024|(760.2, 600.8)
198.9185|(760.0, 599.9)
198.9353|(759.0, 601.2)
198.9518|(758.3, 605.7)
198.9859|(758.4, 605.5)
199.0028|(761.1, 597.7)
199.1858|(935.6, 244.2)
199.2022|(899.3, 266.3)
199.2191|(904.4, 290.1)
199.2354|(904.8, 317.1)
199.2526|(902.1, 317.4)
199.2865|(898.4, 336.5)
199.3026|(888.4, 339.4)
199.3204|(889.4, 315.9)
199.3362|(887.6, 308.2)
199.3524|(887.1, 308.8)
199.369|(885.5, 309.2)
199.3859|(883.7, 314.3)
199.4026|(880.8, 325.9)
199.4362|(883.8, 329.2)
199.4536|(885.5, 333.2)
199.4707|(887.0, 342.7)
199.4872|(887.1, 344.2)
199.5032|(888.7, 346.3)
199.5202|(893.5, 350.0)
199.5364|(896.1, 352.2)
199.5532|(896.5, 358.1)
199.5866|(896.6, 360.4)
199.6032|(895.5, 359.8)
199.6204|(896.9, 360.6)
199.6364|(897.2, 357.2)
199.6533|(890.7, 353.1)
199.6702|(887.7, 352.5)
199.6865|(887.7, 353.0)
199.703|(888.1, 356.5)
199.737|(886.7, 357.7)
199.7541|(886.5, 357.3)
199.7703|(888.8, 358.5)
199.7871|(891.1, 351.9)
199.8031|(892.7, 343.9)
199.8206|(892.6, 343.4)
199.8366|(891.5, 344.3)
199.8535|(890.8, 346.9)
199.8873|(888.7, 349.1)
199.9047|(894.7, 326.3)
199.9212|(884.2, 163.9)
199.9373|(896.9, 147.5)
199.954|(897.2, 135.9)
199.9705|(897.1, 117.5)
199.987|(894.2, 115.4)
200.0039|(891.8, 117.1)
200.037|(890.5, 108.0)
200.0544|(889.9, 108.8)
200.0711|(879.5, 125.7)
200.0871|(884.5, 125.6)
200.1039|(892.1, 126.1)
200.1204|(904.7, 119.7)
200.137|(905.6, 120.9)
200.1541|(905.7, 124.3)
200.1876|(866.6, 116.4)
200.2045|(832.5, 121.1)
200.2218|(827.4, 119.5)
200.2375|(815.8, 125.1)
200.2544|(806.9, 130.4)
200.2707|(806.8, 129.5)
200.2875|(809.3, 126.7)
200.3043|(798.8, 128.5)
200.3381|(793.0, 127.4)
200.3555|(791.3, 126.6)
200.3718|(796.4, 130.7)
200.3878|(803.8, 141.3)
200.4045|(805.3, 138.1)
200.4209|(806.1, 136.6)
200.4377|(805.2, 138.5)
200.4552|(810.0, 135.3)
200.4882|(812.2, 129.8)
200.5055|(810.5, 125.8)
200.522|(803.8, 106.5)
200.7049|(995.7, 193.6)
200.7214|(1043.9, 220.4)
200.7385|(1030.2, 237.7)
200.7555|(1031.8, 257.3)
200.7888|(1019.6, 291.9)
200.8053|(1001.2, 346.6)
200.8218|(998.2, 349.6)
200.8388|(994.3, 344.0)
200.8554|(996.6, 363.0)
200.8715|(998.3, 364.4)
200.8889|(999.7, 365.6)
200.9058|(1009.0, 376.5)
200.9393|(1024.1, 413.0)
200.9561|(1026.5, 423.6)
200.9727|(1027.1, 425.7)
200.9886|(1027.5, 426.7)
201.0056|(1023.6, 431.1)
201.0221|(1014.3, 445.5)
201.039|(1017.0, 442.0)
201.0562|(1017.2, 445.7)
201.0892|(1020.0, 448.2)
201.1063|(1023.4, 444.4)
201.1227|(1027.8, 446.2)
201.1391|(1020.7, 454.4)
201.1557|(1020.6, 454.8)
201.1722|(1018.3, 454.5)
201.1893|(1017.4, 454.1)
201.2059|(1017.3, 456.9)
201.2393|(1009.8, 469.1)
201.2565|(1011.7, 468.1)
201.2735|(1020.1, 459.1)
201.2896|(1021.0, 453.1)
201.3057|(1021.3, 443.4)
201.3226|(1020.6, 443.4)
201.3396|(1021.0, 444.7)
201.3565|(1017.8, 439.2)
201.3902|(1014.2, 436.4)
201.4063|(1014.5, 437.8)
201.4234|(1018.6, 439.4)
201.44|(1025.0, 443.6)
201.4562|(1024.6, 443.2)
201.4726|(1020.7, 440.7)
201.4897|(1019.1, 440.0)
201.5065|(1020.9, 441.2)
201.5401|(1018.9, 432.7)
201.5576|(1019.8, 433.7)
201.5733|(1020.2, 434.6)
201.59|(1019.3, 433.8)
201.6064|(1018.9, 436.6)
201.6232|(1018.4, 441.0)
201.6397|(1018.4, 443.6)
201.6573|(1021.1, 451.2)
201.6911|(1023.2, 464.3)
201.7069|(1023.2, 463.7)
201.7237|(1027.5, 457.3)
201.7403|(1029.0, 456.6)
201.7569|(1028.7, 457.1)
201.7735|(1018.5, 462.4)
201.7901|(1015.3, 459.5)
201.8065|(1014.7, 459.2)
201.8239|(1012.2, 459.8)
201.8414|(1011.2, 457.7)
201.857|(994.5, 428.1)
201.8737|(935.3, 321.7)
201.8902|(933.3, 302.4)
201.9068|(926.3, 295.8)
201.9236|(922.9, 284.9)
201.9404|(918.9, 279.2)
201.9575|(916.6, 274.0)
201.9912|(906.2, 275.0)
202.0073|(902.9, 278.9)
202.0241|(901.7, 284.8)
202.0405|(905.1, 288.1)
202.0571|(910.5, 288.7)
202.0738|(910.3, 289.0)
202.0912|(911.7, 288.4)
202.1077|(912.6, 284.0)
202.1413|(912.1, 277.7)
202.1581|(913.5, 274.3)
202.1742|(912.7, 270.1)
202.1908|(917.3, 272.3)
202.2079|(919.4, 275.9)
202.2248|(924.2, 277.8)
202.2408|(925.1, 279.2)
202.2583|(925.9, 276.9)
202.2745|(926.1, 277.2)
202.2918|(931.6, 276.2)
202.308|(934.7, 273.2)
202.3244|(935.3, 272.5)
202.3408|(933.2, 274.0)
202.358|(940.3, 274.5)
202.3745|(943.4, 275.2)
202.3911|(932.9, 289.4)
202.4082|(940.8, 297.2)
202.425|(937.2, 300.1)
202.442|(922.3, 288.0)
202.4583|(916.8, 289.9)
202.4748|(911.3, 284.0)
202.4914|(913.8, 280.5)
202.5079|(885.6, 238.5)
202.5248|(882.2, 232.3)
202.5417|(884.7, 232.6)
202.5584|(888.6, 236.4)
202.5758|(891.6, 233.4)
202.5924|(891.1, 236.7)
202.6084|(890.2, 240.2)
202.6254|(883.7, 240.4)
202.6411|(882.4, 241.9)
202.659|(882.4, 244.1)
202.6752|(891.4, 241.7)
202.692|(891.4, 239.4)
202.7084|(892.8, 238.6)
202.7257|(900.5, 241.1)
202.7414|(904.7, 242.9)
202.7588|(907.5, 245.0)
202.7749|(907.0, 246.0)
202.7912|(898.5, 257.3)
202.8084|(898.0, 256.7)
202.825|(916.5, 250.3)
202.8418|(936.6, 249.6)
202.8587|(953.8, 254.1)
202.8757|(963.3, 254.2)
202.8926|(991.4, 255.2)
202.9085|(997.1, 254.4)
202.9253|(998.8, 255.0)
202.9419|(993.3, 264.8)
202.9585|(994.0, 262.8)
202.9753|(991.6, 250.3)
202.992|(990.8, 243.6)
203.0088|(990.1, 239.0)
203.0264|(993.5, 235.4)
203.0422|(998.5, 233.3)
203.0587|(999.8, 234.5)
203.0755|(1003.9, 243.4)
203.0918|(1007.0, 247.5)
203.1087|(1010.2, 255.0)
203.1257|(1011.0, 257.7)
203.1424|(1008.4, 259.8)
203.1595|(1012.2, 268.5)
203.176|(1009.8, 273.7)
203.1922|(998.8, 262.3)
203.2089|(999.1, 262.1)
203.2263|(998.9, 261.4)
203.2428|(999.3, 261.2)
203.2591|(998.8, 260.0)
203.2758|(1001.2, 256.7)
203.2929|(1002.9, 254.4)
203.3095|(1002.7, 254.6)
203.3263|(1004.9, 254.8)
203.3427|(1004.6, 256.9)
203.3594|(1003.4, 256.0)
203.3759|(1010.4, 246.4)
203.3929|(1009.3, 237.6)
203.4094|(1010.4, 236.9)
203.4267|(1010.6, 238.0)
203.4431|(1011.9, 236.0)
203.4763|(1012.6, 236.6)
203.4935|(1010.1, 241.3)
203.5092|(1008.0, 243.1)
203.526|(1008.8, 242.5)
203.5429|(1010.6, 241.0)
203.5598|(1012.8, 235.2)
203.5763|(1003.7, 225.1)
203.5935|(948.5, 213.1)
203.6104|(948.3, 212.8)
203.6271|(944.5, 228.5)
203.6432|(938.4, 230.5)
203.66|(937.2, 231.8)
203.6765|(938.3, 234.6)
203.6937|(937.5, 237.7)
203.7101|(936.8, 238.3)
203.7268|(931.7, 221.9)
203.7436|(931.9, 219.4)
203.7605|(937.0, 220.3)
203.7768|(936.1, 215.6)
203.7938|(934.3, 217.1)
203.8099|(934.1, 220.7)
203.827|(937.5, 223.6)
203.844|(940.4, 229.1)
203.8599|(940.7, 227.9)
203.8774|(935.8, 221.6)
203.8943|(933.9, 220.4)
203.9273|(931.4, 237.8)
203.9441|(931.6, 235.7)
203.977|(943.5, 239.2)
203.994|(940.8, 240.5)
204.0277|(959.1, 236.2)
204.0445|(986.1, 233.4)
204.0774|(990.6, 238.2)
204.0941|(999.8, 240.3)
204.1108|(1000.0, 240.0)
204.1275|(1003.0, 240.3)
204.1443|(1009.7, 244.4)
204.1609|(1009.9, 246.6)
204.1779|(1013.3, 250.1)
204.1952|(1016.5, 252.6)
204.2115|(1015.5, 250.1)
204.2275|(1018.4, 253.4)
204.2444|(1017.2, 252.5)
204.2611|(1015.8, 247.2)
204.2779|(1012.9, 234.0)
204.2946|(1012.1, 231.2)
204.311|(1012.5, 233.2)
204.3282|(1011.8, 231.9)
204.3453|(1012.0, 231.1)
204.3778|(1009.2, 235.5)
204.3946|(1008.8, 236.7)
204.4109|(1008.3, 237.9)
204.4279|(1008.3, 243.1)
204.4447|(1007.4, 244.4)
204.4613|(1006.7, 245.3)
204.4783|(1004.3, 246.3)
204.4958|(1009.9, 249.2)
204.5285|(1011.9, 239.1)
204.5447|(1006.3, 241.0)
204.5614|(1005.0, 241.2)
204.5777|(1002.1, 242.7)
204.595|(997.5, 246.1)
204.6113|(987.7, 248.3)
204.629|(981.2, 249.5)
204.6458|(969.4, 248.6)
204.6784|(981.3, 244.8)
204.6948|(981.1, 246.9)
204.7114|(981.7, 246.7)
204.7283|(988.2, 247.4)
204.7453|(982.7, 245.7)
204.7622|(980.9, 238.5)
204.7785|(986.0, 232.4)
204.7961|(986.8, 231.7)
204.8289|(989.8, 232.7)
204.8451|(987.6, 237.4)
204.8618|(984.8, 240.3)
204.8787|(985.4, 241.1)
204.8957|(988.5, 240.9)
204.9122|(995.8, 242.1)
204.9294|(993.1, 239.7)
204.9461|(992.6, 240.4)
204.9791|(992.3, 242.4)
204.9954|(994.6, 242.7)
205.012|(996.4, 244.4)
205.0289|(994.4, 242.0)
205.0459|(994.4, 228.2)
205.0624|(994.7, 228.4)
205.0795|(992.8, 226.7)
205.0968|(990.6, 226.9)
205.1296|(992.4, 228.1)
205.1456|(992.9, 229.7)
205.1623|(999.6, 236.2)
205.1795|(998.0, 236.8)
205.1959|(990.0, 238.2)
205.2132|(987.2, 233.8)
205.2301|(986.1, 231.0)
205.2466|(983.8, 219.5)
205.2794|(983.7, 226.9)
205.2959|(984.6, 222.1)
205.3127|(993.6, 239.0)
205.3298|(999.7, 244.5)
205.3459|(1021.6, 267.7)
205.3629|(1038.2, 279.4)
205.3808|(1035.9, 280.7)
205.3963|(1025.6, 278.4)
205.4297|(1023.2, 282.7)
205.4461|(1019.8, 282.7)
205.4629|(1017.6, 287.3)
205.4794|(1016.3, 287.7)
205.4964|(1023.2, 291.2)
205.5132|(1023.2, 291.0)
205.5302|(1021.2, 281.5)
205.5473|(1021.8, 276.6)
205.5803|(1022.0, 275.4)
205.5966|(1022.0, 276.4)
205.6133|(1016.9, 278.7)
205.6297|(1017.2, 278.1)
205.6465|(1018.8, 277.6)
205.6637|(1015.6, 276.7)
205.681|(1017.5, 270.9)
205.6969|(1016.9, 265.1)
205.73|(1015.7, 262.3)
205.7463|(1017.6, 262.5)
205.7634|(1018.1, 276.3)
205.7798|(1016.3, 280.6)
205.7969|(1013.4, 283.6)
205.8141|(1019.1, 285.7)
205.8314|(1018.3, 284.4)
205.847|(1016.5, 284.4)
205.8804|(1017.0, 285.1)
205.8967|(1021.7, 284.9)
205.9137|(1026.2, 287.1)
205.9305|(1022.0, 291.3)
205.9472|(1012.4, 299.8)
205.9643|(1015.8, 294.9)
205.9809|(1011.0, 290.4)
205.9973|(1009.1, 292.4)
206.0307|(1014.1, 290.4)
206.0474|(1019.7, 292.4)
206.0636|(1020.5, 292.4)
206.0809|(1020.7, 288.9)
206.0979|(1020.2, 289.6)
206.1149|(1020.1, 290.6)
206.1313|(1019.7, 291.8)
206.1477|(1018.7, 287.4)
206.1813|(1023.5, 287.5)
206.1972|(1027.2, 285.9)
206.2144|(1030.5, 280.8)
206.2309|(1028.2, 280.3)
206.2479|(1029.2, 279.5)
206.265|(1017.4, 279.5)
206.2816|(1016.6, 279.7)
206.2976|(1008.8, 279.7)
206.331|(1010.0, 283.5)
206.3478|(1013.2, 287.8)
206.3646|(1108.9, 459.9)
206.3811|(1101.4, 449.9)
206.398|(1107.6, 474.5)
206.4153|(1121.4, 499.3)
206.4314|(1121.4, 502.7)
206.4478|(1128.2, 513.8)
206.4811|(1133.2, 520.2)
206.4979|(1134.2, 521.2)
206.5146|(1133.3, 522.2)
206.5313|(1133.2, 519.7)
206.5484|(1122.3, 515.0)
206.5659|(1122.8, 515.2)
206.5814|(1112.4, 515.9)
206.5984|(1055.6, 520.0)
206.6316|(1027.1, 525.6)
206.6482|(999.4, 532.0)
206.6817|(867.3, 559.8)
206.6988|(834.1, 543.2)
206.7152|(822.3, 590.9)
206.7318|(822.4, 582.7)
206.7816|(821.6, 584.9)
206.7987|(826.1, 590.7)
206.815|(824.4, 588.1)
206.8323|(821.6, 584.2)
206.8492|(820.0, 565.4)
206.866|(825.6, 568.6)
206.8818|(828.6, 575.6)
206.8991|(820.7, 559.0)
206.932|(822.7, 560.9)
206.9486|(829.8, 569.7)
206.9654|(836.0, 574.7)
206.9996|(837.2, 570.9)
207.0161|(906.8, 827.6)
207.0329|(902.7, 831.9)
207.0484|(880.5, 862.5)
207.0823|(915.2, 891.8)
207.0995|(901.2, 882.3)
207.1327|(931.6, 900.9)
207.1503|(902.0, 893.9)
207.1663|(894.5, 888.5)
207.1826|(899.3, 883.0)
207.1989|(904.9, 883.6)
207.2323|(925.5, 877.7)
207.2494|(966.4, 875.5)
207.266|(982.7, 879.8)
207.2831|(987.7, 885.9)
207.3006|(1006.1, 895.5)
207.3167|(1009.3, 886.7)
207.3332|(1009.8, 883.8)
207.3494|(1010.8, 879.7)
207.3823|(1011.1, 871.8)
207.3995|(1020.6, 861.4)
207.4159|(1024.2, 862.5)
207.4334|(1020.3, 867.8)
207.4507|(1021.7, 870.0)
207.4662|(1018.3, 878.8)
207.4832|(1018.5, 878.9)
207.4997|(1016.9, 882.9)
207.5329|(1008.9, 882.7)
207.5495|(1005.2, 880.5)
207.5669|(1002.1, 876.8)
207.5833|(968.0, 591.8)
207.5999|(964.1, 541.2)
207.6171|(966.4, 513.3)
207.6331|(967.4, 505.0)
207.6499|(966.5, 485.2)
207.6834|(972.8, 461.8)
207.7001|(974.6, 459.3)
207.7172|(973.7, 459.2)
207.7346|(968.9, 473.3)
207.7507|(967.8, 476.1)
207.7669|(966.7, 477.3)
207.9169|(870.5, 631.4)
207.9335|(861.8, 712.4)
207.95|(868.2, 744.8)
207.9838|(858.8, 766.9)
208.0005|(834.9, 783.5)
208.0176|(817.0, 795.2)
208.0347|(800.6, 810.9)
208.0506|(808.3, 829.1)
208.0678|(806.0, 820.0)
208.0841|(876.6, 861.2)
208.1015|(905.4, 880.5)
208.1338|(942.1, 896.8)
208.1509|(960.0, 900.1)
208.1676|(962.1, 893.9)
208.1847|(964.3, 891.5)
208.2012|(964.7, 890.1)
208.2174|(964.4, 895.0)
208.2341|(965.1, 895.8)
208.2505|(960.7, 911.7)
208.2849|(962.7, 903.6)
208.3011|(959.9, 908.7)
208.3179|(963.0, 892.7)
208.3357|(961.7, 910.7)
208.3514|(962.5, 897.2)
208.3681|(961.5, 912.9)
208.3845|(957.0, 918.4)
208.401|(955.2, 920.9)
208.4347|(950.4, 921.4)
208.4512|(948.2, 923.8)
208.4685|(953.7, 929.4)
208.4854|(956.4, 932.3)
208.5011|(958.9, 932.8)
208.5182|(983.6, 933.1)
208.535|(1043.1, 937.6)
208.5515|(1091.2, 943.7)
208.5849|(1116.7, 945.9)
208.6017|(1133.0, 962.1)
208.6183|(1140.9, 959.0)
208.6355|(1143.6, 933.1)
208.6527|(1147.5, 907.9)
208.6682|(1149.1, 908.7)
208.6849|(1150.6, 910.2)
208.7014|(1147.5, 914.3)
208.7353|(1148.6, 923.1)
208.7525|(1147.6, 922.4)
208.7688|(1138.4, 931.8)
208.7863|(1135.6, 934.0)
208.8022|(1133.1, 929.7)
208.8186|(1130.2, 926.4)
208.8351|(1142.7, 910.0)
208.8519|(1145.1, 905.9)
208.8852|(1172.8, 889.3)
208.9026|(1180.9, 887.8)
208.9194|(1217.3, 874.1)
208.9359|(1497.9, 773.6)
208.9522|(1643.4, 697.6)
208.9688|(1667.3, 688.9)
208.9852|(1673.5, 678.8)
209.0017|(1683.0, 626.5)
209.036|(1700.9, 655.3)
209.0522|(1702.5, 656.9)
209.0696|(1696.0, 648.3)
209.0862|(1699.3, 654.5)
209.1021|(1696.7, 662.2)
209.1188|(1689.2, 662.8)
209.1354|(1689.7, 661.6)
209.1522|(1679.5, 643.4)
209.1858|(1675.5, 636.2)
209.2039|(1650.5, 617.2)
209.3693|(1000.9, 31.3)
209.4029|(1038.0, 111.3)
209.4193|(1024.7, 179.9)
209.4362|(1001.2, 156.5)
209.4527|(1002.0, 165.2)
209.487|(997.5, 184.7)
209.5043|(984.5, 203.6)
209.5209|(980.7, 214.7)
209.5376|(991.3, 230.2)
209.5551|(1079.0, 275.3)
209.5704|(1181.6, 326.4)
209.5878|(1248.2, 361.3)
209.604|(1503.2, 528.4)
209.6379|(1633.7, 608.7)
209.6542|(1646.7, 620.4)
209.671|(1662.1, 635.7)
209.6874|(1651.4, 625.4)
209.7042|(1658.3, 628.2)
209.7201|(1670.0, 633.4)
209.7371|(1671.0, 634.1)
209.754|(1675.7, 636.0)
209.788|(1677.0, 635.5)
209.8047|(1668.7, 623.9)
209.8207|(1676.4, 626.8)
209.8383|(1680.7, 633.8)
209.854|(1683.1, 633.8)
209.8708|(1688.4, 651.0)
209.887|(1681.7, 668.3)
209.9046|(1702.9, 674.1)
209.9377|(1675.4, 665.3)
209.9555|(1673.8, 653.4)
209.9721|(1674.8, 641.7)
209.988|(1693.7, 646.0)
210.0049|(1689.7, 644.1)
210.0217|(1666.6, 628.9)
210.0377|(1667.6, 628.5)
210.0551|(1663.9, 622.3)
210.0884|(1664.8, 622.5)
210.1054|(1676.6, 620.1)
210.121|(1682.6, 621.0)
210.138|(1673.0, 612.3)
210.1554|(1675.2, 610.4)
210.1718|(1670.0, 610.6)
210.1886|(1669.7, 609.4)
210.2055|(1665.8, 609.9)
210.2391|(1677.7, 627.7)
210.2557|(1684.0, 634.3)
210.2723|(1690.1, 639.6)
210.289|(1695.1, 643.0)
210.3047|(1711.3, 639.5)
210.3216|(1711.4, 637.0)
210.3385|(1710.1, 635.1)
210.3558|(1696.7, 627.3)
210.3891|(1690.6, 620.5)
210.4061|(1673.9, 615.2)
210.4223|(1677.4, 615.1)
210.4382|(1692.8, 611.7)
210.4552|(1722.1, 602.3)
210.4715|(1725.2, 603.3)
210.4883|(1728.2, 596.2)
210.5057|(1731.4, 593.8)
210.5388|(1738.5, 591.0)
210.5558|(1738.4, 588.5)
210.5724|(1759.2, 604.2)
210.5882|(1752.6, 608.6)
210.6049|(1755.6, 598.6)
210.6211|(1746.3, 599.9)
210.6389|(1745.7, 596.1)
210.6556|(1744.0, 591.6)
210.6891|(1736.2, 584.2)
210.7061|(1723.6, 576.0)
210.739|(1647.2, 589.8)
210.7553|(1669.8, 586.2)
210.7727|(1694.3, 584.5)
210.7892|(1293.0, 630.3)
210.8065|(1279.7, 633.6)
210.84|(1248.8, 639.1)
210.8721|(1214.6, 656.2)
210.8887|(1211.7, 656.9)
210.9052|(1211.6, 656.0)
210.9222|(1207.1, 647.6)
210.9396|(1208.7, 647.1)
210.9561|(1208.9, 646.6)
210.9898|(1208.2, 640.0)
211.0069|(1241.3, 629.0)
211.023|(1461.8, 645.5)
211.0394|(1471.5, 644.5)
211.0562|(1501.9, 643.3)
211.0721|(1499.2, 644.3)
211.089|(1531.6, 644.8)
211.1057|(1666.3, 638.7)
211.1397|(1693.6, 637.7)
211.1567|(1682.3, 627.0)
211.1897|(1644.9, 586.2)
211.2233|(1642.3, 581.4)
211.239|(1642.6, 581.4)
211.2563|(1642.3, 576.9)
211.2905|(1632.7, 583.1)
211.3071|(1634.4, 579.9)
211.3232|(1634.9, 580.2)
211.3396|(1635.4, 574.1)
211.3557|(1635.0, 575.2)
211.3728|(1637.0, 570.8)
211.3897|(1637.5, 570.3)
211.4063|(1636.3, 569.6)
211.4405|(1642.9, 574.4)
211.4563|(1645.8, 576.2)
211.4735|(1647.6, 576.7)
211.4893|(1649.1, 578.7)
211.5062|(1649.1, 578.4)
211.523|(1657.6, 584.6)
211.5397|(1666.8, 599.3)
211.5571|(1675.8, 608.2)
211.5744|(1697.6, 626.4)
211.5909|(1707.5, 624.6)
211.6071|(1700.6, 621.7)
211.6405|(1670.8, 621.6)
211.657|(1611.8, 625.5)
211.6908|(1491.0, 617.9)
211.7079|(1312.2, 605.9)
211.741|(1120.9, 563.9)
211.7574|(1086.2, 556.7)
211.7742|(1067.6, 570.8)
211.79|(1061.2, 578.6)
211.8074|(1061.0, 585.7)
211.8234|(1054.5, 585.8)
211.9738|(895.7, 521.8)
211.9906|(889.2, 536.9)
212.0074|(896.2, 573.3)
212.0417|(898.3, 603.9)
212.0576|(901.2, 618.7)
212.0739|(902.9, 631.5)
212.0904|(901.5, 638.8)
212.1084|(901.0, 647.5)
212.1244|(900.6, 644.0)
212.1409|(898.7, 645.0)
212.1577|(893.9, 650.6)
212.1746|(891.1, 654.1)
212.191|(884.1, 657.7)
212.2079|(874.9, 658.0)
212.2245|(843.5, 660.1)
