12.83383|(651.5, 922.8)
12.84951|(648.5, 923.5)
12.86951|(648.5, 918.7)
12.90385|(644.0, 920.9)
12.91995|(641.1, 926.5)
12.93682|(640.8, 926.6)
12.97067|(640.5, 940.1)
12.98633|(640.3, 936.8)
13.00198|(641.9, 924.5)
13.01983|(647.2, 917.8)
13.03676|(649.4, 916.3)
13.05392|(649.5, 918.2)
13.07156|(651.7, 920.0)
13.087|(656.2, 925.1)
13.12176|(662.8, 937.6)
13.13765|(661.6, 998.4)
13.15328|(682.4, 1038.8)
13.17013|(679.3, 1060.3)
13.18667|(683.3, 1064.8)
13.20322|(684.1, 1066.0)
13.22117|(682.4, 1059.6)
13.23826|(685.7, 1063.1)
13.27134|(706.5, 1061.3)
13.28633|(702.5, 1060.2)
13.30343|(697.5, 1057.8)
13.31989|(695.2, 1053.2)
13.33684|(695.8, 1050.7)
13.35368|(697.9, 1049.7)
13.37059|(696.5, 1049.8)
13.38593|(699.9, 1051.6)
13.42064|(701.3, 1053.5)
13.43716|(683.6, 1057.9)
13.45439|(683.8, 1057.5)
13.47029|(670.2, 1056.8)
13.48715|(664.5, 1055.6)
13.50394|(661.2, 1050.7)
13.52081|(662.2, 1047.2)
13.53781|(663.1, 1045.6)
13.57105|(668.6, 1051.5)
13.58694|(668.9, 1051.8)
13.604|(671.3, 1052.5)
13.62104|(672.7, 1052.9)
13.63733|(669.7, 1051.9)
13.65428|(668.2, 1051.2)
13.67212|(666.7, 1052.5)
13.68771|(667.6, 1058.2)
13.72137|(664.8, 1058.2)
13.73832|(668.1, 1026.7)
13.77207|(668.7, 984.7)
13.78825|(667.7, 968.4)
13.8211|(670.0, 899.8)
13.83666|(671.1, 916.8)
13.87124|(656.2, 903.7)
13.90464|(656.4, 878.8)
13.92137|(658.1, 878.1)
13.93825|(656.1, 863.6)
13.95535|(655.2, 863.5)
13.97183|(651.9, 872.0)
13.98826|(649.5, 877.5)
14.02204|(642.2, 809.9)
14.03933|(639.6, 795.6)
14.05465|(640.2, 792.8)
14.07176|(645.7, 799.1)
14.08839|(648.1, 799.8)
14.1056|(647.6, 797.2)
14.12185|(645.1, 801.2)
14.13905|(647.4, 797.6)
14.17212|(647.0, 787.6)
14.18878|(647.7, 776.4)
14.20533|(646.6, 790.1)
14.22162|(646.0, 792.7)
14.23753|(646.4, 792.5)
14.25573|(645.8, 800.1)
14.27209|(644.4, 803.4)
14.28899|(642.1, 802.7)
14.3221|(632.3, 781.5)
14.33866|(638.3, 701.0)
14.35454|(637.6, 693.2)
14.3722|(633.1, 686.5)
14.38861|(635.1, 675.6)
14.40431|(635.4, 671.9)
14.42218|(635.4, 671.2)
14.43923|(638.0, 673.1)
14.47322|(637.0, 680.0)
14.48904|(633.8, 686.5)
14.5059|(643.7, 684.6)
14.5225|(647.1, 685.4)
14.53943|(639.4, 683.9)
14.55617|(640.5, 683.5)
14.5717|(640.4, 680.1)
14.58947|(639.1, 677.9)
14.62282|(641.4, 673.7)
14.64003|(639.2, 638.9)
14.65565|(629.4, 560.1)
14.67272|(626.5, 551.7)
14.69084|(623.8, 535.2)
14.70665|(622.1, 523.1)
14.72312|(620.7, 525.3)
14.73893|(629.1, 532.3)
14.77315|(627.9, 520.8)
14.78927|(633.6, 516.2)
14.80676|(637.6, 512.1)
14.82284|(639.5, 512.6)
14.83965|(641.2, 512.2)
14.85835|(635.2, 515.2)
14.87294|(635.9, 514.5)
14.89006|(636.3, 514.1)
14.92376|(630.6, 511.4)
14.93943|(626.4, 488.1)
14.95528|(610.3, 287.5)
14.97306|(610.9, 264.3)
14.98987|(612.0, 236.1)
15.00709|(614.4, 235.6)
15.0239|(614.9, 235.7)
15.04048|(615.5, 237.0)
15.07362|(618.2, 234.6)
