1.118558|(750.6, 623.5)
1.138558|(754.2, 629.5)
1.170936|(755.7, 625.1)
1.186023|(755.8, 626.4)
1.218007|(752.1, 625.0)
1.248628|(741.3, 620.6)
1.284194|(742.2, 619.9)
1.302195|(746.0, 618.5)
1.31944|(747.9, 618.5)
1.353411|(759.3, 615.7)
1.369792|(760.2, 618.7)
1.386885|(757.3, 614.5)
1.403827|(754.7, 617.8)
1.419407|(757.9, 624.4)
1.436302|(757.2, 621.3)
1.453872|(772.3, 618.5)
1.469692|(925.9, 639.4)
1.502779|(937.0, 640.5)
1.520607|(935.1, 636.5)
1.536988|(963.5, 646.4)
1.553552|(973.1, 652.0)
1.57137|(973.1, 652.4)
1.586421|(972.9, 652.2)
1.603186|(970.7, 650.6)
1.619881|(965.2, 648.2)
1.653888|(964.4, 648.3)
1.671521|(963.7, 649.9)
1.688273|(973.3, 653.6)
1.704675|(980.2, 640.8)
1.721259|(978.3, 637.3)
1.737869|(979.3, 636.1)
1.753671|(975.7, 635.2)
1.771234|(976.3, 634.8)
1.803993|(975.1, 633.3)
1.82061|(976.5, 633.0)
1.98773|(1631.6, 637.4)
2.002936|(1626.3, 657.2)
2.020854|(1621.9, 656.0)
2.03713|(1618.4, 644.1)
2.073414|(1620.6, 645.6)
2.105388|(1627.3, 655.6)
2.121799|(1630.6, 660.7)
2.138062|(1629.3, 659.6)
2.154533|(1630.3, 659.8)
2.170596|(1627.1, 657.3)
2.187197|(1621.3, 652.3)
2.203568|(1614.4, 651.5)
2.221102|(1603.7, 658.8)
2.254539|(1199.8, 832.7)
2.271574|(1003.1, 929.6)
2.287762|(947.7, 970.4)
2.303773|(928.1, 988.3)
2.32051|(783.0, 1067.3)
2.354209|(783.1, 1060.6)
2.371279|(785.5, 1050.3)
2.403369|(797.0, 1054.8)
2.421287|(799.1, 1092.3)
2.438184|(798.0, 1101.0)
2.454358|(789.0, 1100.2)
2.47207|(777.0, 1089.7)
2.487782|(766.5, 1077.7)
2.504769|(770.1, 1063.7)
2.521215|(767.5, 1048.1)
2.554851|(770.8, 1027.6)
2.571903|(777.9, 1027.0)
2.588784|(776.3, 1025.2)
2.604613|(762.1, 1023.5)
2.623036|(755.6, 1024.0)
2.638488|(752.6, 1024.0)
2.655748|(750.0, 1024.5)
2.67264|(741.2, 1023.5)
2.705384|(737.1, 1023.3)
2.722648|(735.9, 1019.0)
2.739198|(735.7, 1018.4)
2.754851|(738.1, 1018.3)
2.772401|(740.1, 1018.3)
2.787881|(739.3, 1022.6)
2.805082|(735.7, 1031.5)
2.82271|(737.2, 1032.2)
2.855515|(738.2, 1036.7)
2.870711|(733.4, 1030.3)
2.88887|(733.4, 965.7)
2.90489|(733.2, 951.1)
2.921522|(735.1, 952.6)
2.938803|(734.2, 944.4)
2.955205|(732.4, 948.7)
2.972183|(731.8, 947.3)
3.005452|(734.5, 934.7)
3.022818|(739.6, 928.9)
3.037583|(737.8, 924.4)
3.054996|(732.0, 929.0)
3.071992|(735.3, 928.0)
3.088668|(735.4, 932.8)
3.105835|(737.2, 937.7)
3.122608|(737.4, 938.5)
3.155631|(736.1, 941.2)
3.172266|(739.7, 944.3)
3.188555|(742.1, 926.3)
3.204868|(741.9, 921.9)
3.222149|(742.2, 920.5)
3.239055|(741.2, 916.2)
3.273795|(737.4, 905.2)
3.306471|(734.7, 912.8)
3.324394|(734.0, 909.9)
3.339249|(730.4, 913.2)
3.355743|(728.7, 916.4)
3.372883|(726.5, 913.6)
3.389632|(722.3, 912.0)
3.406242|(721.8, 909.3)
3.422027|(720.3, 899.0)
3.456403|(733.0, 868.2)
3.472799|(739.2, 865.2)
3.489179|(739.9, 868.5)
3.50588|(740.3, 869.1)
3.523247|(737.8, 873.5)
3.540545|(737.0, 875.0)
3.556344|(739.1, 874.9)
3.573545|(737.7, 876.1)
3.606632|(734.3, 873.1)
3.622869|(731.3, 864.4)
3.639471|(734.8, 863.5)
3.656111|(734.9, 864.3)
3.672665|(725.9, 834.0)
3.688572|(719.5, 822.0)
3.706839|(720.6, 823.9)
3.723265|(720.8, 820.9)
3.756626|(719.9, 819.3)
3.77302|(722.2, 821.4)
3.790088|(726.0, 825.7)
3.806584|(730.1, 826.4)
3.82317|(729.0, 828.2)
3.84041|(727.2, 829.6)
3.857|(725.7, 824.6)
3.874451|(725.7, 787.2)
3.907125|(733.1, 772.1)
3.924162|(737.6, 763.8)
3.939961|(729.3, 765.6)
3.956667|(725.6, 769.5)
3.97378|(723.6, 775.7)
3.990217|(718.3, 774.1)
4.007043|(720.3, 762.0)
4.023467|(718.1, 767.2)
4.057656|(717.0, 768.1)
4.073126|(718.4, 772.7)
4.091434|(727.7, 770.6)
4.107759|(725.8, 772.9)
4.125021|(722.6, 773.3)
4.14207|(725.9, 771.6)
4.158396|(728.2, 770.9)
4.17424|(730.5, 781.0)
4.207865|(735.2, 773.9)
4.225657|(733.0, 742.7)
4.241263|(731.9, 739.5)
4.257642|(728.6, 720.4)
4.27428|(728.4, 718.9)
4.291381|(709.9, 697.6)
4.308386|(711.9, 699.6)
4.325|(713.3, 706.4)
4.358379|(717.3, 700.0)
4.375809|(719.6, 700.2)
4.39124|(715.7, 696.6)
4.407703|(711.3, 695.1)
4.424855|(714.2, 696.6)
4.441337|(718.3, 696.1)
4.45848|(719.4, 694.4)
4.473988|(719.5, 693.6)
4.508351|(711.6, 690.4)
4.525829|(708.9, 683.5)
4.542213|(708.6, 685.3)
4.557992|(707.9, 687.1)
4.574672|(707.9, 685.9)
4.590944|(712.1, 684.5)
4.608516|(711.9, 682.2)
4.625329|(712.2, 674.8)
4.659266|(709.7, 639.0)
4.675554|(699.1, 620.2)
4.691957|(698.6, 619.4)
4.708483|(704.5, 617.4)
4.725535|(706.1, 616.6)
4.74193|(710.8, 616.2)
4.758836|(713.3, 615.1)
4.776001|(716.8, 613.3)
4.809008|(712.1, 608.8)
4.82695|(718.7, 606.0)
4.841825|(714.3, 577.4)
4.859077|(712.1, 578.5)
4.876054|(713.8, 570.4)
4.891932|(713.0, 569.6)
4.909214|(711.1, 570.2)
4.924633|(707.3, 563.9)
4.959399|(699.9, 554.1)
4.97541|(703.5, 551.7)
4.992225|(710.0, 553.2)
5.008874|(715.2, 558.0)
5.02606|(724.6, 561.0)
5.044079|(725.2, 562.3)
5.058985|(725.7, 562.8)
5.075437|(725.7, 562.5)
5.09094|(726.6, 554.4)
5.108667|(718.2, 532.9)
5.125191|(709.4, 524.7)
5.140977|(708.0, 522.3)
5.158642|(704.7, 504.6)
5.192417|(705.9, 501.8)
5.209317|(708.5, 500.9)
5.225753|(707.6, 496.5)
5.26048|(707.9, 493.1)
5.275572|(707.0, 490.2)
5.292761|(700.3, 467.1)
5.310311|(698.9, 461.4)
5.325979|(696.6, 459.7)
5.343008|(698.3, 459.3)
5.360946|(702.1, 458.6)
5.37647|(702.9, 452.2)
5.393015|(704.3, 449.5)
5.408023|(706.4, 448.2)
5.425767|(708.4, 447.0)
5.44281|(717.0, 448.2)
5.45982|(713.0, 447.4)
5.477304|(717.4, 446.2)
5.49305|(723.6, 438.2)
5.509537|(723.4, 438.3)
5.52676|(726.1, 436.7)
5.542865|(726.2, 435.5)
5.559148|(726.0, 437.5)
5.576082|(726.2, 438.6)
5.593002|(728.0, 431.6)
5.609518|(728.0, 430.7)
5.626555|(726.2, 432.2)
5.64309|(724.5, 432.7)
5.660409|(723.1, 433.5)
5.676833|(724.1, 431.3)
5.692023|(721.7, 418.3)
5.709922|(714.9, 421.6)
5.726163|(716.3, 336.3)
5.743079|(719.1, 315.6)
5.760406|(695.7, 303.6)
5.777001|(704.7, 295.3)
5.793467|(705.1, 292.3)
5.811242|(704.2, 287.6)
5.844106|(703.3, 290.7)
5.859173|(704.3, 292.5)
5.877112|(703.2, 297.2)
5.893573|(703.8, 297.4)
5.910125|(699.2, 295.9)
5.928067|(696.0, 297.2)
5.944314|(702.5, 293.5)
5.960455|(705.8, 288.9)
5.976113|(700.0, 292.5)
5.994009|(705.2, 289.3)
6.010085|(704.9, 290.1)
6.025872|(714.8, 277.4)
6.043579|(710.1, 286.1)
6.060355|(712.0, 255.6)
6.076198|(708.1, 237.6)
6.094317|(707.2, 233.3)
6.110861|(700.5, 215.3)
6.127918|(684.8, 193.5)
6.145257|(687.9, 197.4)
6.161478|(683.3, 196.1)
6.177521|(676.8, 194.0)
6.19436|(673.2, 189.0)
6.210505|(690.5, 184.4)
6.227628|(696.8, 175.9)
6.243173|(695.3, 171.1)
6.261705|(690.9, 169.2)
6.277977|(693.5, 171.3)
6.294663|(695.0, 164.6)
6.312621|(696.9, 163.0)
6.327186|(696.7, 157.0)
6.344696|(700.2, 153.4)
6.361049|(707.0, 148.9)
6.37816|(705.7, 149.4)
6.394499|(696.8, 151.2)
6.410783|(692.6, 153.3)
6.428007|(691.7, 154.8)
6.445056|(686.9, 157.8)
6.460047|(689.5, 159.6)
6.477696|(689.0, 159.0)
6.494345|(683.7, 161.1)
6.51036|(687.2, 159.5)
6.528234|(684.0, 154.9)
6.544905|(686.8, 161.1)
6.56201|(686.7, 162.5)
6.578788|(683.6, 187.5)
6.595458|(690.5, 230.8)
6.612336|(697.1, 242.1)
6.627359|(697.7, 281.1)
6.64502|(679.6, 295.4)
6.661728|(683.4, 281.9)
6.678287|(689.6, 278.1)
6.696078|(681.8, 290.5)
6.712073|(681.6, 292.3)
6.728743|(680.1, 296.7)
6.744591|(687.7, 305.7)
6.762194|(689.4, 305.2)
6.778465|(689.3, 304.6)
6.793928|(687.8, 294.2)
6.812004|(686.8, 290.3)
6.828822|(689.2, 278.1)
6.845596|(688.2, 277.8)
6.862387|(688.6, 281.7)
6.878765|(688.9, 279.4)
6.895847|(692.1, 286.6)
6.911856|(693.7, 298.9)
6.928735|(694.6, 302.0)
6.945588|(693.9, 306.8)
6.961167|(693.6, 310.4)
6.978943|(695.6, 335.3)
6.995467|(699.3, 390.7)
7.01269|(696.4, 494.2)
7.030073|(696.7, 530.1)
7.046214|(697.6, 591.3)
7.061916|(694.5, 658.5)
7.077963|(692.8, 698.3)
7.09633|(687.3, 696.8)
7.112619|(687.3, 696.3)
7.128919|(688.4, 698.5)
7.146439|(693.3, 701.8)
7.162412|(695.4, 705.0)
7.196304|(698.9, 709.3)
7.212376|(700.7, 709.7)
7.229196|(709.2, 718.6)
7.245734|(713.5, 723.7)
7.262771|(714.1, 724.5)
7.279|(717.1, 721.9)
7.294666|(712.5, 714.2)
7.312408|(712.5, 716.1)
7.345918|(713.0, 715.4)
7.36324|(717.4, 716.7)
7.379846|(713.8, 715.4)
7.39763|(714.4, 714.8)
7.414156|(716.2, 714.3)
7.430501|(720.3, 715.4)
7.446951|(718.9, 718.7)
7.46327|(717.6, 732.3)
7.496592|(726.8, 874.6)
7.513383|(729.5, 896.7)
7.530938|(742.2, 987.2)
7.547301|(741.4, 1025.2)
7.564009|(731.1, 1023.6)
7.580336|(727.5, 1022.2)
7.597223|(733.4, 1033.5)
7.613284|(732.9, 1034.6)
7.646847|(732.7, 1041.3)
7.663633|(732.2, 1040.5)
7.680731|(728.9, 1037.5)
7.698184|(730.2, 1039.2)
7.714316|(730.2, 1039.0)
7.730757|(731.5, 1039.4)
7.74647|(728.3, 1035.9)
7.763753|(731.1, 1038.4)
7.795378|(730.9, 1038.6)
7.813748|(731.9, 1037.4)
7.847127|(735.6, 1036.7)
7.864227|(738.6, 1035.5)
7.881501|(734.7, 1038.2)
7.897029|(734.1, 1039.1)
7.91516|(732.2, 1044.1)
7.946743|(739.0, 1045.1)
7.964299|(742.1, 1043.5)
7.980804|(742.4, 1041.3)
7.997405|(744.3, 1041.5)
8.013854|(747.1, 1037.9)
8.030795|(749.4, 1035.6)
8.047733|(748.7, 1035.7)
8.063707|(749.9, 1032.0)
8.096825|(751.0, 1029.2)
8.114459|(751.7, 1026.9)
8.13067|(754.0, 1020.4)
8.14802|(752.9, 1021.2)
8.163927|(751.7, 1022.8)
8.179364|(745.4, 1030.5)
8.198059|(738.8, 1015.2)
8.213569|(720.9, 1002.2)
8.247872|(719.0, 998.8)
8.280984|(733.4, 1010.0)
8.314082|(740.7, 1022.7)
8.331266|(739.5, 1027.4)
8.348146|(740.3, 1025.8)
8.364109|(739.0, 1023.7)
8.396646|(739.0, 1024.6)
8.415413|(737.0, 1021.6)
8.431199|(736.3, 1028.3)
8.448347|(733.8, 1032.8)
8.46594|(733.0, 1032.5)
8.481948|(731.0, 1034.1)
8.497798|(730.9, 1032.4)
8.514565|(727.5, 1007.8)
8.547915|(723.5, 982.5)
8.563773|(722.3, 977.2)
8.581303|(722.5, 971.1)
8.598259|(715.0, 946.8)
8.615076|(716.8, 954.0)
8.632511|(711.2, 943.1)
8.648653|(711.2, 943.6)
8.66475|(711.4, 941.6)
8.698081|(719.2, 927.1)
8.714738|(724.4, 906.8)
8.73218|(718.4, 903.3)
8.749122|(718.4, 904.1)
8.765192|(726.2, 907.3)
8.782536|(727.3, 906.9)
8.798788|(725.8, 904.8)
8.814637|(724.8, 904.5)
8.847795|(721.8, 908.9)
8.86503|(720.0, 912.8)
8.89742|(718.3, 917.6)
8.915547|(722.8, 888.7)
8.932096|(722.5, 869.9)
8.948752|(719.3, 879.6)
8.966055|(719.2, 879.8)
8.998624|(709.5, 877.9)
9.015689|(707.8, 858.6)
9.032436|(706.7, 860.6)
9.049059|(698.8, 854.3)
9.066004|(698.1, 850.7)
9.083343|(730.2, 808.1)
9.099648|(734.4, 803.3)
9.115198|(736.2, 799.1)
9.149088|(741.1, 802.0)
9.165653|(733.5, 800.1)
9.181664|(738.9, 800.9)
9.19925|(739.2, 798.6)
9.216102|(741.1, 795.8)
9.232892|(733.9, 796.1)
9.249221|(731.1, 797.8)
9.265409|(730.8, 797.3)
9.29923|(724.8, 800.1)
9.315539|(719.3, 802.8)
9.332983|(709.1, 802.0)
9.349987|(709.6, 809.9)
9.366358|(708.9, 785.6)
9.382921|(705.2, 713.5)
9.400532|(708.3, 703.6)
9.415893|(713.2, 693.1)
9.449222|(713.3, 689.0)
9.466511|(713.1, 683.9)
9.482793|(714.3, 674.9)
9.500075|(715.0, 675.8)
9.51667|(714.1, 669.8)
9.533531|(716.4, 666.5)
9.549576|(716.3, 665.3)
9.566643|(716.9, 666.6)
9.599998|(709.7, 675.4)
9.617299|(707.8, 678.7)
9.633512|(710.3, 679.4)
9.649803|(713.8, 676.3)
9.666752|(713.9, 677.1)
9.683815|(716.2, 677.7)
9.699425|(713.9, 683.6)
9.716866|(713.3, 679.9)
9.750093|(710.0, 681.7)
9.76701|(707.1, 679.9)
9.784327|(708.4, 660.7)
9.800014|(720.2, 608.8)
9.816814|(719.3, 599.9)
9.833475|(698.2, 595.7)
9.850517|(687.8, 591.2)
9.866884|(687.0, 588.7)
9.90085|(679.1, 589.8)
9.93575|(691.3, 582.3)
9.968477|(701.1, 579.4)
9.999784|(693.3, 584.6)
10.05016|(686.6, 588.4)
10.06737|(689.5, 589.1)
10.08436|(690.1, 587.8)
10.10146|(702.0, 588.6)
10.11783|(700.2, 585.3)
10.13387|(697.4, 581.4)
10.15045|(695.1, 580.6)
10.16716|(695.6, 582.8)
10.2016|(696.3, 584.3)
10.2174|(701.6, 580.8)
10.23462|(704.8, 576.8)
10.25196|(697.2, 560.6)
10.26811|(703.8, 506.4)
10.28376|(696.7, 474.5)
10.30094|(694.7, 471.5)
10.31752|(694.0, 468.2)
10.34973|(689.6, 439.9)
10.36769|(687.0, 438.8)
10.3844|(686.9, 436.3)
10.40097|(687.8, 433.8)
10.41809|(679.3, 435.4)
10.43421|(684.9, 433.0)
10.45063|(688.4, 424.8)
10.46814|(688.0, 423.7)
10.50126|(688.3, 426.3)
10.51902|(696.7, 417.1)
10.53469|(697.4, 428.1)
10.55152|(698.9, 430.0)
10.56677|(698.0, 423.6)
10.58454|(693.9, 420.2)
10.60087|(691.6, 422.1)
10.61758|(686.8, 426.1)
10.65094|(685.0, 422.8)
10.66873|(685.6, 421.0)
10.68371|(685.9, 407.5)
10.70169|(696.1, 266.6)
10.71807|(698.0, 254.9)
10.73364|(698.6, 247.8)
10.75146|(697.7, 245.0)
10.76824|(696.6, 238.2)
10.80151|(693.2, 217.8)
10.81811|(690.4, 215.2)
10.83526|(685.7, 215.9)
10.85054|(682.3, 224.8)
10.86823|(681.3, 232.8)
10.8849|(679.9, 233.0)
10.90182|(677.0, 233.4)
10.91844|(668.1, 230.9)
10.95185|(664.2, 225.7)
10.96967|(667.3, 226.5)
10.98531|(682.2, 213.8)
11.00153|(680.8, 218.5)
11.01812|(679.7, 238.7)
11.03496|(684.7, 232.3)
11.06769|(685.9, 227.7)
11.10288|(688.1, 215.6)
11.11943|(684.4, 216.2)
11.1365|(682.2, 220.0)
11.15264|(686.0, 220.9)
11.17085|(684.1, 221.2)
11.18578|(688.0, 223.4)
11.20325|(689.2, 222.4)
11.21949|(688.9, 222.5)
