20.72439|(311.8, 896.0)
20.76139|(305.5, 896.8)
20.79077|(304.5, 896.0)
20.82326|(310.9, 889.3)
20.85785|(311.9, 885.7)
20.88946|(312.2, 886.3)
20.90626|(310.8, 887.2)
20.92301|(308.7, 890.9)
20.94012|(309.4, 889.7)
20.97499|(311.4, 884.9)
20.98982|(312.8, 884.0)
21.00742|(314.5, 885.4)
21.02316|(311.3, 894.6)
21.03948|(618.3, 1024.6)
21.05642|(635.3, 1031.5)
21.07366|(630.8, 1031.8)
21.12334|(659.0, 1068.8)
21.14104|(666.2, 1078.5)
21.15737|(654.0, 1080.2)
21.17318|(631.0, 1088.3)
21.20673|(623.8, 1086.8)
21.22339|(596.9, 1088.3)
21.23932|(583.1, 1063.6)
21.27383|(567.3, 1093.8)
21.29082|(575.2, 1071.8)
21.30756|(568.0, 1082.9)
21.32377|(558.3, 1099.4)
21.34014|(557.6, 1098.4)
21.35723|(556.7, 1094.3)
21.37385|(558.2, 1105.5)
21.39049|(557.9, 1107.3)
21.42392|(556.0, 1101.7)
21.44117|(555.5, 1101.4)
21.45709|(553.1, 1107.1)
21.474|(551.1, 1115.5)
21.49006|(543.3, 1114.1)
21.50647|(546.5, 1108.0)
21.52374|(550.7, 1088.5)
21.54074|(549.6, 1085.5)
21.57413|(551.0, 1097.6)
21.59121|(545.5, 1096.3)
21.60808|(531.9, 1103.6)
21.62469|(530.1, 1103.7)
21.64074|(528.4, 1104.1)
21.65716|(529.0, 1102.8)
21.67419|(533.0, 1100.6)
21.69075|(541.8, 1092.5)
21.72514|(547.2, 1080.9)
21.74216|(545.7, 1075.8)
21.75784|(550.4, 1070.0)
21.77443|(554.6, 1067.1)
21.79081|(558.2, 1065.1)
21.80763|(559.7, 1044.9)
21.82449|(561.9, 1025.2)
21.84035|(558.3, 988.3)
21.87511|(551.2, 886.5)
21.89207|(553.6, 861.6)
21.90926|(552.7, 759.7)
21.92595|(549.5, 762.7)
21.94146|(542.0, 721.7)
21.95783|(542.7, 723.8)
21.9748|(545.3, 730.0)
21.99162|(544.1, 712.8)
22.02607|(543.4, 707.0)
22.04218|(542.4, 703.8)
22.05874|(572.5, 265.5)
22.07498|(573.8, 180.5)
22.09162|(555.9, 155.4)
22.10814|(552.0, 128.5)
22.12424|(549.5, 128.0)
22.14247|(563.0, 131.8)
22.17563|(554.7, 128.2)
22.19301|(554.7, 120.0)
22.2094|(552.2, 123.4)
22.22593|(548.1, 127.0)
22.24318|(537.6, 124.3)
22.26094|(526.3, 120.1)
22.27698|(531.3, 121.6)
22.29308|(531.1, 123.0)
22.32524|(519.0, 122.6)
22.34258|(518.3, 122.9)
22.35932|(519.2, 127.1)
22.37635|(515.8, 140.0)
22.39102|(516.6, 142.2)
22.40905|(514.2, 146.8)
22.42571|(512.2, 149.7)
22.44341|(512.7, 149.4)
22.47609|(513.4, 150.6)
22.49274|(516.9, 147.2)
22.50992|(514.3, 139.3)
22.52584|(518.1, 135.7)
22.54218|(520.0, 135.2)
22.5586|(520.2, 135.1)
22.57597|(530.7, 130.3)
22.59285|(530.7, 129.5)
22.62615|(521.9, 125.1)
22.64343|(515.2, 125.6)
22.67728|(506.9, 128.1)
22.69279|(505.7, 129.8)
22.70997|(505.9, 133.1)
22.72522|(505.4, 130.9)
22.74324|(501.8, 126.9)
22.7765|(508.5, 128.4)
22.79321|(508.5, 128.3)
22.81038|(507.1, 122.3)
22.82634|(506.1, 120.1)
22.84396|(504.8, 119.7)
22.8597|(503.9, 120.7)
22.87645|(501.6, 122.6)
22.89319|(502.4, 120.8)
22.92643|(509.4, 164.8)
22.94375|(504.2, 197.3)
22.96054|(494.5, 337.7)
22.9764|(497.1, 417.0)
22.99301|(507.2, 427.8)
23.00991|(511.6, 455.2)
23.02638|(516.2, 492.5)
23.04347|(512.8, 523.5)
23.07674|(519.2, 517.9)
23.09331|(525.3, 521.0)
23.11006|(522.6, 529.5)
23.12685|(521.4, 530.5)
23.14368|(522.3, 529.8)
23.15996|(520.2, 536.3)
23.17799|(516.1, 536.5)
23.19336|(512.1, 540.8)
23.22617|(509.1, 540.6)
23.24353|(524.3, 878.3)
23.25983|(541.1, 1079.4)
23.27605|(541.7, 1094.9)
23.29345|(539.8, 1120.2)
23.31028|(539.0, 1119.8)
23.32597|(539.8, 1119.7)
23.34431|(536.7, 1107.8)
23.3775|(537.0, 1103.0)
23.39408|(525.9, 1100.3)
23.41018|(522.2, 1102.8)
23.42684|(513.6, 1102.0)
23.44282|(515.0, 1099.0)
23.46051|(517.3, 1096.2)
23.4779|(519.7, 1093.3)
23.49285|(523.5, 1088.0)
23.52734|(546.4, 1082.4)
23.544|(547.2, 1078.2)
23.56119|(548.4, 1079.6)
23.5773|(549.6, 1078.8)
23.5944|(549.4, 1065.3)
23.61244|(551.2, 1055.2)
23.62789|(550.8, 1054.6)
23.64445|(549.2, 1046.8)
23.6777|(550.4, 1045.0)
23.69386|(546.6, 1048.0)
23.71022|(544.0, 1053.8)
23.72768|(543.3, 1051.6)
23.74471|(554.1, 1044.7)
23.76147|(553.7, 1045.3)
23.7789|(555.0, 1048.9)
23.79437|(554.3, 1048.3)
23.81132|(533.9, 1059.6)
23.82781|(542.5, 1060.1)
23.84436|(536.3, 1024.0)
23.86094|(509.2, 605.4)
23.87829|(504.4, 495.3)
23.89532|(504.2, 475.6)
23.91237|(504.9, 445.1)
23.92854|(507.1, 427.3)
23.94662|(508.6, 418.4)
23.97849|(501.5, 404.0)
23.99469|(502.0, 406.9)
24.01129|(501.2, 408.7)
24.02796|(515.9, 410.1)
24.04586|(532.7, 411.3)
24.06284|(536.2, 405.4)
24.07842|(534.8, 405.9)
24.09511|(535.6, 404.7)
24.12866|(527.9, 401.6)
24.16158|(527.5, 384.8)
24.17926|(526.7, 388.9)
24.19515|(497.9, 158.3)
24.21256|(496.1, 157.1)
24.22934|(496.2, 155.4)
24.26229|(494.8, 159.7)
24.28023|(503.8, 143.7)
24.29587|(507.3, 141.5)
24.31211|(507.4, 140.6)
24.32753|(508.7, 140.7)
24.34607|(522.7, 114.2)
24.36254|(522.8, 114.3)
24.37933|(518.8, 112.7)
24.39685|(517.9, 112.1)
24.42943|(523.4, 109.8)
24.44679|(522.2, 113.5)
24.46194|(522.2, 115.5)
24.4792|(520.5, 115.2)
24.49571|(520.0, 114.8)
24.51285|(519.5, 115.1)
24.52926|(515.2, 104.8)
24.54617|(513.5, 103.9)
24.57963|(515.7, 106.4)
24.59566|(515.8, 105.5)
24.61322|(514.6, 104.2)
24.63008|(515.7, 113.3)
24.64614|(514.4, 140.1)
24.66164|(514.5, 147.6)
24.67956|(513.3, 271.3)
24.69659|(525.5, 836.5)
24.71335|(521.9, 937.8)
24.73124|(521.1, 995.4)
24.74648|(519.7, 1016.3)
24.7636|(524.7, 1032.0)
24.77987|(513.7, 1023.9)
24.79596|(511.2, 1041.7)
24.81314|(511.0, 1051.1)
24.82857|(507.2, 1049.0)
24.84717|(507.5, 1058.2)
24.86315|(509.3, 1056.6)
24.87973|(528.4, 1034.3)
24.89703|(528.0, 1037.1)
24.91306|(534.9, 1036.6)
24.92939|(535.4, 1035.7)
24.9468|(537.1, 1039.1)
24.96302|(541.8, 1055.0)
24.98007|(549.6, 1071.9)
25.01326|(551.9, 1070.6)
25.02965|(551.0, 1068.4)
25.04642|(552.0, 1065.0)
25.06433|(549.5, 1067.0)
25.07974|(545.8, 1067.4)
25.09657|(550.4, 1045.7)
25.11454|(550.1, 1047.6)
