11.26978|(683.7, 224.6)
11.35339|(685.9, 223.8)
11.38068|(684.3, 229.8)
11.41347|(688.6, 228.3)
11.44776|(687.7, 227.0)
11.47994|(686.2, 223.6)
11.51418|(692.5, 222.5)
11.53018|(691.2, 223.9)
11.54703|(690.0, 228.3)
11.5642|(687.9, 233.8)
11.58052|(691.8, 235.7)
11.59639|(696.2, 231.4)
11.61345|(699.4, 228.9)
11.63001|(699.0, 229.7)
11.66408|(705.2, 226.3)
11.68046|(703.9, 230.4)
11.69673|(704.3, 232.4)
11.71434|(701.9, 233.2)
11.73032|(702.6, 236.4)
11.74655|(707.4, 236.2)
11.76366|(707.5, 234.1)
11.78088|(708.9, 233.5)
11.81444|(706.0, 235.1)
11.82934|(699.4, 236.7)
11.84723|(681.1, 229.9)
11.86483|(681.4, 231.2)
11.8801|(683.8, 234.5)
11.8973|(693.4, 235.3)
11.91349|(694.0, 234.6)
11.93058|(701.9, 230.5)
11.96401|(705.2, 230.1)
11.98088|(735.3, 225.6)
11.99621|(671.0, 119.6)
12.01387|(647.6, 123.0)
12.03001|(646.2, 127.5)
12.0471|(640.0, 107.9)
12.06517|(638.5, 106.8)
12.08072|(641.9, 111.0)
12.11403|(635.4, 123.9)
12.13092|(632.3, 102.4)
12.14725|(633.2, 101.3)
12.16327|(630.3, 107.0)
12.1804|(633.6, 101.2)
12.19713|(632.6, 104.0)
12.21278|(620.0, 106.4)
12.23068|(626.1, 109.8)
12.26487|(627.4, 111.0)
12.28115|(633.3, 113.1)
12.29766|(629.5, 111.5)
12.31388|(630.6, 110.4)
12.33167|(630.1, 110.1)
12.34755|(633.7, 115.1)
12.36441|(639.6, 133.5)
12.38065|(638.0, 142.4)
12.41434|(608.2, 469.3)
12.43144|(608.7, 501.1)
12.44783|(612.7, 566.8)
12.46424|(619.7, 565.7)
12.48098|(622.2, 565.5)
12.49899|(632.1, 562.8)
12.51456|(637.1, 564.5)
12.53163|(640.5, 568.5)
12.56481|(650.4, 581.7)
12.58117|(650.4, 585.7)
12.5968|(651.6, 572.9)
12.61458|(651.4, 563.6)
12.63119|(646.2, 584.2)
12.64836|(637.1, 635.1)
12.66563|(638.6, 653.2)
12.68204|(637.2, 747.2)
12.71467|(634.7, 816.1)
12.73188|(635.3, 930.0)
12.74796|(639.6, 926.6)
12.76465|(642.6, 926.3)
12.78257|(646.7, 915.4)
12.7989|(643.5, 924.3)
