15.1073|(617.4, 225.8)
15.12421|(615.7, 226.7)
15.16513|(625.7, 226.1)
15.20013|(630.4, 227.2)
15.23187|(634.5, 231.1)
15.26467|(634.4, 237.5)
15.29802|(636.7, 237.5)
15.31576|(634.6, 241.3)
15.33149|(632.0, 238.8)
15.34937|(628.2, 236.8)
15.36458|(619.6, 236.5)
15.38184|(620.1, 237.2)
15.39853|(620.1, 236.9)
15.4155|(622.7, 236.0)
15.43234|(623.3, 235.9)
15.449|(622.6, 243.3)
15.46622|(624.7, 248.1)
15.48219|(557.3, 376.2)
15.49977|(567.3, 365.1)
15.51528|(515.8, 590.9)
15.53231|(499.0, 665.0)
15.55009|(483.3, 760.2)
15.56533|(484.6, 781.9)
15.58308|(486.9, 783.7)
15.61591|(477.7, 821.2)
15.63157|(477.9, 818.9)
15.64903|(475.9, 825.0)
15.66664|(464.8, 833.5)
15.68234|(436.2, 849.3)
15.6995|(425.3, 850.9)
15.71474|(415.0, 852.5)
15.73252|(377.7, 865.9)
15.7494|(343.9, 876.2)
15.76544|(299.9, 893.1)
15.78316|(295.1, 900.4)
15.7999|(291.2, 912.1)
15.81557|(290.7, 919.1)
15.83162|(292.2, 915.2)
15.84921|(289.8, 916.8)
15.8662|(290.5, 918.9)
15.88266|(305.2, 923.8)
15.90043|(299.5, 914.6)
15.91526|(296.8, 914.1)
15.93227|(300.1, 914.0)
15.9497|(301.7, 911.4)
15.96544|(303.5, 907.7)
15.98248|(306.4, 908.7)
15.99913|(306.9, 908.0)
16.01593|(307.5, 905.4)
16.06673|(304.4, 900.2)
16.08368|(297.1, 892.1)
16.09962|(301.6, 902.8)
16.11665|(302.5, 902.1)
16.13311|(306.6, 901.4)
16.14962|(309.5, 897.0)
16.18328|(306.9, 901.2)
16.1999|(310.0, 897.4)
16.21586|(308.5, 898.8)
16.23316|(308.0, 891.5)
16.24969|(311.1, 882.0)
16.26654|(310.9, 851.5)
16.284|(310.9, 851.0)
16.29976|(311.7, 851.3)
16.31684|(313.8, 806.8)
16.34998|(313.5, 807.4)
16.36593|(315.0, 806.6)
16.38298|(317.7, 814.2)
16.4009|(317.1, 817.3)
16.41669|(315.9, 818.7)
16.4338|(310.8, 819.7)
16.45026|(309.3, 819.3)
16.46672|(308.0, 812.6)
16.49995|(296.5, 755.9)
16.51681|(295.4, 743.3)
16.53355|(288.5, 639.5)
16.54983|(287.3, 611.7)
16.56835|(286.0, 593.8)
16.58414|(283.5, 509.4)
16.60078|(291.8, 481.8)
16.61717|(294.1, 471.2)
16.64986|(304.4, 462.4)
16.66774|(308.1, 458.4)
16.68343|(308.3, 457.3)
16.70058|(310.2, 457.6)
16.71606|(310.7, 458.5)
16.73375|(301.0, 465.8)
16.75101|(299.4, 467.0)
16.7678|(296.9, 466.0)
16.80059|(279.5, 444.3)
16.8169|(273.3, 419.3)
16.83371|(266.4, 418.2)
16.85048|(266.9, 407.0)
16.86736|(265.2, 386.0)
16.88361|(268.0, 374.5)
16.90099|(274.0, 351.3)
16.91764|(268.1, 347.2)
16.93312|(265.2, 327.3)
16.96768|(262.8, 327.1)
16.98449|(267.4, 327.4)
17.00244|(269.9, 324.8)
17.01795|(269.9, 329.1)
17.0345|(266.0, 282.7)
17.05238|(251.8, 273.2)
17.0686|(247.4, 272.5)
17.10057|(243.5, 276.7)
17.11811|(250.4, 272.6)
17.13453|(255.2, 267.7)
17.15171|(260.8, 266.0)
17.16746|(267.9, 265.4)
17.18479|(269.0, 264.1)
17.2019|(264.5, 271.8)
17.21992|(265.8, 278.2)
17.25174|(257.7, 279.9)
17.26771|(271.8, 366.0)
17.28579|(274.2, 377.4)
17.30141|(274.2, 435.7)
17.31809|(273.1, 459.2)
17.33488|(270.8, 469.9)
17.35196|(271.2, 473.2)
17.36842|(276.3, 490.8)
17.40257|(273.6, 493.1)
17.41822|(277.8, 491.9)
17.43507|(282.1, 493.5)
17.45152|(282.0, 496.4)
17.46844|(270.2, 510.5)
17.48523|(269.9, 510.6)
17.50211|(270.0, 508.9)
17.51899|(263.0, 508.8)
17.55247|(264.1, 516.9)
17.56963|(268.8, 530.8)
17.58534|(271.4, 565.6)
17.60277|(276.4, 605.6)
17.6183|(278.1, 630.7)
17.63552|(278.8, 639.2)
17.65257|(279.2, 652.3)
17.66961|(276.5, 666.0)
17.70208|(286.8, 666.6)
17.71896|(287.3, 667.2)
17.73455|(281.1, 670.6)
17.75234|(276.8, 668.7)
17.7688|(277.9, 669.2)
17.78575|(278.4, 656.5)
17.80253|(278.2, 657.2)
17.81971|(276.7, 649.6)
17.8522|(287.3, 763.5)
17.86928|(287.0, 807.3)
17.88598|(290.7, 910.8)
17.90321|(291.5, 920.4)
17.91936|(291.5, 919.7)
17.9357|(293.5, 924.8)
17.95251|(294.4, 925.0)
17.96964|(294.4, 926.5)
18.00346|(297.3, 919.1)
18.01913|(302.4, 913.0)
18.03583|(303.2, 912.6)
18.05285|(304.6, 915.0)
18.06941|(305.9, 912.8)
18.08669|(310.0, 918.1)
18.10261|(316.3, 922.6)
18.11908|(317.8, 925.0)
18.15244|(322.1, 916.3)
18.16945|(322.7, 922.5)
18.18662|(324.2, 907.8)
18.20271|(325.5, 896.8)
18.21974|(321.0, 902.8)
18.23608|(306.6, 903.9)
18.25355|(307.0, 902.9)
18.26945|(305.8, 900.4)
18.30353|(303.5, 901.5)
18.32006|(302.7, 903.7)
18.33677|(302.1, 903.2)
18.35355|(315.2, 913.5)
18.37002|(319.2, 911.5)
18.38693|(319.0, 914.6)
18.40204|(315.1, 916.2)
18.4198|(318.0, 916.9)
18.45317|(314.7, 917.2)
18.47104|(318.5, 915.8)
18.48675|(302.8, 896.4)
18.50332|(302.5, 838.3)
18.52079|(301.8, 682.6)
18.53767|(302.2, 683.1)
18.55303|(300.5, 665.1)
18.57029|(299.0, 626.0)
18.60308|(309.9, 578.3)
18.61904|(309.9, 575.8)
18.63691|(309.5, 578.5)
18.65363|(302.8, 581.9)
18.6708|(304.6, 579.3)
18.68743|(304.7, 579.0)
18.70355|(309.2, 584.9)
18.72015|(310.2, 585.3)
18.75368|(314.4, 584.9)
18.77085|(311.1, 586.9)
18.78621|(310.9, 586.2)
18.80391|(306.6, 586.3)
18.82096|(299.7, 591.0)
18.83746|(292.8, 594.2)
18.85435|(291.1, 592.8)
18.87034|(291.7, 593.2)
18.9045|(292.8, 594.1)
18.92053|(291.0, 595.6)
18.93823|(294.5, 601.1)
18.95426|(294.9, 607.3)
18.97128|(293.1, 607.9)
18.98769|(293.4, 362.6)
19.00426|(292.7, 351.3)
19.02175|(292.8, 344.5)
19.05504|(292.3, 330.1)
19.07127|(289.7, 328.2)
19.08798|(271.5, 337.9)
19.10447|(288.6, 342.2)
19.12185|(288.5, 338.3)
19.13956|(289.1, 338.7)
19.15539|(285.8, 337.7)
19.17271|(281.9, 335.0)
19.20465|(283.3, 336.8)
19.22155|(281.8, 337.8)
19.23877|(281.2, 338.3)
19.25578|(283.3, 332.5)
19.27203|(282.8, 331.9)
19.28832|(279.1, 330.5)
19.30491|(280.6, 330.9)
19.32104|(282.1, 329.9)
19.35408|(282.6, 331.8)
19.37162|(282.5, 332.4)
19.38873|(282.2, 332.5)
19.405|(283.1, 332.0)
19.42252|(283.7, 331.2)
19.43864|(281.9, 331.0)
19.45565|(284.1, 332.9)
19.4714|(285.7, 332.6)
19.50534|(287.5, 332.5)
19.52202|(288.0, 331.6)
19.53883|(285.3, 331.8)
19.55545|(283.0, 337.8)
19.57241|(279.8, 337.2)
19.58981|(278.4, 339.6)
19.60627|(280.9, 335.3)
19.62222|(283.2, 332.6)
19.65551|(286.0, 330.6)
19.67231|(293.7, 328.8)
19.689|(294.1, 332.6)
19.70672|(292.9, 331.2)
19.72291|(286.2, 334.2)
19.73995|(283.5, 336.4)
19.75627|(282.1, 338.0)
19.77356|(283.0, 339.1)
19.80552|(286.8, 337.5)
19.8228|(292.6, 329.1)
19.83994|(291.1, 324.6)
19.85602|(288.3, 328.5)
19.87316|(288.5, 327.4)
19.88878|(280.3, 332.3)
19.90548|(276.7, 330.0)
19.92222|(274.0, 332.9)
19.95564|(280.5, 339.0)
19.97254|(277.4, 337.1)
19.98966|(277.7, 364.2)
20.00655|(304.7, 842.8)
20.02339|(321.5, 936.6)
20.03876|(327.3, 965.0)
20.05563|(328.3, 960.6)
20.07268|(328.0, 959.1)
20.10592|(333.2, 942.8)
20.12316|(329.2, 936.6)
20.13965|(329.0, 936.1)
20.1563|(309.0, 942.5)
20.17149|(310.5, 911.7)
20.18954|(309.7, 911.6)
20.20561|(310.2, 909.2)
20.22288|(309.4, 901.4)
20.25666|(297.3, 914.7)
20.27362|(303.5, 910.9)
20.29082|(303.3, 914.1)
20.30708|(300.3, 915.2)
20.32321|(298.9, 903.6)
20.33934|(300.0, 902.6)
20.35604|(296.9, 892.4)
20.37316|(306.9, 906.2)
20.4068|(304.9, 906.0)
20.42317|(304.7, 900.6)
20.44044|(305.5, 903.3)
20.45798|(308.4, 902.2)
20.47337|(304.7, 906.8)
20.48989|(302.1, 913.3)
20.50741|(303.9, 914.4)
20.52351|(308.5, 913.2)
20.5565|(308.5, 912.3)
20.57369|(309.6, 909.7)
20.59014|(316.6, 886.7)
20.60655|(317.2, 885.2)
20.62338|(315.5, 889.7)
20.63985|(311.7, 901.9)
20.65699|(312.4, 901.9)
20.67459|(315.3, 896.9)
