25.14764|(542.8, 1048.5)
25.16259|(543.7, 1047.3)
25.18259|(548.4, 1046.1)
25.20781|(551.6, 1041.1)
25.24261|(555.5, 1039.2)
25.27435|(560.7, 1037.7)
25.30774|(562.4, 1044.5)
25.32464|(560.2, 1048.3)
25.34228|(554.0, 1053.6)
25.35753|(553.5, 1043.4)
25.37507|(548.9, 1044.3)
25.40766|(548.3, 1044.3)
25.42413|(552.2, 1042.9)
25.43976|(553.4, 1040.7)
25.45751|(555.0, 1041.0)
25.47471|(555.7, 1040.3)
25.49197|(556.1, 1040.1)
25.50931|(545.1, 1048.5)
25.52551|(543.3, 1050.7)
25.55838|(529.1, 1064.5)
25.57422|(536.8, 1076.0)
25.59115|(533.3, 995.2)
25.60693|(533.0, 984.3)
25.62434|(530.2, 945.7)
25.64143|(527.3, 936.9)
25.65843|(526.8, 938.4)
