74.43243|(953.0, 671.1)
74.45895|(945.0, 664.3)
74.49174|(946.7, 661.4)
74.50845|(949.1, 664.8)
74.52517|(954.8, 666.0)
74.5586|(959.3, 666.5)
74.57538|(958.5, 666.9)
74.5918|(955.6, 665.2)
74.60863|(949.3, 662.9)
74.62545|(946.6, 663.7)
74.64188|(944.0, 663.1)
74.65887|(948.3, 654.3)
74.67547|(947.7, 655.0)
74.70898|(952.8, 663.3)
74.72547|(954.4, 664.5)
74.74203|(954.5, 667.8)
74.75906|(954.0, 668.3)
74.77541|(912.2, 660.4)
74.80885|(889.8, 664.0)
74.82551|(853.3, 668.3)
74.85897|(778.4, 665.1)
74.87579|(769.0, 668.2)
74.89257|(762.5, 667.3)
74.90918|(758.6, 672.8)
74.92587|(752.8, 686.4)
74.94247|(752.8, 687.0)
74.95921|(750.8, 717.9)
74.97581|(749.7, 761.3)
75.00938|(747.9, 832.2)
75.02615|(748.3, 848.6)
75.0424|(748.2, 908.0)
75.05936|(745.6, 991.2)
75.07603|(745.0, 999.5)
75.09269|(744.6, 999.8)
75.10935|(745.5, 1002.2)
75.12615|(748.3, 1010.4)
75.15965|(747.7, 1012.1)
75.17613|(748.5, 1016.5)
75.19289|(748.2, 1026.8)
75.20953|(745.8, 1032.3)
75.2264|(745.7, 1034.9)
75.24294|(736.0, 1031.0)
75.25963|(738.8, 1031.5)
75.27622|(736.3, 1037.1)
75.30985|(754.6, 1036.7)
75.32645|(754.4, 1039.0)
75.34299|(756.5, 1040.5)
75.35989|(755.5, 1032.3)
75.37659|(752.0, 1016.4)
75.39329|(746.2, 992.7)
75.40984|(741.7, 977.2)
75.42679|(743.2, 974.5)
75.45999|(732.3, 948.7)
75.47655|(726.0, 946.6)
75.49327|(717.7, 955.6)
75.51017|(727.6, 967.1)
75.52669|(722.4, 972.6)
75.54333|(727.8, 978.0)
75.56007|(729.0, 976.5)
75.57687|(732.5, 979.2)
75.61024|(737.6, 981.3)
75.62687|(733.7, 979.5)
75.64343|(710.1, 977.5)
75.66058|(707.8, 978.2)
75.67693|(709.5, 974.7)
75.69386|(709.2, 974.2)
75.71048|(714.4, 971.5)
75.7272|(718.1, 978.2)
75.76071|(721.1, 983.7)
75.77721|(719.1, 976.5)
75.79389|(730.0, 963.3)
75.81037|(761.1, 909.9)
75.82739|(762.8, 908.1)
75.84389|(775.6, 906.9)
75.86078|(779.4, 907.2)
75.87743|(792.2, 896.5)
75.91078|(805.7, 893.4)
75.92748|(806.5, 892.2)
75.94439|(805.8, 894.4)
75.96107|(806.0, 894.9)
75.97735|(807.6, 899.0)
75.99415|(782.7, 864.4)
76.01083|(781.0, 861.7)
76.02763|(770.4, 845.4)
76.0613|(759.7, 827.8)
76.07764|(753.7, 816.1)
76.09454|(752.1, 817.5)
76.11106|(749.5, 820.1)
76.12766|(749.5, 820.7)
76.14436|(749.5, 819.0)
76.16124|(749.7, 817.2)
76.17776|(748.5, 819.2)
76.21131|(751.7, 819.8)
76.2281|(751.0, 818.2)
76.24471|(751.6, 819.3)
76.26128|(752.8, 820.4)
76.27789|(758.7, 817.8)
76.29485|(760.2, 822.4)
76.31137|(760.1, 822.8)
76.32821|(760.3, 821.7)
76.36157|(759.0, 812.1)
76.37805|(739.6, 748.2)
76.39479|(733.4, 723.1)
76.41151|(751.8, 653.9)
76.42835|(750.6, 650.2)
76.44489|(749.4, 650.5)
76.46175|(746.7, 651.6)
76.47828|(740.6, 654.6)
76.5118|(739.1, 656.7)
76.52859|(732.8, 671.0)
76.54516|(733.3, 669.3)
76.56176|(732.2, 668.5)
76.57841|(733.5, 665.7)
76.59513|(733.9, 664.6)
76.61182|(732.0, 663.0)
76.62872|(729.7, 660.9)
76.66204|(729.2, 660.4)
76.67854|(725.7, 656.5)
76.69553|(724.3, 650.1)
76.71205|(735.1, 640.9)
76.7289|(739.9, 639.7)
76.74546|(740.0, 640.2)
76.76225|(740.4, 641.1)
76.77883|(743.9, 639.7)
76.81216|(739.4, 629.2)
76.82889|(737.9, 628.1)
76.84544|(738.7, 627.7)
76.86233|(739.9, 627.8)
76.87897|(741.2, 625.0)
76.8958|(741.2, 624.3)
76.91236|(737.6, 619.1)
76.92924|(740.0, 617.4)
76.96244|(748.0, 598.2)
76.97929|(759.3, 550.9)
76.99589|(763.4, 499.0)
77.01248|(767.7, 444.6)
77.02935|(767.4, 438.4)
77.04588|(768.2, 438.0)
77.06276|(769.1, 437.7)
77.07922|(767.7, 438.5)
77.1127|(769.1, 445.5)
77.12953|(770.3, 445.4)
77.14602|(776.4, 443.5)
77.16283|(773.5, 439.6)
77.17956|(769.5, 441.7)
77.19614|(767.4, 439.7)
77.21308|(766.8, 439.0)
77.22964|(764.1, 436.6)
77.26314|(764.8, 438.3)
77.27986|(707.9, 349.4)
77.29643|(706.6, 348.2)
77.31306|(705.3, 344.9)
77.32973|(713.2, 322.5)
77.34653|(712.4, 320.4)
77.36325|(712.0, 320.3)
77.37988|(705.0, 328.8)
77.41316|(705.1, 326.9)
77.42999|(708.9, 325.9)
77.44659|(708.5, 326.2)
77.46339|(709.3, 319.5)
77.48|(709.4, 319.0)
77.49685|(712.4, 321.1)
77.51344|(718.3, 326.0)
77.53025|(725.0, 329.2)
77.5634|(729.6, 334.0)
77.58038|(734.9, 348.5)
77.59685|(740.3, 346.7)
77.61349|(736.3, 345.7)
77.63034|(735.2, 346.6)
77.64701|(735.2, 346.3)
77.66383|(734.9, 347.7)
77.68035|(733.9, 341.5)
77.71364|(734.6, 326.5)
77.7307|(733.0, 320.3)
77.74702|(725.4, 290.1)
77.76378|(713.5, 259.9)
77.78049|(713.8, 259.8)
77.79751|(714.5, 256.4)
77.81406|(715.3, 253.3)
77.83068|(713.7, 241.7)
77.86404|(713.2, 247.3)
77.88066|(713.1, 248.3)
77.89739|(714.7, 246.9)
77.91396|(714.9, 246.8)
77.9309|(715.8, 245.6)
77.94772|(715.4, 244.9)
77.96429|(717.1, 243.8)
77.98086|(718.5, 242.5)
78.01424|(715.2, 249.3)
78.03079|(715.6, 248.6)
78.0476|(716.6, 248.1)
78.06445|(719.3, 248.6)
78.08115|(728.9, 248.9)
78.09787|(728.7, 247.1)
78.11451|(784.4, 246.1)
78.1312|(863.3, 247.3)
78.16452|(907.6, 249.8)
78.18115|(924.4, 251.0)
78.19785|(925.3, 250.1)
78.21445|(929.1, 249.0)
78.23175|(930.0, 248.6)
78.24797|(930.1, 249.7)
78.26466|(929.9, 249.9)
78.28127|(930.2, 250.0)
78.31467|(923.1, 248.9)
78.33138|(921.6, 249.3)
78.34798|(921.5, 246.6)
78.36499|(921.4, 243.9)
78.38151|(923.8, 239.3)
78.39841|(925.2, 240.4)
78.41505|(927.8, 242.6)
78.43174|(928.1, 243.0)
78.46505|(925.5, 249.6)
78.48153|(918.4, 322.9)
78.49836|(914.0, 368.4)
78.51504|(913.1, 376.6)
78.53196|(917.1, 397.3)
78.54858|(917.4, 402.6)
78.56512|(916.6, 404.5)
78.58178|(918.2, 428.0)
78.6153|(915.3, 432.1)
78.6319|(916.1, 434.9)
78.64857|(908.7, 440.8)
78.6655|(901.7, 443.0)
78.68206|(885.2, 446.8)
78.69888|(869.6, 449.3)
78.7153|(863.2, 450.2)
78.73215|(841.4, 452.2)
78.76554|(801.6, 455.7)
78.78219|(800.9, 451.0)
78.79888|(799.8, 451.7)
78.81567|(799.1, 459.2)
78.83227|(798.0, 460.4)
78.8489|(799.7, 460.4)
78.86566|(804.5, 456.9)
78.89928|(825.3, 444.4)
78.91579|(825.3, 446.1)
78.93252|(865.6, 456.8)
78.94915|(865.5, 460.0)
78.96586|(870.2, 476.1)
78.98244|(871.6, 479.4)
78.99926|(872.1, 481.8)
79.01586|(872.6, 484.9)
79.03278|(872.8, 487.8)
79.04913|(874.8, 498.5)
79.0662|(874.7, 500.1)
79.08251|(875.9, 506.7)
79.09948|(873.8, 515.0)
79.1161|(873.6, 514.7)
79.13268|(870.8, 510.5)
79.14939|(874.5, 507.6)
79.1661|(875.8, 508.2)
79.18274|(878.5, 513.9)
79.19958|(879.0, 514.2)
79.21637|(878.9, 515.4)
79.23302|(877.9, 517.2)
79.2495|(869.8, 524.8)
79.26643|(852.8, 552.6)
79.28306|(784.6, 633.8)
79.29977|(787.5, 633.6)
79.31629|(778.6, 646.4)
79.3331|(757.3, 663.5)
79.34964|(722.3, 705.4)
79.36658|(724.0, 710.4)
79.38305|(722.4, 707.4)
79.39999|(724.3, 711.2)
79.41664|(730.4, 716.1)
79.43336|(729.4, 728.2)
79.45|(735.9, 739.2)
79.46652|(736.3, 741.4)
79.48328|(734.9, 744.7)
79.49995|(735.5, 759.2)
79.51676|(734.9, 757.2)
79.53362|(733.3, 763.0)
79.54998|(733.1, 763.1)
79.56704|(732.1, 784.1)
79.58363|(732.7, 794.1)
79.60023|(732.9, 793.3)
79.61697|(734.3, 802.8)
79.63359|(737.5, 817.0)
79.65022|(737.0, 823.5)
79.6671|(739.0, 825.3)
79.68364|(741.3, 828.3)
79.70044|(739.2, 826.6)
79.71714|(740.9, 832.3)
79.73386|(750.8, 839.2)
79.75056|(751.2, 839.5)
79.76712|(750.0, 838.8)
79.78385|(748.3, 839.5)
79.80057|(745.7, 829.8)
79.81721|(744.4, 824.5)
79.83404|(747.2, 842.3)
79.85062|(745.5, 842.2)
79.86745|(748.3, 843.4)
79.8839|(748.1, 842.3)
79.9007|(749.1, 841.5)
79.93409|(750.4, 840.2)
79.95087|(753.5, 840.1)
79.96749|(762.2, 723.6)
79.98404|(765.2, 677.8)
80.01765|(769.0, 641.5)
80.03434|(766.7, 641.5)
80.05095|(767.1, 641.7)
80.06761|(763.0, 636.8)
80.1012|(767.8, 634.3)
80.11761|(768.1, 635.2)
80.13457|(773.0, 639.7)
80.15112|(774.3, 642.6)
80.16785|(773.5, 643.4)
80.18456|(777.8, 648.7)
80.20119|(776.7, 651.2)
80.21781|(762.3, 659.0)
80.25127|(765.7, 655.6)
80.26796|(765.9, 659.2)
80.30157|(948.0, 643.7)
80.31826|(958.3, 643.9)
80.35131|(969.0, 644.9)
80.3681|(973.2, 646.7)
80.40165|(973.5, 648.6)
80.41814|(974.4, 647.3)
80.43515|(971.4, 637.5)
80.45155|(978.5, 648.2)
80.46836|(974.7, 639.1)
80.48511|(971.3, 634.6)
80.50169|(965.8, 629.4)
80.51823|(965.8, 630.9)
80.55194|(1017.8, 629.2)
80.56848|(1057.5, 640.6)
80.58522|(1074.8, 641.2)
80.60185|(1081.5, 636.1)
80.61866|(1081.7, 638.1)
80.63533|(1092.1, 629.7)
80.65194|(1092.3, 628.4)
80.66877|(1094.5, 627.1)
80.70204|(1094.0, 626.4)
80.7186|(1094.3, 626.2)
80.73553|(1093.2, 627.0)
80.75212|(1092.6, 625.1)
80.76889|(1090.7, 624.1)
80.78555|(1133.9, 628.3)
80.80209|(1339.9, 638.0)
80.81878|(1525.2, 629.9)
80.88583|(1766.2, 627.4)
80.90253|(1763.7, 624.2)
80.93584|(1765.2, 612.8)
80.95247|(1761.4, 615.2)
80.96919|(1743.4, 620.6)
81.00252|(1734.8, 619.7)
81.01916|(1739.3, 621.7)
81.03605|(1761.9, 638.8)
81.05257|(1755.8, 645.5)
81.06942|(1759.0, 643.5)
81.08597|(1767.0, 651.0)
81.10276|(1737.8, 647.8)
81.11955|(1730.5, 655.4)
81.15286|(1740.4, 653.8)
81.16954|(1736.7, 651.1)
81.1862|(1259.4, 654.1)
81.20312|(1179.4, 642.4)
81.21947|(1044.7, 632.8)
81.25283|(937.3, 623.5)
81.26989|(936.9, 623.1)
81.30314|(935.6, 619.0)
81.31967|(930.6, 615.6)
81.33652|(924.6, 614.9)
81.35304|(923.7, 615.2)
81.36996|(912.0, 623.7)
81.38651|(896.6, 618.8)
81.40311|(816.6, 600.0)
81.41995|(804.8, 597.2)
81.45316|(769.3, 589.9)
81.47018|(769.4, 590.8)
81.48663|(769.9, 592.5)
81.50346|(766.4, 592.9)
81.52017|(763.9, 591.9)
81.53672|(756.7, 588.3)
81.55343|(759.8, 587.6)
81.57026|(761.6, 588.9)
81.60377|(762.2, 588.7)
81.62019|(761.5, 587.9)
81.63713|(768.5, 597.3)
81.65355|(773.4, 601.8)
81.67038|(778.9, 602.0)
81.68698|(782.7, 609.4)
81.70391|(811.0, 608.2)
81.72039|(819.3, 610.0)
81.75379|(832.0, 614.1)
81.77065|(852.2, 632.8)
81.78732|(861.3, 631.7)
81.80399|(860.4, 619.7)
81.8205|(861.5, 619.0)
81.83734|(861.5, 618.7)
81.85391|(863.8, 618.1)
81.87053|(862.9, 619.0)
81.90412|(864.8, 624.4)
81.92083|(865.0, 624.4)
81.93758|(821.9, 782.6)
81.95418|(797.7, 890.1)
81.97101|(786.5, 946.7)
81.98746|(782.7, 975.9)
82.00436|(784.4, 951.0)
82.02084|(780.5, 958.8)
82.05419|(779.9, 943.0)
82.0711|(782.7, 936.7)
82.08771|(776.2, 954.9)
82.10458|(772.1, 996.2)
82.12087|(779.5, 1014.9)
82.13774|(779.2, 1018.4)
82.15444|(764.9, 1023.6)
82.1712|(770.1, 1019.3)
82.20461|(770.3, 1025.0)
82.22119|(782.2, 1047.0)
82.23809|(787.1, 1049.9)
82.25465|(790.6, 1053.0)
82.2713|(793.3, 1059.8)
82.288|(795.8, 1076.1)
82.30489|(795.0, 1074.0)
82.32134|(787.4, 1070.0)
82.35477|(790.0, 1075.4)
82.37157|(790.1, 1082.6)
82.40495|(792.0, 1082.9)
82.42147|(789.3, 1082.2)
82.43839|(787.5, 1081.5)
82.45502|(784.5, 1083.0)
82.50515|(772.8, 1072.4)
82.52174|(770.2, 1058.4)
82.53848|(759.2, 1049.1)
82.55508|(753.7, 1035.6)
82.57188|(752.5, 1034.2)
82.5885|(753.4, 1032.2)
82.60542|(761.5, 1035.2)
82.62195|(763.0, 1032.9)
82.65521|(767.0, 1033.6)
82.67205|(764.3, 1038.6)
82.68865|(760.7, 1042.6)
82.70541|(763.5, 1040.7)
82.72205|(837.8, 1061.2)
82.73889|(852.0, 1081.0)
82.75552|(858.2, 1096.9)
82.77226|(859.8, 1093.6)
82.80556|(865.8, 1101.8)
82.82227|(867.6, 1099.3)
82.83902|(867.5, 1091.7)
82.85565|(866.2, 1095.4)
82.87238|(866.4, 1050.2)
82.88901|(872.2, 1055.2)
82.90581|(870.8, 1055.4)
82.92234|(869.4, 1054.5)
82.95573|(850.6, 1029.6)
82.97249|(826.9, 1000.1)
82.9893|(803.7, 958.0)
83.0058|(797.9, 944.8)
83.02251|(763.2, 885.9)
83.03941|(755.0, 857.4)
83.05594|(757.2, 853.2)
83.07272|(751.5, 842.2)
83.10619|(752.8, 845.0)
83.12269|(754.9, 846.6)
83.13953|(754.3, 841.1)
83.15607|(753.7, 847.1)
83.1728|(756.1, 855.0)
83.18945|(756.6, 852.9)
83.20625|(757.0, 854.8)
83.22279|(758.5, 857.9)
83.25636|(753.6, 852.5)
83.27302|(756.8, 856.0)
83.28972|(755.0, 854.7)
83.30646|(757.9, 859.2)
83.32304|(763.5, 844.1)
83.33991|(735.5, 788.4)
83.35654|(740.1, 798.1)
83.3731|(738.4, 792.6)
83.40656|(712.7, 743.8)
83.42316|(714.7, 744.3)
83.44005|(715.3, 744.5)
83.45647|(722.0, 746.5)
83.47337|(719.9, 752.0)
83.49005|(716.1, 748.5)
83.50671|(716.0, 748.2)
83.52335|(715.2, 746.2)
83.55686|(711.8, 738.5)
83.57352|(711.0, 737.3)
83.59015|(709.8, 737.8)
83.60694|(712.8, 742.6)
83.62353|(714.7, 749.0)
83.64027|(719.6, 759.8)
83.65688|(720.3, 775.6)
83.67374|(727.8, 840.8)
83.70737|(736.5, 907.1)
83.72368|(742.3, 952.6)
83.74046|(748.9, 1005.7)
83.75716|(751.4, 1015.5)
83.77401|(751.9, 1020.4)
83.79052|(752.2, 1030.4)
83.80741|(748.7, 1035.1)
83.82385|(747.1, 1036.2)
83.85743|(749.0, 1034.9)
83.87411|(746.7, 1029.5)
83.89063|(746.0, 1025.4)
83.90736|(749.1, 1030.7)
83.9241|(765.5, 1059.5)
83.9407|(766.2, 1068.8)
83.95743|(766.2, 1073.9)
83.97426|(770.7, 1087.5)
84.00769|(772.8, 1094.4)
84.02435|(774.4, 1097.0)
84.04095|(772.7, 1086.7)
84.05753|(761.8, 1056.3)
84.0745|(760.8, 1053.4)
84.09101|(763.5, 1059.2)
84.10783|(763.7, 1068.1)
84.12434|(768.4, 1080.8)
84.15777|(771.8, 1091.7)
84.17451|(770.7, 1087.0)
84.19102|(785.6, 1065.8)
84.20789|(805.4, 1094.9)
84.22456|(796.9, 1083.3)
84.24129|(798.9, 1079.9)
84.25795|(801.7, 1086.5)
84.27467|(833.8, 1080.6)
84.30814|(847.3, 1074.3)
84.3248|(832.9, 1082.4)
84.34139|(823.6, 1073.1)
84.35819|(821.6, 1075.0)
84.37524|(825.8, 1071.1)
84.39143|(820.6, 1069.8)
84.40832|(820.0, 1070.6)
84.42487|(816.7, 1065.8)
84.45843|(809.6, 1055.5)
84.47501|(800.9, 1049.6)
84.49152|(798.8, 1048.1)
84.50841|(809.4, 1054.8)
84.52513|(812.5, 1064.5)
84.54183|(810.3, 1073.9)
84.55844|(811.2, 1074.3)
84.57529|(810.6, 1077.3)
84.60864|(807.6, 1086.5)
84.62522|(809.6, 1088.4)
84.6421|(808.8, 1098.2)
84.65863|(813.4, 1068.2)
84.67544|(810.2, 1064.2)
84.69189|(810.7, 1064.9)
84.70864|(806.5, 1073.0)
84.72537|(807.2, 1061.6)
84.7589|(814.6, 1058.0)
84.77562|(816.3, 1042.6)
84.79214|(815.6, 1047.8)
84.80901|(824.3, 1046.8)
84.82552|(824.4, 1045.7)
84.84235|(824.7, 1053.9)
84.85883|(822.1, 1058.8)
84.87579|(807.2, 1066.9)
84.90922|(805.0, 1054.2)
84.92567|(805.4, 1066.6)
84.9423|(816.1, 1069.3)
84.95924|(850.4, 1082.6)
84.97589|(853.0, 1083.7)
84.99239|(861.9, 1086.2)
85.00918|(876.9, 1073.9)
85.02583|(872.3, 1074.4)
85.05928|(902.7, 1084.6)
85.07597|(901.6, 1075.7)
85.09261|(898.7, 1042.9)
85.10957|(902.2, 1040.5)
85.12589|(901.1, 1034.5)
85.14287|(895.9, 1044.0)
85.15942|(896.2, 1041.5)
85.17629|(903.6, 1075.2)
85.20963|(905.6, 1062.5)
85.22621|(899.6, 1064.3)
85.24296|(884.4, 1052.5)
85.25979|(878.9, 1045.4)
85.29301|(838.2, 1003.6)
85.30994|(832.6, 995.2)
85.35984|(798.7, 945.9)
85.37648|(797.2, 943.2)
85.3933|(790.6, 950.0)
85.4099|(790.7, 951.8)
85.42662|(789.4, 952.4)
85.44327|(787.8, 951.5)
85.45992|(784.7, 950.1)
85.47688|(772.9, 953.7)
85.51025|(768.6, 955.2)
85.52665|(765.3, 962.3)
85.54349|(742.5, 961.5)
85.5602|(740.3, 963.2)
85.57688|(744.0, 965.2)
85.59351|(745.8, 965.2)
85.61035|(747.1, 964.5)
85.62701|(745.8, 963.9)
85.66033|(744.0, 969.4)
85.67693|(739.6, 971.8)
85.69367|(726.7, 971.8)
85.71066|(719.8, 974.5)
85.72717|(720.8, 981.4)
85.74388|(718.7, 984.0)
85.76049|(719.4, 976.5)
85.77733|(719.4, 967.9)
85.81062|(720.6, 951.5)
85.8272|(723.0, 944.1)
85.84408|(723.4, 942.3)
85.86066|(730.6, 950.0)
85.8772|(764.3, 972.4)
85.89399|(776.8, 986.3)
85.91082|(777.1, 986.1)
85.92738|(784.0, 986.7)
85.9608|(787.4, 980.1)
85.97747|(794.3, 967.5)
85.99427|(796.2, 961.0)
86.01082|(799.0, 955.3)
86.02752|(795.0, 980.6)
86.04433|(788.2, 1006.4)
86.06097|(786.5, 1005.9)
86.07758|(786.2, 994.9)
86.11109|(785.9, 994.6)
86.12759|(776.2, 942.6)
86.14456|(772.7, 921.5)
86.16101|(760.0, 870.9)
86.17781|(760.6, 870.4)
86.19453|(760.1, 870.2)
86.21133|(763.1, 868.8)
86.22785|(764.7, 867.3)
86.26134|(762.2, 865.9)
86.27794|(760.8, 864.3)
86.29456|(757.8, 860.7)
86.31139|(758.0, 858.6)
86.32807|(737.1, 840.3)
86.34492|(735.5, 846.4)
86.36155|(738.4, 851.1)
86.37814|(738.2, 850.3)
86.41167|(738.9, 852.3)
86.42818|(738.0, 854.5)
86.44503|(730.0, 850.0)
86.46161|(727.3, 851.6)
86.49499|(728.5, 850.9)
86.51188|(730.3, 851.4)
86.56181|(730.0, 851.7)
86.57873|(729.4, 850.7)
86.59512|(726.3, 869.4)
86.62854|(728.3, 870.7)
86.64545|(727.9, 869.3)
86.67867|(724.3, 869.0)
86.72883|(724.5, 901.2)
86.74557|(723.0, 929.6)
86.7621|(724.6, 932.7)
86.77908|(728.3, 936.1)
86.79557|(731.0, 937.1)
86.81216|(734.7, 939.9)
86.82906|(737.3, 946.5)
86.86221|(739.1, 947.6)
86.87901|(736.9, 950.6)
86.89574|(735.5, 949.4)
86.91251|(741.2, 958.4)
86.92901|(742.4, 959.1)
86.94592|(740.4, 944.3)
86.96239|(741.3, 949.2)
86.97925|(741.2, 947.0)
87.01252|(746.1, 936.3)
87.02936|(762.4, 942.3)
87.0461|(765.0, 942.2)
87.06255|(793.2, 944.0)
87.0793|(795.9, 942.3)
87.09605|(799.0, 945.4)
87.11283|(801.8, 950.0)
87.12947|(808.9, 954.4)
87.16286|(809.6, 953.0)
87.17986|(797.7, 947.8)
87.19641|(802.6, 932.3)
87.21268|(812.8, 934.6)
87.22955|(813.3, 936.1)
87.24636|(812.2, 937.6)
87.26294|(811.1, 939.2)
87.27998|(809.8, 939.9)
87.31315|(801.2, 950.1)
87.32961|(800.8, 950.5)
87.34644|(801.7, 953.2)
87.36312|(818.8, 964.2)
87.37992|(818.2, 960.4)
87.39645|(818.7, 958.9)
87.41356|(818.5, 956.3)
87.42996|(818.6, 955.1)
87.46333|(819.8, 955.4)
87.48016|(830.5, 958.9)
87.49663|(830.9, 959.6)
87.51343|(839.9, 955.1)
87.52998|(839.5, 952.1)
87.54688|(839.1, 953.4)
87.56348|(837.5, 952.8)
87.58018|(838.9, 953.0)
87.61351|(832.4, 947.1)
87.63017|(829.5, 944.2)
87.64718|(829.4, 942.4)
87.66364|(804.9, 929.3)
87.68037|(761.3, 857.3)
87.69726|(757.4, 850.7)
87.7139|(763.1, 862.1)
87.73038|(748.8, 841.8)
87.76381|(739.6, 819.9)
87.78085|(734.1, 809.9)
87.79718|(734.7, 817.3)
87.81396|(734.1, 828.9)
87.83051|(732.5, 831.6)
87.84734|(730.0, 831.0)
87.864|(729.6, 831.9)
87.88065|(727.0, 831.4)
87.91414|(707.6, 803.9)
87.93069|(704.5, 800.6)
87.9475|(700.9, 796.4)
87.96416|(698.8, 793.0)
87.98096|(694.6, 789.7)
87.99739|(700.6, 797.3)
88.01421|(708.0, 797.3)
88.03091|(706.9, 796.4)
88.06425|(702.2, 787.2)
88.0811|(699.4, 789.0)
88.09756|(697.2, 785.5)
88.1144|(688.1, 782.0)
88.13122|(690.6, 785.2)
88.1479|(689.6, 785.2)
88.16454|(691.5, 784.9)
88.18121|(689.3, 775.1)
88.21465|(689.3, 777.3)
88.2312|(690.9, 775.2)
88.24789|(694.7, 777.1)
88.26449|(692.1, 774.4)
88.28132|(703.6, 757.7)
88.29821|(723.2, 716.2)
88.31495|(741.1, 688.7)
88.33134|(744.3, 684.0)
88.34801|(751.3, 670.1)
88.36491|(756.4, 660.1)
88.38145|(760.3, 655.8)
88.39819|(762.9, 658.7)
88.41493|(766.5, 656.5)
88.43165|(767.9, 656.1)
88.44846|(767.8, 656.6)
88.4649|(762.9, 662.4)
88.48159|(761.8, 662.5)
88.51534|(762.5, 660.1)
88.53164|(763.5, 658.4)
88.54836|(760.5, 656.6)
88.56506|(761.3, 656.7)
88.58192|(756.2, 654.2)
88.59839|(757.6, 653.9)
88.61519|(758.1, 649.5)
88.63179|(756.8, 649.6)
88.66543|(757.8, 648.1)
88.68215|(779.3, 644.9)
88.69863|(810.5, 632.3)
88.71556|(810.1, 632.1)
88.73224|(823.9, 634.9)
88.74892|(824.8, 634.6)
88.76548|(822.8, 631.8)
88.78221|(822.9, 629.2)
88.79881|(826.2, 630.2)
88.81549|(825.4, 629.3)
88.83225|(827.2, 626.0)
88.84892|(830.1, 625.0)
88.86548|(835.1, 625.7)
88.88229|(831.0, 624.6)
88.89909|(829.0, 624.9)
88.91578|(827.5, 630.0)
88.93243|(829.4, 629.3)
88.94902|(827.6, 631.5)
88.96589|(831.0, 633.5)
88.98267|(830.1, 632.5)
88.99903|(831.7, 628.3)
89.01598|(832.7, 629.2)
89.03268|(834.2, 634.7)
89.04927|(846.1, 631.7)
89.06592|(846.1, 631.6)
89.08256|(849.4, 629.9)
89.09917|(888.8, 622.6)
89.11609|(896.4, 628.0)
89.13271|(891.7, 625.9)
89.14936|(893.0, 630.6)
89.16611|(893.8, 631.9)
89.18298|(897.0, 630.3)
89.19953|(896.9, 630.4)
89.21613|(897.0, 630.5)
89.23295|(897.5, 630.4)
89.24946|(903.0, 633.0)
89.26626|(902.2, 632.5)
89.2832|(902.3, 633.2)
89.29968|(903.1, 633.4)
89.31645|(904.1, 627.6)
89.33302|(907.9, 627.7)
89.34984|(907.7, 627.2)
89.3663|(909.6, 631.1)
89.38315|(910.6, 631.4)
89.39979|(911.2, 632.4)
89.41664|(905.5, 633.2)
89.43324|(904.8, 633.8)
89.45004|(904.2, 634.8)
89.46668|(904.2, 635.0)
89.48335|(911.4, 636.9)
89.50007|(932.3, 641.6)
89.53339|(995.3, 638.7)
89.56678|(1020.5, 641.6)
89.5835|(1049.2, 641.0)
89.617|(1048.3, 649.4)
89.63349|(1084.5, 645.8)
89.65032|(1093.7, 643.1)
89.66685|(1088.2, 642.4)
89.68369|(1076.9, 642.0)
89.70039|(1073.1, 638.9)
89.71707|(1069.8, 632.3)
89.73373|(1071.0, 631.6)
89.75056|(1094.5, 636.9)
89.7672|(1120.4, 639.8)
89.78387|(1133.1, 638.3)
89.80054|(1134.6, 639.4)
89.81732|(1137.6, 637.8)
89.834|(1139.8, 639.2)
89.85075|(1145.0, 641.7)
89.86729|(1149.4, 641.6)
89.88402|(1148.2, 639.3)
89.90063|(1145.6, 641.7)
89.91758|(1144.9, 644.0)
89.93411|(1140.7, 650.8)
89.95065|(1141.4, 651.4)
89.96732|(1145.8, 653.7)
90.00083|(1147.1, 664.0)
90.01758|(1152.4, 660.1)
90.03423|(1144.6, 666.4)
90.05093|(995.8, 745.0)
90.06768|(928.0, 780.5)
90.0843|(884.0, 815.5)
90.10105|(884.8, 820.2)
90.11768|(887.3, 815.0)
90.15128|(889.6, 822.8)
90.16773|(891.4, 821.8)
90.20129|(899.8, 819.4)
90.21789|(897.5, 827.2)
90.23462|(828.4, 965.5)
90.25133|(823.2, 975.8)
90.31803|(817.2, 997.5)
90.33477|(820.2, 995.5)
90.35151|(824.8, 994.2)
90.36822|(823.5, 990.7)
90.3849|(821.5, 988.0)
90.4017|(814.3, 988.1)
90.41814|(808.8, 996.2)
90.4518|(811.6, 996.4)
90.4683|(810.7, 996.7)
90.50171|(815.2, 991.3)
90.51856|(810.3, 974.5)
90.55183|(796.8, 920.5)
90.60186|(785.0, 868.5)
90.61879|(785.2, 866.4)
90.63525|(782.1, 873.1)
90.65211|(782.4, 877.0)
90.66879|(783.8, 877.4)
90.68527|(785.0, 879.3)
90.70193|(787.1, 881.3)
90.71875|(790.0, 905.5)
90.75217|(794.0, 932.6)
90.76877|(793.2, 933.7)
90.78569|(789.9, 932.3)
90.80248|(780.8, 944.1)
90.81898|(781.4, 944.4)
90.83571|(781.1, 946.6)
90.85249|(781.8, 948.7)
90.8689|(783.3, 953.5)
90.90238|(786.3, 959.9)
90.91947|(807.2, 992.8)
90.93571|(838.5, 1035.2)
90.95249|(848.9, 1049.3)
90.9691|(849.5, 1050.1)
90.98581|(875.5, 1082.3)
91.0025|(877.4, 1101.6)
91.0192|(873.4, 1099.0)
91.0526|(872.9, 1103.7)
91.06925|(874.7, 1104.0)
91.08609|(889.2, 1074.2)
91.10268|(889.4, 1077.6)
91.1193|(889.5, 1082.2)
91.13603|(886.1, 1084.0)
91.15274|(862.7, 1096.7)
91.16954|(835.5, 1085.6)
91.20289|(819.5, 1068.1)
91.21953|(806.8, 1063.8)
91.23627|(803.1, 1053.3)
91.25301|(788.1, 1077.7)
91.26966|(798.0, 1113.8)
91.28642|(798.5, 1109.2)
91.30303|(797.1, 1112.0)
91.3199|(795.0, 1112.9)
91.35316|(787.5, 1072.2)
91.36969|(786.9, 1070.6)
91.38654|(784.0, 1057.2)
91.40311|(783.1, 1044.4)
91.41984|(804.8, 1020.9)
91.43644|(842.7, 846.4)
91.45319|(843.4, 823.3)
91.46993|(859.2, 746.1)
91.50332|(872.1, 659.4)
91.52009|(871.5, 659.1)
91.53677|(868.1, 652.2)
91.55355|(865.9, 648.1)
91.57012|(867.8, 650.7)
91.58684|(865.6, 646.6)
91.60365|(866.3, 648.0)
91.62019|(868.2, 645.4)
91.65356|(870.2, 623.3)
91.67025|(868.8, 623.1)
91.68718|(869.2, 628.5)
91.70373|(862.0, 602.4)
91.72044|(865.1, 599.6)
91.73695|(865.7, 599.4)
91.7539|(872.4, 598.1)
91.77038|(874.2, 596.2)
91.80389|(878.1, 598.9)
91.82065|(880.5, 596.7)
91.83741|(887.0, 552.8)
91.85405|(890.7, 521.4)
91.87066|(894.5, 498.6)
91.88747|(899.0, 483.4)
91.90417|(889.0, 473.6)
91.92078|(888.3, 471.3)
91.95415|(897.8, 478.6)
91.97089|(897.8, 479.9)
91.98766|(899.0, 479.6)
92.00417|(899.2, 480.6)
92.0209|(899.6, 478.6)
92.03749|(898.0, 475.3)
92.05435|(897.7, 475.3)
92.07103|(889.9, 473.8)
92.10429|(881.2, 474.8)
92.12117|(860.0, 469.5)
92.13773|(839.5, 465.9)
92.1544|(829.7, 463.3)
92.17109|(822.2, 461.4)
92.18779|(815.7, 461.3)
92.20451|(807.6, 458.5)
92.22128|(804.9, 458.7)
92.25468|(805.9, 465.3)
92.27135|(806.3, 465.1)
92.30499|(800.2, 461.9)
92.32139|(801.6, 462.4)
92.3553|(789.5, 376.6)
92.40477|(790.6, 368.2)
92.42173|(790.8, 366.6)
92.45522|(788.3, 359.0)
92.47162|(787.3, 358.5)
92.48833|(780.1, 360.6)
92.57186|(780.2, 361.7)
92.58869|(780.8, 363.6)
92.6219|(782.3, 365.4)
92.63878|(776.8, 354.2)
92.65527|(775.8, 350.4)
92.67191|(773.0, 339.4)
92.70536|(768.4, 318.8)
92.72218|(770.0, 308.5)
92.73876|(779.5, 295.9)
92.75559|(779.7, 293.0)
92.77203|(777.0, 292.0)
92.78895|(777.8, 294.9)
92.80554|(774.5, 291.7)
92.82217|(773.1, 294.1)
92.85567|(778.3, 290.0)
92.8724|(777.0, 289.0)
92.88902|(778.0, 286.6)
92.90562|(780.1, 285.1)
92.92239|(916.2, 249.4)
92.93916|(952.7, 258.2)
92.95576|(947.3, 255.9)
92.97253|(951.5, 256.0)
93.00597|(947.8, 253.4)
93.02261|(949.9, 254.3)
93.03928|(954.2, 260.6)
93.05602|(964.3, 262.8)
93.07252|(970.8, 283.4)
93.0895|(971.8, 289.9)
93.10595|(970.8, 289.7)
93.12278|(972.8, 311.7)
93.15624|(973.3, 347.5)
93.17275|(975.0, 352.4)
93.18963|(977.9, 352.8)
93.20602|(978.1, 353.2)
93.2229|(985.1, 360.5)
93.23978|(986.2, 358.5)
93.25632|(987.0, 362.3)
93.27291|(988.7, 365.4)
93.30653|(989.5, 367.2)
93.32313|(990.4, 368.8)
93.33969|(990.1, 369.9)
93.35643|(989.8, 369.7)
93.37316|(963.2, 367.8)
93.38982|(946.3, 368.3)
93.40653|(944.3, 368.0)
93.42318|(940.1, 367.2)
93.45677|(933.9, 371.6)
93.47328|(930.4, 376.1)
93.48998|(926.0, 375.7)
93.50666|(926.8, 371.7)
93.52328|(927.0, 364.9)
93.54007|(928.0, 362.1)
93.55675|(926.7, 362.7)
93.57352|(927.9, 354.6)
93.60707|(934.2, 334.8)
93.62371|(936.6, 312.6)
93.64022|(938.7, 277.2)
93.65696|(939.1, 268.3)
93.6738|(938.9, 269.8)
93.69038|(938.9, 270.4)
93.70699|(939.4, 270.1)
93.72368|(940.4, 268.1)
93.75739|(938.2, 271.9)
93.77372|(938.2, 272.0)
93.79062|(939.5, 271.5)
93.80715|(942.5, 270.4)
93.82391|(1063.0, 238.5)
93.84053|(1068.0, 245.3)
93.85737|(1069.4, 248.2)
93.87396|(1071.2, 250.7)
93.9074|(1069.6, 258.1)
93.92409|(1071.0, 259.2)
93.9408|(1073.1, 251.3)
93.95747|(1068.9, 249.6)
93.97425|(1060.9, 246.4)
93.99083|(1060.5, 246.5)
94.00753|(1067.3, 246.7)
94.02419|(1067.9, 246.2)
94.0577|(1075.1, 246.3)
94.07456|(1091.0, 249.3)
94.09103|(1117.8, 248.4)
94.10757|(1121.3, 246.0)
94.1244|(1119.3, 245.6)
94.14111|(1118.9, 245.4)
94.15775|(1118.9, 245.2)
94.17447|(1120.3, 246.2)
94.20802|(1117.8, 248.2)
94.22478|(1119.0, 249.6)
94.24112|(1116.5, 244.9)
94.25785|(1121.5, 240.3)
94.27467|(1110.5, 318.2)
94.29128|(1113.6, 297.3)
94.3079|(1116.2, 284.9)
94.3247|(1120.2, 287.8)
94.35821|(1110.9, 345.4)
94.37492|(1109.9, 344.3)
94.39152|(1109.6, 341.1)
94.40821|(1111.0, 338.2)
94.42501|(1115.6, 337.3)
94.44151|(1114.7, 336.4)
94.4584|(1108.6, 336.1)
94.47489|(1086.2, 338.2)
94.50856|(1053.5, 341.1)
94.52528|(1044.4, 344.2)
94.54168|(1028.8, 348.3)
94.55849|(1019.6, 352.6)
94.57494|(1023.1, 354.4)
94.59182|(1025.9, 354.5)
94.60851|(1027.1, 353.8)
94.62524|(1028.6, 350.3)
94.65862|(1030.9, 350.9)
94.67532|(1030.8, 352.2)
94.69212|(1038.0, 353.6)
94.70872|(1036.6, 353.4)
94.72536|(1034.6, 351.6)
94.74213|(1042.3, 354.2)
94.75886|(1013.4, 348.4)
94.7757|(974.7, 350.4)
94.80897|(973.8, 348.5)
94.82553|(969.9, 349.1)
94.8422|(944.4, 350.4)
94.859|(935.5, 341.7)
94.87562|(931.4, 344.7)
94.89236|(926.6, 341.0)
94.90903|(925.8, 342.1)
94.92587|(924.7, 343.8)
94.95925|(922.8, 348.3)
94.97575|(925.7, 346.3)
94.99254|(925.1, 347.4)
95.00945|(924.8, 348.3)
95.02611|(928.2, 347.1)
95.04247|(928.9, 348.2)
95.05938|(929.2, 348.1)
95.07602|(924.1, 346.9)
95.10948|(897.0, 313.4)
95.12611|(890.7, 305.9)
95.14259|(863.8, 265.6)
95.15953|(865.0, 261.7)
95.17616|(870.3, 264.8)
95.19296|(867.3, 257.8)
95.20945|(868.1, 256.6)
95.22633|(867.4, 256.4)
95.25973|(866.4, 256.8)
95.27625|(864.5, 255.3)
95.29309|(862.4, 254.5)
95.31006|(862.8, 253.8)
95.32643|(863.6, 252.3)
95.34308|(862.4, 251.3)
95.35986|(864.7, 250.2)
95.37645|(868.9, 248.7)
95.40987|(893.3, 241.7)
95.42654|(908.0, 241.5)
95.44331|(916.2, 236.6)
95.45997|(920.0, 238.6)
95.47652|(918.4, 240.1)
95.49335|(919.3, 241.3)
95.51013|(919.7, 243.4)
95.52687|(920.4, 245.7)
95.5601|(915.7, 245.2)
95.57686|(910.4, 248.1)
95.59359|(910.1, 247.2)
95.61018|(911.4, 245.1)
95.62697|(911.2, 245.0)
95.64348|(913.7, 247.4)
95.66042|(914.7, 246.8)
95.67704|(916.4, 246.1)
95.71051|(917.2, 245.7)
95.72707|(914.6, 246.3)
95.74399|(912.2, 240.8)
95.76051|(916.2, 243.4)
95.77702|(922.0, 247.2)
95.81057|(934.3, 251.5)
95.82726|(934.0, 251.5)
95.86076|(979.0, 249.0)
95.87728|(983.2, 247.6)
95.89412|(1034.6, 224.8)
95.9107|(1037.9, 222.5)
95.94404|(1050.8, 225.1)
95.96091|(1051.1, 227.0)
95.97758|(1047.9, 229.0)
96.01096|(1049.4, 230.8)
96.02757|(1050.7, 227.3)
96.04437|(1055.2, 233.0)
96.06096|(1056.1, 233.6)
96.07761|(1050.9, 231.2)
96.0945|(1048.1, 233.1)
96.11107|(1048.8, 230.0)
96.12794|(1052.0, 229.2)
96.16113|(1052.0, 234.1)
96.17778|(1049.8, 234.3)
96.19451|(1047.8, 231.3)
96.21117|(1047.0, 230.5)
96.22793|(1047.2, 230.3)
96.24458|(1040.6, 222.1)
96.26138|(1041.4, 221.6)
96.27807|(1039.1, 225.3)
96.31137|(1034.7, 223.6)
96.32813|(1037.4, 225.6)
96.3447|(1040.9, 226.0)
96.36145|(1040.5, 226.2)
96.37825|(1042.2, 224.3)
96.39502|(1043.2, 226.2)
96.41149|(1044.1, 226.1)
96.42837|(1045.3, 227.5)
96.4616|(1046.4, 239.1)
96.47826|(1038.3, 272.1)
96.49512|(1037.5, 274.6)
96.51161|(1031.5, 313.3)
96.52843|(1034.3, 304.7)
96.54495|(1028.9, 323.3)
96.56181|(1032.5, 320.9)
96.57855|(1033.0, 318.4)
96.61184|(1027.3, 312.8)
96.62865|(1016.0, 319.7)
96.64522|(900.8, 344.1)
96.66209|(905.3, 341.1)
96.67863|(907.4, 340.9)
96.69545|(907.5, 339.2)
96.71215|(910.0, 340.2)
96.72903|(919.7, 339.6)
96.76196|(902.3, 341.6)
96.77897|(897.7, 342.1)
96.79561|(885.1, 342.5)
96.8121|(842.9, 340.8)
96.82887|(837.1, 341.8)
96.84568|(828.5, 343.6)
96.86239|(807.3, 349.1)
96.87893|(757.1, 361.5)
96.91234|(708.2, 376.3)
96.92925|(716.6, 379.2)
96.94563|(713.2, 377.1)
96.96257|(714.1, 379.5)
96.97914|(713.4, 378.6)
96.99591|(713.1, 377.9)
97.01254|(713.4, 377.1)
97.02931|(712.5, 377.0)
97.06271|(731.4, 384.5)
97.07939|(746.2, 406.4)
97.09616|(750.0, 412.6)
97.1127|(751.1, 415.4)
97.12957|(752.3, 417.9)
97.14612|(756.8, 431.3)
97.16291|(757.7, 435.7)
97.17958|(764.4, 440.9)
97.21288|(757.7, 441.7)
97.22968|(757.4, 444.0)
97.24628|(761.8, 449.5)
97.26316|(765.1, 448.1)
97.2796|(772.0, 450.0)
97.29644|(780.9, 449.1)
97.31314|(779.9, 448.9)
97.32989|(786.1, 447.1)
97.36311|(797.0, 443.1)
97.37969|(796.0, 442.4)
97.39645|(789.9, 444.2)
97.41313|(788.1, 444.6)
97.43005|(789.0, 443.0)
97.44671|(789.9, 440.5)
97.46336|(789.5, 441.2)
97.47994|(786.6, 450.3)
97.51346|(778.9, 451.9)
97.53002|(776.3, 451.0)
97.5468|(760.2, 457.5)
97.56372|(740.3, 467.5)
97.58024|(736.5, 469.1)
97.59693|(732.1, 470.2)
97.61353|(725.1, 464.3)
97.63023|(720.5, 464.5)
97.66351|(717.5, 469.1)
97.68016|(717.0, 469.3)
97.6972|(718.1, 469.3)
97.7137|(722.5, 470.1)
97.73066|(723.5, 472.5)
97.74709|(727.0, 474.1)
97.76379|(729.8, 474.8)
97.78051|(751.6, 474.4)
97.81387|(905.4, 466.9)
97.8306|(918.0, 463.6)
97.84727|(932.1, 461.2)
97.86407|(958.4, 461.2)
97.8806|(958.1, 462.6)
97.89742|(957.7, 461.3)
97.91406|(957.6, 460.5)
97.93076|(958.2, 453.7)
97.96403|(955.3, 459.7)
97.98084|(955.2, 462.6)
97.99753|(955.6, 463.4)
98.01417|(955.4, 462.7)
98.03094|(957.6, 457.9)
98.04749|(956.7, 460.1)
98.08095|(952.6, 454.5)
98.11433|(744.4, 503.7)
98.1311|(735.6, 505.4)
98.16454|(714.6, 510.7)
98.1812|(713.1, 503.3)
98.19798|(717.8, 507.0)
98.21462|(717.3, 506.5)
98.23142|(720.2, 505.4)
98.24775|(718.1, 504.6)
98.26494|(714.0, 504.2)
98.28131|(716.3, 506.1)
98.29801|(718.8, 507.8)
98.31468|(716.8, 505.3)
98.33151|(716.8, 502.0)
98.34807|(715.9, 503.1)
98.36494|(711.8, 502.1)
98.38144|(711.4, 501.4)
98.39823|(709.8, 502.1)
98.41501|(708.0, 510.8)
98.43153|(704.9, 512.3)
98.44822|(691.6, 511.9)
98.46483|(685.3, 510.8)
98.48174|(687.6, 516.9)
98.4983|(687.0, 523.5)
98.51511|(679.3, 541.0)
98.53181|(675.7, 541.9)
98.54829|(675.1, 542.8)
98.56525|(673.4, 544.6)
98.58192|(677.3, 540.9)
98.59858|(674.1, 540.0)
98.61517|(670.1, 538.4)
98.63203|(668.3, 533.7)
98.64875|(669.0, 532.7)
98.66535|(669.1, 528.5)
98.8658|(583.7, 304.6)
98.88228|(519.6, 230.3)
98.89922|(519.1, 220.4)
98.91586|(467.7, 186.2)
98.93253|(491.7, 205.1)
98.94911|(587.8, 292.7)
98.96574|(559.5, 270.1)
98.98235|(537.5, 257.6)
98.9991|(645.3, 367.8)
99.01595|(645.9, 375.1)
99.03255|(655.9, 390.4)
99.04925|(654.3, 385.9)
99.06612|(657.2, 386.9)
99.08261|(664.1, 403.4)
99.09928|(659.2, 398.4)
99.11588|(657.1, 394.6)
99.13278|(659.9, 397.4)
99.14944|(656.5, 391.0)
99.16628|(656.2, 381.8)
99.18274|(652.2, 372.1)
99.19964|(653.3, 381.2)
99.21619|(653.3, 380.1)
99.23287|(650.8, 376.1)
99.24965|(652.1, 381.4)
99.26615|(650.8, 388.4)
99.28288|(658.7, 486.1)
99.29962|(661.1, 510.4)
99.31645|(663.5, 522.6)
99.33319|(670.9, 562.8)
99.34974|(670.5, 561.9)
99.36642|(669.7, 551.3)
99.38326|(673.6, 561.0)
99.39996|(675.1, 565.9)
99.4165|(670.2, 579.3)
99.44999|(672.1, 572.6)
99.46683|(670.4, 574.6)
99.48324|(670.1, 574.6)
99.50009|(668.4, 581.4)
99.51682|(666.1, 580.2)
99.53349|(664.0, 582.2)
99.55002|(666.3, 578.8)
99.56676|(663.3, 576.5)
99.58356|(663.3, 575.1)
99.60036|(666.2, 572.4)
99.61686|(674.3, 566.9)
99.63375|(671.6, 565.7)
99.65038|(672.9, 566.4)
99.66698|(670.5, 567.4)
99.68369|(671.6, 567.2)
99.70036|(669.4, 567.1)
99.71698|(670.4, 565.9)
99.73387|(669.5, 566.1)
99.75041|(671.3, 564.0)
99.76714|(672.3, 565.9)
99.78379|(670.3, 578.2)
99.80054|(667.5, 591.4)
99.81728|(669.1, 618.4)
99.83391|(667.0, 643.3)
99.85049|(665.2, 652.2)
99.86722|(663.2, 666.5)
99.90073|(662.3, 680.3)
99.91726|(661.8, 680.3)
99.9341|(658.8, 682.0)
99.95089|(657.4, 681.7)
99.96745|(661.2, 680.7)
99.9841|(668.0, 677.5)
100.0009|(669.4, 673.7)
100.0176|(672.9, 669.0)
100.0509|(671.4, 671.4)
100.0676|(672.5, 669.5)
100.0843|(673.1, 668.2)
100.1012|(671.9, 670.3)
100.1177|(671.8, 670.4)
100.1345|(678.5, 674.6)
100.151|(678.8, 675.4)
100.1678|(680.7, 699.0)
100.2013|(687.1, 728.4)
100.2178|(685.8, 738.6)
100.2349|(678.4, 733.9)
100.2513|(679.1, 734.9)
100.268|(677.5, 733.4)
100.2846|(680.3, 737.1)
100.3013|(678.7, 748.5)
100.3179|(672.5, 742.5)
100.3515|(668.5, 746.2)
100.368|(667.4, 751.9)
100.3848|(666.0, 761.4)
100.4017|(665.9, 768.8)
100.4182|(671.4, 771.1)
100.435|(667.2, 773.8)
100.4516|(668.7, 773.6)
100.4686|(669.7, 773.6)
100.5016|(670.0, 766.4)
100.5184|(670.5, 769.0)
100.535|(674.2, 768.1)
100.5518|(682.5, 769.3)
100.5684|(682.2, 777.5)
100.5852|(679.2, 785.3)
100.6018|(681.6, 799.4)
100.6188|(678.8, 815.6)
100.6519|(664.6, 876.9)
100.6687|(677.8, 881.9)
100.6855|(681.1, 897.4)
100.7019|(681.3, 892.6)
100.7188|(681.3, 899.1)
100.7353|(680.8, 898.3)
100.7521|(680.2, 893.5)
100.7692|(676.7, 892.6)
100.8022|(687.5, 888.3)
100.8188|(689.0, 888.6)
100.8356|(687.5, 888.6)
100.8524|(681.1, 887.0)
100.869|(679.3, 887.4)
100.8857|(675.3, 894.2)
100.9023|(674.7, 895.2)
100.919|(675.6, 902.7)
100.9526|(676.7, 902.7)
100.9691|(674.6, 902.3)
100.9859|(674.8, 900.2)
101.0026|(674.4, 901.1)
101.0194|(676.9, 892.5)
101.0357|(678.8, 889.9)
101.0525|(676.0, 886.3)
101.0694|(676.2, 883.4)
101.1027|(670.1, 886.6)
101.1196|(672.2, 883.8)
101.1361|(672.9, 882.2)
101.1529|(691.4, 843.5)
101.1694|(708.8, 799.6)
101.1861|(714.2, 774.5)
101.2029|(729.6, 673.0)
101.2198|(746.4, 570.3)
101.2529|(751.9, 564.4)
101.2696|(753.7, 560.7)
101.2863|(748.7, 567.4)
101.303|(753.6, 559.4)
101.3197|(757.8, 559.2)
101.3365|(757.9, 562.5)
101.3532|(758.6, 562.9)
101.3697|(747.3, 558.4)
101.4032|(710.2, 547.1)
101.4199|(695.0, 535.9)
101.4367|(678.7, 524.9)
101.4534|(677.3, 524.4)
101.47|(683.0, 526.0)
101.4867|(695.3, 512.1)
101.5035|(691.7, 513.2)
101.52|(690.0, 513.4)
101.5535|(686.8, 515.0)
101.5702|(685.5, 520.4)
101.5868|(686.0, 524.8)
101.6038|(684.8, 527.0)
101.6202|(680.0, 523.0)
101.6368|(678.2, 522.7)
101.6538|(681.2, 523.5)
101.6703|(682.4, 523.1)
101.7037|(682.2, 522.3)
101.7205|(680.7, 521.1)
101.737|(673.2, 516.0)
101.754|(669.2, 513.1)
101.7704|(674.2, 514.1)
101.7871|(675.3, 514.4)
101.804|(675.7, 515.9)
101.8541|(674.9, 514.9)
101.8874|(673.3, 512.7)
101.904|(927.8, 553.6)
101.9207|(1015.0, 568.5)
101.9374|(1015.0, 571.2)
101.9541|(1022.3, 584.9)
101.9708|(1018.8, 578.1)
102.0043|(1023.4, 581.3)
102.0212|(1023.3, 582.8)
102.0376|(1024.2, 584.4)
102.0544|(1024.4, 587.2)
102.0709|(1023.4, 582.9)
102.0877|(1027.6, 585.5)
102.1044|(1028.9, 587.4)
102.121|(1029.6, 586.8)
102.1544|(1029.0, 583.1)
102.1712|(1028.9, 581.2)
102.188|(1024.2, 580.6)
102.2046|(1020.0, 581.2)
102.2211|(1011.7, 578.3)
102.2378|(998.5, 564.6)
102.2547|(937.9, 487.8)
102.2713|(887.4, 421.6)
102.3047|(865.0, 394.5)
102.3214|(854.4, 381.2)
102.3381|(856.2, 380.7)
102.3548|(856.4, 380.1)
102.3713|(854.9, 390.7)
102.3881|(852.3, 396.2)
102.4049|(853.2, 395.5)
102.4218|(854.1, 396.0)
102.455|(854.5, 393.1)
102.4717|(856.5, 387.8)
102.4883|(856.0, 386.1)
102.505|(854.3, 386.3)
102.5219|(862.4, 383.0)
102.5553|(864.9, 381.9)
102.5718|(864.2, 393.1)
102.6052|(881.2, 394.4)
102.622|(895.7, 405.4)
102.6552|(922.7, 408.3)
102.6719|(925.8, 404.9)
102.6889|(925.9, 401.9)
102.7053|(924.8, 406.5)
102.722|(925.4, 404.0)
102.7554|(918.6, 415.0)
102.7723|(919.8, 425.6)
102.7889|(916.3, 434.2)
102.8056|(915.4, 438.8)
102.8222|(923.7, 444.4)
102.8391|(922.4, 448.3)
102.8558|(921.3, 446.7)
102.8724|(917.9, 443.2)
102.9057|(918.2, 441.6)
102.9224|(924.6, 444.0)
102.9391|(923.8, 441.9)
102.9558|(922.3, 439.5)
102.9725|(920.5, 448.2)
102.9893|(918.3, 453.1)
103.0059|(906.5, 496.2)
103.0228|(855.0, 691.6)
103.0559|(832.1, 781.0)
103.0729|(824.8, 823.4)
103.0892|(828.5, 836.1)
103.1059|(829.3, 846.3)
103.1227|(815.8, 843.4)
103.1395|(818.6, 843.4)
103.1562|(817.6, 843.6)
103.1727|(811.1, 845.2)
103.2064|(814.9, 850.1)
103.2228|(813.0, 848.5)
103.2397|(812.3, 849.2)
103.2562|(813.1, 849.8)
103.273|(825.2, 855.1)
103.2897|(825.9, 854.5)
103.3062|(827.1, 857.3)
103.3231|(828.6, 859.8)
103.3566|(832.4, 877.7)
103.3731|(828.4, 885.4)
103.39|(826.7, 891.6)
103.4065|(820.9, 921.8)
103.4233|(813.2, 935.7)
103.4399|(812.8, 936.1)
103.4567|(813.4, 937.5)
103.4733|(818.5, 946.3)
103.5069|(819.7, 937.0)
103.5235|(820.9, 935.6)
103.5401|(818.4, 933.2)
103.5568|(815.5, 935.3)
103.5737|(817.7, 939.5)
103.5902|(827.8, 943.2)
103.6069|(825.5, 940.3)
103.6237|(835.7, 934.7)
103.6569|(837.0, 935.2)
103.6737|(836.3, 934.2)
103.6903|(828.2, 938.8)
103.7069|(754.0, 961.8)
103.724|(749.4, 965.1)
103.7405|(747.0, 966.2)
103.757|(751.7, 981.1)
103.774|(747.8, 978.8)
103.8072|(754.6, 974.4)
103.8239|(760.7, 977.9)
103.8406|(806.6, 908.7)
103.8572|(859.9, 835.7)
103.874|(866.5, 826.8)
103.8906|(925.3, 740.6)
103.9073|(966.9, 688.2)
103.924|(1000.5, 641.5)
103.9575|(1002.0, 637.3)
103.9743|(1003.1, 636.6)
103.9907|(1005.3, 635.8)
104.0075|(1010.9, 642.4)
104.0241|(1010.4, 642.9)
104.0409|(1008.2, 643.3)
104.0576|(1004.9, 641.2)
104.0745|(997.2, 637.9)
104.1078|(992.8, 637.7)
104.1245|(992.8, 637.5)
104.1411|(996.0, 638.6)
104.1578|(1008.1, 646.3)
104.1746|(1008.4, 646.9)
104.1913|(1006.7, 647.9)
104.2079|(1002.6, 645.2)
104.2245|(1000.9, 640.8)
104.2581|(999.7, 639.6)
104.2747|(1002.8, 639.7)
104.2913|(1012.7, 641.0)
104.3082|(1081.5, 650.3)
104.3247|(1086.6, 651.4)
104.3418|(1091.2, 664.4)
104.3581|(1091.4, 663.0)
104.3749|(1093.0, 661.8)
104.4082|(1093.7, 658.5)
104.4249|(1100.5, 664.6)
104.4414|(1095.3, 660.3)
104.4583|(1101.6, 663.6)
104.4751|(1104.6, 665.2)
104.4916|(1099.2, 660.9)
104.5082|(1093.4, 653.6)
104.5251|(1079.6, 647.9)
104.5583|(1077.3, 646.9)
104.5752|(1077.8, 646.2)
104.5918|(1083.4, 644.5)
104.6087|(1103.9, 631.8)
104.6252|(1119.8, 635.6)
104.6419|(1132.8, 641.3)
104.6586|(1135.2, 641.5)
104.6755|(1130.4, 638.3)
104.7088|(1135.4, 623.0)
104.7253|(1136.9, 623.8)
104.7421|(1149.8, 627.3)
104.7589|(1146.5, 632.2)
104.7755|(1148.8, 635.4)
104.7921|(1148.0, 635.9)
104.809|(1146.0, 634.0)
104.8258|(1143.5, 634.5)
104.859|(1140.0, 634.7)
104.8755|(1112.3, 650.5)
104.8923|(1046.3, 650.6)
104.9092|(907.7, 642.4)
104.9426|(884.0, 640.5)
104.959|(886.6, 640.3)
105.0093|(885.0, 634.3)
105.0258|(891.7, 634.4)
105.0426|(909.4, 639.2)
105.0592|(908.8, 645.4)
105.0758|(908.9, 645.8)
105.0926|(906.7, 646.3)
105.1096|(904.5, 642.9)
105.1261|(904.0, 640.0)
105.1596|(883.0, 639.5)
105.176|(882.7, 637.1)
105.1928|(763.8, 641.9)
105.2097|(763.5, 641.4)
105.2262|(756.9, 640.2)
105.2431|(743.5, 640.2)
105.2608|(740.9, 638.9)
105.2768|(741.7, 641.3)
105.3099|(740.8, 637.8)
105.3264|(737.7, 638.3)
105.3432|(734.9, 640.7)
105.3599|(739.8, 642.4)
105.3767|(739.6, 642.0)
105.3933|(742.3, 641.3)
105.41|(782.0, 647.6)
105.4267|(793.3, 645.5)
105.4769|(1157.3, 628.1)
105.4934|(1464.9, 630.8)
105.5102|(1603.3, 632.4)
105.5436|(1689.3, 650.9)
105.5603|(1686.7, 651.9)
105.6105|(1688.8, 654.9)
105.6269|(1696.6, 649.1)
105.6439|(1694.6, 650.1)
105.6604|(1700.9, 658.7)
105.6772|(1701.6, 658.0)
105.6938|(1685.3, 638.1)
105.7107|(1683.2, 636.1)
105.7271|(1684.2, 637.5)
105.7606|(1680.4, 633.9)
105.7772|(1673.7, 629.2)
105.794|(1668.0, 623.6)
105.8105|(1671.4, 625.9)
105.8289|(1665.9, 621.4)
105.8442|(1671.9, 624.6)
105.861|(1671.2, 621.7)
105.8778|(1670.0, 620.7)
105.911|(1668.2, 615.5)
105.9274|(1660.2, 622.1)
105.9443|(1662.6, 624.0)
105.9607|(1678.5, 625.2)
105.9779|(1682.8, 624.4)
105.9943|(1684.7, 623.6)
106.011|(1688.9, 620.4)
106.0277|(1705.8, 612.1)
106.0611|(1711.5, 608.9)
106.0778|(1717.3, 611.0)
106.0944|(1716.5, 608.7)
106.1111|(1717.8, 604.4)
106.1277|(1717.7, 603.6)
106.1445|(1716.4, 602.2)
106.1612|(1716.7, 610.8)
106.178|(1716.1, 611.9)
106.2113|(1714.4, 616.5)
106.2281|(1714.0, 617.4)
106.2446|(1712.9, 614.9)
106.2613|(1711.3, 610.9)
106.2781|(1708.0, 607.6)
106.2948|(1708.5, 607.2)
106.3113|(1707.5, 606.0)
106.3283|(1707.2, 604.2)
106.3614|(1708.2, 604.8)
106.3785|(1708.3, 606.2)
106.3948|(1708.2, 607.0)
106.4116|(1708.5, 608.3)
106.4282|(1707.9, 611.8)
106.445|(1709.8, 614.4)
106.4617|(1712.0, 618.9)
106.4783|(1710.8, 617.2)
106.5116|(1692.2, 614.7)
106.5286|(1632.4, 611.0)
106.5452|(1585.2, 613.7)
106.5617|(1498.5, 615.2)
106.5785|(1490.1, 613.0)
106.5953|(1450.4, 610.6)
106.612|(1449.3, 619.9)
106.6286|(1449.0, 616.4)
106.662|(1445.5, 620.3)
106.6787|(1415.7, 623.9)
106.6954|(1385.6, 624.6)
106.712|(1217.3, 628.1)
106.7287|(1134.5, 631.8)
106.7455|(1096.2, 636.7)
106.7621|(1062.1, 640.3)
106.7788|(966.2, 646.3)
106.8122|(963.5, 649.8)
106.829|(959.6, 653.1)
106.8456|(958.2, 651.9)
106.8623|(959.9, 652.5)
106.879|(970.4, 647.1)
106.8959|(970.2, 649.9)
106.9125|(971.5, 650.9)
106.9291|(972.0, 653.8)
106.9624|(973.5, 654.5)
106.9792|(980.5, 672.5)
106.9958|(982.4, 677.2)
107.0126|(982.1, 677.8)
107.0292|(970.9, 661.3)
107.0459|(970.0, 663.5)
107.0625|(967.7, 671.5)
107.0794|(965.2, 673.9)
