107.1127|(972.9, 681.8)
107.1619|(979.5, 678.1)
107.1864|(979.9, 677.3)
107.2031|(979.7, 674.9)
107.2362|(977.3, 672.7)
107.2531|(976.3, 674.6)
107.2695|(976.2, 677.7)
107.2861|(970.3, 676.4)
107.303|(973.1, 671.3)
107.3197|(973.7, 670.2)
107.3365|(973.3, 670.4)
107.3531|(971.7, 673.3)
107.3864|(973.9, 688.6)
107.4033|(967.9, 695.3)
107.42|(943.0, 689.3)
107.4366|(894.1, 681.0)
107.4534|(882.8, 678.3)
107.4702|(887.6, 680.6)
107.4867|(859.8, 672.8)
107.5033|(853.3, 672.3)
107.5368|(850.6, 680.4)
107.5537|(852.4, 679.3)
107.5702|(848.4, 681.8)
107.5871|(840.9, 683.5)
107.6037|(818.7, 690.2)
107.6202|(797.8, 706.3)
107.637|(795.9, 708.4)
107.6536|(791.8, 711.2)
107.687|(790.2, 721.7)
107.7038|(791.2, 706.2)
107.7207|(791.0, 708.5)
107.7373|(788.2, 704.0)
107.7544|(780.1, 710.4)
107.7707|(773.5, 716.6)
107.7873|(772.6, 717.7)
107.8038|(767.8, 723.3)
107.8374|(766.6, 729.1)
107.854|(770.0, 730.8)
107.8706|(771.1, 730.3)
107.8875|(771.6, 725.6)
107.9045|(770.0, 722.6)
107.9214|(766.0, 729.2)
107.9377|(766.5, 746.6)
107.9543|(763.3, 1109.5)
107.9876|(762.3, 1131.7)
108.0042|(759.0, 1131.7)
108.021|(754.6, 1133.6)
108.0378|(756.6, 1140.4)
108.0543|(755.4, 1133.1)
108.071|(760.1, 1137.5)
108.0877|(760.4, 1139.2)
108.1044|(759.7, 1135.2)
108.1379|(764.1, 1136.9)
108.1551|(763.7, 1126.2)
108.1714|(763.4, 1125.6)
108.1882|(753.3, 1127.8)
108.2045|(750.4, 1131.2)
108.2212|(754.5, 1117.6)
108.2379|(761.5, 1107.6)
108.2546|(761.7, 1109.0)
108.2711|(770.4, 1100.5)
108.2882|(771.4, 1100.3)
108.3046|(770.2, 1099.4)
108.3213|(778.7, 1103.5)
108.3381|(777.2, 1101.9)
108.3548|(775.4, 1102.7)
108.3714|(773.7, 1107.3)
108.3881|(772.2, 1109.4)
108.4048|(775.1, 1112.3)
108.4216|(764.9, 1119.8)
108.4383|(744.8, 1088.7)
108.4716|(745.1, 1094.2)
108.4883|(746.5, 1091.9)
108.5218|(740.5, 1108.3)
108.5384|(733.1, 1107.7)
108.5718|(731.5, 1102.6)
108.5883|(738.5, 1092.2)
108.6051|(733.3, 1101.2)
108.6218|(737.4, 1122.3)
108.6385|(741.0, 1139.3)
108.6553|(745.2, 1117.4)
108.6721|(744.4, 1117.3)
108.6886|(758.1, 1100.8)
108.7053|(888.7, 997.6)
108.7221|(909.7, 978.7)
108.7387|(907.0, 975.9)
108.7555|(925.2, 937.0)
108.7721|(934.2, 927.4)
108.7889|(936.4, 926.3)
108.8056|(938.7, 933.8)
108.8223|(939.1, 933.2)
108.8389|(937.9, 928.0)
108.8556|(938.4, 920.9)
108.8721|(920.5, 907.0)
108.8889|(911.7, 914.3)
108.9056|(887.2, 912.8)
108.9225|(824.4, 927.2)
108.9391|(821.8, 926.9)
108.9558|(819.5, 926.1)
108.9724|(815.8, 927.9)
108.9891|(822.6, 922.0)
109.0059|(823.6, 903.6)
109.0225|(825.4, 904.9)
109.0391|(824.0, 903.9)
109.0728|(818.6, 899.9)
109.0894|(788.2, 903.7)
109.1227|(760.2, 928.9)
109.1895|(751.1, 931.4)
109.2062|(752.1, 935.6)
109.2397|(800.1, 1031.7)
109.2561|(806.0, 1090.4)
109.273|(790.8, 1135.8)
109.2896|(789.6, 1135.7)
109.3396|(781.5, 1163.7)
109.3565|(771.9, 1185.7)
109.5733|(788.8, 1183.6)
109.59|(776.2, 1158.7)
109.6236|(776.6, 1172.1)
109.6402|(772.6, 1140.1)
109.657|(768.3, 1124.2)
109.6735|(766.6, 1137.8)
109.6904|(765.1, 1162.6)
109.707|(763.9, 1166.9)
109.7237|(762.0, 1172.5)
109.7405|(752.0, 1197.1)
109.7739|(750.9, 1197.5)
109.7905|(750.1, 1197.8)
110.0075|(721.1, 1199.0)
110.0241|(721.8, 1197.1)
110.0409|(717.5, 1194.1)
110.0744|(714.6, 1194.0)
110.091|(723.6, 1195.9)
110.1076|(725.7, 1191.2)
110.1244|(729.8, 1182.0)
110.141|(728.4, 1152.2)
110.1577|(722.3, 925.8)
110.1744|(723.9, 908.8)
110.1911|(732.5, 772.7)
110.2246|(733.6, 729.7)
110.2412|(733.2, 727.6)
110.2747|(734.9, 729.1)
110.2913|(736.7, 729.1)
110.3248|(728.2, 722.5)
110.3414|(722.9, 714.3)
110.3748|(725.2, 715.7)
110.3915|(725.9, 715.2)
110.4082|(729.2, 713.2)
110.425|(729.7, 711.8)
110.4416|(730.7, 709.4)
110.4582|(730.3, 709.9)
110.4748|(727.1, 709.0)
110.4917|(726.2, 710.0)
110.5249|(726.4, 707.9)
110.5416|(727.0, 707.1)
110.5583|(726.8, 709.1)
110.5753|(733.1, 708.4)
110.592|(744.9, 702.1)
110.6085|(742.9, 701.7)
110.6252|(752.8, 676.1)
110.642|(754.0, 674.5)
110.6754|(753.1, 671.1)
110.6921|(753.6, 669.5)
110.7087|(755.8, 664.0)
110.7254|(757.4, 657.5)
110.7421|(760.0, 651.7)
110.7587|(757.3, 650.7)
110.7755|(758.7, 658.5)
110.7921|(760.8, 658.5)
110.8256|(754.7, 638.2)
110.8421|(749.5, 603.4)
110.859|(756.3, 566.7)
110.8757|(758.5, 520.3)
110.8924|(761.1, 469.6)
110.9089|(760.4, 482.2)
110.9258|(764.5, 388.0)
110.9425|(763.4, 387.7)
110.9758|(766.1, 386.8)
110.9926|(764.3, 385.6)
111.0092|(761.1, 362.8)
111.0258|(765.3, 349.3)
111.0428|(766.2, 347.7)
111.0592|(767.2, 346.9)
111.076|(764.7, 348.5)
111.0927|(755.9, 350.6)
111.1261|(751.6, 352.7)
111.1427|(754.2, 351.4)
111.1595|(756.0, 348.2)
111.1761|(754.2, 349.7)
111.1929|(754.0, 353.8)
111.2097|(764.6, 356.8)
111.2262|(763.1, 354.9)
111.2429|(764.7, 354.0)
111.2764|(757.8, 348.7)
111.293|(744.5, 348.8)
111.3096|(737.9, 350.6)
111.3264|(732.6, 351.1)
111.3432|(723.6, 349.5)
111.3598|(714.2, 341.6)
111.3766|(714.8, 340.4)
111.3933|(715.1, 339.9)
111.4264|(732.9, 305.8)
111.4434|(737.7, 299.6)
111.46|(742.3, 295.8)
111.4767|(757.0, 288.0)
111.4932|(754.4, 289.8)
111.5099|(752.0, 281.2)
111.5268|(751.8, 285.8)
111.5434|(754.3, 289.2)
111.5767|(757.4, 292.1)
111.5936|(756.2, 286.5)
111.6103|(758.9, 285.3)
111.6269|(760.8, 275.0)
111.6434|(763.1, 256.6)
111.6601|(764.6, 241.6)
111.677|(763.0, 247.3)
111.6936|(752.0, 250.2)
111.727|(750.2, 249.1)
111.7438|(752.9, 248.8)
111.7774|(752.4, 248.4)
111.7936|(760.1, 246.7)
111.8104|(783.5, 237.2)
111.8271|(849.0, 233.1)
111.8773|(895.7, 231.6)
111.894|(917.1, 226.7)
111.9108|(924.2, 229.3)
111.9273|(921.4, 229.5)
111.9441|(919.3, 229.3)
111.9611|(915.3, 230.5)
111.9774|(913.8, 236.0)
111.9941|(915.6, 240.9)
112.0275|(919.2, 241.6)
112.0449|(935.3, 241.0)
112.0777|(948.4, 232.1)
112.0943|(954.7, 230.2)
112.1277|(967.0, 222.9)
112.1444|(968.5, 227.4)
112.1778|(977.9, 236.1)
112.1945|(982.9, 231.9)
112.228|(960.3, 228.8)
112.2446|(928.5, 221.2)
112.2613|(899.8, 208.1)
112.2779|(872.3, 197.9)
112.2947|(856.8, 193.6)
112.328|(823.2, 184.0)
112.3447|(820.4, 185.3)
112.3615|(815.1, 194.3)
112.3781|(813.6, 196.8)
112.3948|(815.5, 196.1)
112.4116|(815.8, 195.5)
112.4284|(818.8, 194.9)
112.4449|(822.2, 194.5)
112.4784|(830.8, 191.7)
112.495|(837.9, 189.1)
112.5117|(844.8, 191.8)
112.5284|(879.6, 198.6)
112.5451|(882.9, 199.9)
112.5619|(888.0, 199.9)
112.5785|(890.4, 199.0)
112.5952|(891.9, 198.8)
112.6287|(884.0, 197.9)
112.6453|(882.5, 197.2)
112.662|(881.2, 198.1)
112.6784|(880.7, 199.6)
112.6954|(876.4, 202.0)
112.7121|(882.7, 199.9)
112.7455|(881.6, 195.8)
112.7956|(878.4, 188.1)
112.8124|(879.0, 189.1)
112.8288|(775.3, 211.7)
112.8455|(782.2, 208.0)
112.8622|(782.8, 205.2)
112.879|(782.6, 205.1)
112.8957|(781.7, 206.1)
112.9291|(775.1, 210.1)
112.9457|(774.1, 211.9)
112.9626|(775.2, 209.8)
112.979|(780.2, 205.7)
112.996|(786.8, 205.5)
113.0125|(780.7, 202.6)
113.0291|(780.3, 207.3)
113.0458|(776.6, 210.8)
113.0793|(768.5, 214.2)
113.096|(759.5, 212.1)
113.1126|(764.7, 213.2)
113.1293|(763.1, 212.6)
113.1461|(764.9, 209.7)
113.1627|(763.1, 212.4)
113.1793|(756.0, 218.9)
113.1962|(758.4, 226.4)
113.2296|(755.6, 223.8)
113.2463|(759.3, 226.8)
113.2629|(765.0, 234.7)
113.2796|(775.0, 251.5)
113.2964|(806.8, 295.1)
113.3131|(809.2, 302.2)
113.3297|(809.6, 300.8)
113.3465|(810.0, 297.9)
113.3798|(810.6, 299.2)
113.3965|(812.8, 299.9)
113.4131|(813.9, 300.0)
113.4298|(816.8, 301.5)
113.4466|(817.0, 301.9)
113.4634|(819.3, 297.6)
113.4799|(822.5, 295.2)
113.4967|(863.6, 293.3)
113.5302|(883.4, 292.6)
113.5468|(890.6, 292.5)
113.5634|(894.5, 288.7)
113.5801|(895.9, 292.2)
113.5968|(899.9, 294.1)
113.6136|(901.9, 297.1)
113.6303|(899.2, 300.4)
113.6469|(899.5, 301.0)
113.6803|(903.6, 309.0)
113.6972|(902.0, 306.8)
113.7138|(895.3, 300.8)
113.7303|(890.1, 284.8)
113.7476|(910.8, 285.6)
113.7639|(929.5, 285.8)
113.7803|(929.2, 286.9)
113.7971|(956.1, 301.9)
113.8306|(962.3, 297.6)
113.8473|(961.0, 293.6)
113.8639|(954.8, 288.8)
113.8805|(956.6, 290.0)
113.8973|(959.5, 290.5)
113.9141|(962.3, 292.9)
113.9307|(961.8, 292.3)
113.9475|(961.4, 291.5)
113.9809|(954.5, 296.3)
113.9975|(952.3, 296.7)
114.0142|(793.2, 305.1)
114.031|(779.0, 299.2)
114.0475|(803.5, 288.7)
114.0643|(792.9, 286.9)
114.0808|(792.7, 286.4)
114.0977|(772.3, 288.8)
114.1311|(776.6, 289.1)
114.1477|(777.4, 286.1)
114.1644|(779.5, 285.8)
114.1812|(781.5, 293.1)
114.1977|(781.7, 292.5)
114.5819|(802.0, 14.0)
114.5984|(828.0, 7.8)
114.6151|(729.0, 45.9)
114.632|(736.7, 44.9)
114.6485|(741.9, 47.5)
114.6653|(779.6, 51.3)
114.682|(836.4, 97.2)
114.6987|(855.2, 107.2)
114.732|(861.5, 70.8)
114.7486|(861.7, 62.8)
114.7654|(903.9, 73.8)
114.7822|(965.5, 84.8)
114.7988|(958.9, 70.9)
114.8155|(963.9, 66.5)
114.8323|(950.3, 66.1)
114.8489|(934.5, 58.1)
114.8824|(920.2, 65.3)
114.8989|(914.1, 72.1)
114.9157|(904.3, 66.6)
114.9324|(864.3, 33.8)
114.949|(873.8, 42.8)
114.9657|(867.5, 45.3)
114.9824|(849.0, 43.2)
114.9992|(862.5, 59.4)
115.0325|(868.9, 69.9)
115.0493|(879.1, 79.4)
115.0661|(885.3, 82.0)
115.0826|(889.6, 82.4)
115.0994|(911.9, 90.4)
115.116|(907.1, 89.8)
115.1329|(909.3, 89.1)
115.1493|(909.2, 93.9)
115.1828|(906.1, 103.0)
115.1995|(904.3, 113.7)
115.2162|(897.7, 114.7)
115.2329|(896.9, 123.3)
115.2496|(872.4, 125.3)
115.2667|(867.8, 137.8)
115.283|(868.2, 146.1)
115.2996|(872.3, 135.9)
115.3333|(874.7, 143.3)
115.3497|(891.1, 156.7)
115.3666|(865.6, 158.8)
115.3831|(858.1, 157.7)
115.4166|(794.7, 164.1)
115.4333|(786.9, 170.5)
115.4835|(755.8, 183.3)
115.4999|(767.1, 173.5)
115.5166|(765.2, 171.8)
115.5334|(756.7, 170.3)
115.5499|(762.8, 171.8)
115.5667|(768.1, 177.0)
115.5835|(777.3, 177.6)
115.6001|(781.8, 180.0)
115.6338|(782.6, 201.4)
115.6501|(782.7, 197.3)
115.6669|(773.2, 206.4)
115.6835|(767.3, 214.1)
115.717|(761.6, 214.6)
115.7337|(751.5, 204.4)
115.7837|(753.0, 198.5)
115.8005|(784.8, 199.8)
115.8174|(904.2, 201.1)
115.8337|(893.3, 195.7)
115.8672|(980.2, 219.3)
115.884|(966.6, 220.5)
115.9341|(977.6, 239.5)
115.9507|(958.9, 265.5)
115.9674|(947.8, 251.8)
116.0007|(928.2, 249.4)
116.0176|(914.0, 251.6)
116.0343|(913.3, 249.2)
116.051|(909.8, 245.7)
116.0842|(904.4, 243.1)
116.1011|(906.1, 242.6)
116.1177|(905.7, 242.8)
116.1344|(921.4, 239.9)
116.151|(982.9, 236.3)
116.168|(991.3, 238.7)
116.1846|(992.6, 239.3)
116.2013|(995.1, 238.7)
116.2346|(1001.0, 236.9)
116.2512|(998.7, 237.5)
116.2681|(988.6, 235.0)
116.2846|(985.9, 235.7)
116.3013|(981.4, 229.6)
116.318|(974.1, 218.6)
116.3348|(957.4, 197.9)
116.3514|(944.6, 177.1)
116.3848|(941.0, 164.4)
116.4017|(930.1, 144.4)
116.4182|(926.4, 136.0)
116.4349|(925.7, 137.4)
116.4515|(925.1, 138.3)
116.4682|(921.4, 140.8)
116.4851|(920.8, 139.8)
116.5018|(920.0, 141.0)
116.5351|(930.9, 133.6)
116.5518|(931.0, 127.0)
116.5684|(931.4, 131.3)
116.5851|(932.3, 134.6)
116.6021|(924.0, 137.1)
116.6186|(921.2, 135.5)
116.6353|(913.0, 127.6)
116.6519|(910.1, 119.3)
116.6852|(907.1, 58.3)
116.7186|(907.2, 54.2)
116.7353|(887.5, 45.1)
116.7689|(883.8, 53.2)
116.7857|(886.2, 59.4)
116.8357|(887.9, 60.7)
116.8523|(891.8, 64.7)
116.8689|(905.1, 63.3)
116.8857|(903.4, 64.6)
116.9023|(901.5, 67.8)
116.9192|(903.5, 68.1)
116.9357|(904.8, 59.9)
116.9524|(905.0, 60.8)
116.9858|(912.6, 59.8)
117.0025|(916.4, 58.4)
117.0192|(913.6, 58.5)
117.0358|(906.3, 60.1)
117.0525|(903.2, 60.5)
117.0694|(897.5, 63.5)
117.0859|(894.0, 69.5)
117.1028|(888.5, 75.3)
117.1361|(882.4, 82.0)
117.1527|(879.4, 99.1)
117.1695|(878.5, 100.4)
117.1861|(879.6, 98.8)
117.2028|(883.8, 93.7)
117.2195|(884.7, 92.8)
117.2365|(886.7, 92.5)
117.2529|(888.0, 103.9)
117.2865|(889.9, 107.6)
117.303|(890.1, 113.7)
117.3365|(887.1, 132.7)
117.3538|(888.6, 131.6)
117.3701|(885.3, 132.3)
117.3867|(886.7, 129.6)
117.403|(888.3, 128.9)
117.4365|(882.2, 140.4)
117.4534|(882.0, 139.9)
117.4701|(882.7, 139.9)
117.4866|(884.2, 138.7)
117.5035|(886.4, 141.9)
117.5201|(891.2, 145.8)
117.5367|(890.3, 140.7)
117.5534|(893.9, 138.2)
117.5868|(897.8, 130.9)
117.6036|(901.8, 119.6)
117.6203|(904.5, 117.2)
117.6368|(902.0, 127.1)
117.6538|(904.5, 127.2)
117.6703|(902.7, 132.1)
117.6872|(910.1, 129.2)
117.7036|(905.4, 125.7)
117.737|(906.1, 122.8)
117.7537|(930.5, 54.4)
117.7705|(940.7, 29.9)
117.7872|(948.9, 37.0)
117.8038|(951.0, 37.6)
117.8205|(975.5, 44.2)
117.8372|(974.1, 46.2)
117.8539|(973.8, 49.1)
117.8874|(993.4, 55.1)
117.9039|(994.3, 55.4)
117.9208|(991.8, 54.9)
117.9372|(988.8, 51.6)
117.954|(988.0, 51.3)
117.9707|(987.2, 54.1)
117.9875|(986.4, 53.4)
118.0041|(984.8, 53.3)
118.0208|(981.9, 56.3)
118.0376|(982.1, 56.1)
118.0542|(985.2, 57.6)
118.071|(985.5, 60.0)
118.0876|(986.1, 60.6)
118.1042|(989.2, 60.5)
118.121|(985.7, 55.3)
118.1377|(981.0, 47.6)
118.1544|(980.0, 46.0)
118.1879|(970.3, 21.1)
118.2045|(969.7, 18.7)
118.2211|(964.2, 17.1)
118.238|(964.5, 22.6)
118.2546|(969.0, 24.5)
118.2714|(970.4, 29.9)
118.2879|(980.9, 32.4)
118.3047|(981.0, 31.7)
118.3213|(990.0, 31.3)
118.3383|(1008.5, 26.3)
118.3547|(1018.6, 26.1)
118.3714|(1019.2, 25.5)
118.3882|(1021.9, 24.0)
118.4049|(1025.9, 20.6)
118.4215|(1027.6, 16.7)
118.4381|(1028.1, 15.2)
118.4548|(1007.8, 12.3)
118.5552|(1055.4, 13.8)
118.572|(1056.4, 19.7)
118.5885|(1039.0, 44.0)
118.6053|(1035.8, 39.0)
118.6218|(1017.6, 28.8)
118.6385|(1014.1, 26.8)
118.6551|(993.5, 30.7)
118.6721|(996.0, 29.5)
118.6886|(990.9, 23.6)
118.7053|(992.6, 24.8)
118.722|(993.9, 28.6)
118.7387|(978.6, 26.8)
118.7554|(974.9, 26.8)
118.7721|(967.9, 27.1)
118.7887|(970.1, 23.1)
118.8054|(969.0, 22.9)
118.8222|(968.8, 25.0)
118.8389|(970.8, 28.1)
118.8555|(974.0, 23.4)
118.8723|(973.9, 25.0)
118.889|(979.0, 28.2)
118.9056|(981.1, 29.9)
118.9223|(984.9, 26.4)
118.939|(987.0, 30.4)
118.9556|(992.2, 34.4)
118.9723|(992.5, 34.9)
118.9892|(987.5, 7.6)
119.006|(978.2, 13.3)
119.0225|(982.6, 21.2)
119.0391|(982.0, 22.2)
119.056|(980.8, 21.4)
119.0725|(980.3, 31.4)
119.0893|(988.0, 30.0)
119.1061|(985.0, 29.3)
119.1229|(989.0, 21.6)
119.1396|(985.8, 22.1)
119.1561|(982.9, 27.9)
119.1727|(979.1, 28.2)
119.1895|(982.2, 25.5)
119.2228|(988.5, 27.4)
119.2396|(995.2, 26.1)
119.2563|(1026.1, 15.7)
119.273|(1024.0, 16.2)
119.2897|(1019.1, 11.1)
119.3063|(1021.1, 6.6)
119.3229|(1019.9, 6.4)
119.3397|(1027.1, 9.0)
119.3565|(1027.5, 12.3)
119.3733|(1040.7, 17.8)
119.3898|(1040.4, 17.4)
119.4065|(1041.9, 15.3)
119.4232|(1059.5, 3.6)
119.44|(1059.3, 7.5)
119.4566|(1060.1, 13.3)
119.4731|(1060.8, 26.0)
119.4899|(1066.5, 40.6)
119.5232|(1060.0, 29.7)
119.54|(1061.7, 22.5)
119.5567|(1052.7, 32.6)
119.5735|(1052.0, 31.2)
119.5901|(1054.9, 27.0)
119.607|(1054.4, 27.4)
119.6233|(1042.8, 30.1)
119.6404|(971.9, 29.2)
119.6737|(964.2, 49.5)
119.6902|(957.2, 49.5)
119.707|(958.8, 49.9)
119.7238|(958.4, 51.8)
119.7404|(955.4, 54.7)
119.7571|(937.4, 60.2)
119.7739|(938.1, 62.1)
119.7905|(926.5, 75.0)
119.824|(924.7, 75.8)
119.8407|(923.7, 74.6)
119.8571|(920.3, 65.5)
119.8742|(917.2, 57.2)
119.8906|(916.8, 57.7)
119.9075|(916.7, 67.4)
119.9239|(913.9, 82.8)
119.9407|(927.0, 66.5)
119.974|(929.0, 73.1)
119.9908|(925.5, 81.7)
120.0076|(921.9, 88.5)
120.0241|(915.0, 94.9)
120.041|(915.3, 96.3)
120.0576|(914.2, 96.9)
120.0743|(913.6, 93.5)
120.091|(904.9, 90.2)
120.1244|(901.9, 89.5)
120.1411|(900.3, 90.6)
120.1576|(896.3, 84.4)
120.1746|(895.6, 87.4)
120.1913|(893.1, 90.3)
120.2078|(887.2, 95.2)
120.2245|(877.8, 83.0)
120.2412|(875.0, 91.2)
120.2746|(875.6, 90.5)
120.2912|(883.6, 101.3)
120.3249|(879.4, 90.2)
120.3415|(872.3, 74.3)
120.3579|(870.7, 113.3)
120.3748|(860.8, 140.0)
120.4249|(855.9, 193.0)
120.4416|(847.9, 199.5)
120.4584|(841.1, 207.1)
120.475|(828.3, 209.6)
120.4916|(830.5, 211.5)
120.5083|(830.9, 210.6)
120.5249|(816.6, 248.0)
120.542|(823.2, 227.9)
120.5752|(789.8, 286.5)
120.5917|(783.8, 306.9)
120.6089|(790.1, 310.0)
120.6252|(787.9, 311.4)
120.642|(792.1, 319.5)
120.6584|(791.9, 324.7)
120.6752|(784.8, 342.0)
120.692|(772.7, 346.9)
120.7254|(775.8, 349.0)
120.7421|(766.6, 347.4)
120.7588|(764.8, 349.3)
120.7755|(721.1, 358.8)
120.7921|(715.0, 356.8)
120.8089|(713.1, 358.6)
120.8256|(713.9, 353.4)
120.8422|(715.2, 349.8)
120.8758|(720.0, 328.7)
120.8923|(725.1, 320.5)
120.9091|(748.0, 445.0)
120.9258|(762.6, 545.5)
120.9425|(761.5, 558.4)
120.9591|(759.1, 572.7)
120.9759|(761.8, 590.1)
120.9924|(761.9, 602.9)
121.0258|(769.7, 621.1)
121.0426|(766.8, 614.3)
121.0593|(768.9, 641.7)
121.0761|(768.5, 656.4)
121.0928|(767.2, 673.1)
121.1096|(766.0, 694.1)
121.1261|(769.0, 693.8)
121.1427|(764.1, 696.8)
121.1761|(763.0, 692.1)
121.1929|(764.1, 691.0)
121.2095|(764.4, 691.0)
121.2262|(764.4, 691.7)
121.243|(764.8, 691.2)
121.2596|(764.4, 706.6)
121.2763|(765.6, 710.5)
121.293|(767.1, 711.4)
121.3262|(766.9, 711.1)
121.3432|(766.9, 710.6)
121.3599|(762.1, 899.5)
121.3764|(756.7, 982.4)
121.393|(748.2, 1042.0)
121.4098|(748.6, 1101.8)
121.4266|(748.5, 1101.4)
121.4432|(747.9, 1089.2)
121.4767|(743.6, 1115.8)
121.4934|(737.3, 1119.1)
121.5101|(734.5, 1120.0)
121.5267|(729.8, 1144.6)
121.5433|(734.5, 1141.6)
121.5601|(756.7, 1154.0)
121.5768|(751.3, 1156.1)
121.5935|(742.9, 1164.1)
121.6268|(739.5, 1153.2)
121.6437|(739.2, 1149.6)
121.6602|(738.4, 1147.4)
121.6771|(741.2, 1143.9)
121.6935|(744.3, 1139.9)
121.7103|(745.2, 1145.4)
121.7269|(746.3, 1146.3)
121.7437|(753.0, 1136.6)
121.7771|(752.8, 1135.0)
121.794|(753.4, 1132.1)
121.8105|(751.2, 1135.9)
121.8271|(749.1, 1139.6)
121.8438|(754.9, 1086.7)
121.8606|(756.3, 1073.8)
121.8773|(765.6, 963.7)
121.8939|(773.0, 878.0)
121.9274|(806.7, 565.3)
121.9442|(809.1, 566.0)
121.9608|(809.5, 565.1)
121.9775|(813.4, 561.3)
121.9941|(811.5, 564.4)
122.0109|(809.2, 573.7)
122.0275|(777.6, 646.3)
122.0442|(775.8, 650.0)
122.0775|(769.8, 664.0)
122.0945|(768.3, 669.3)
122.1111|(770.2, 682.6)
122.1277|(768.9, 687.1)
122.1444|(758.4, 694.9)
122.1613|(755.6, 695.3)
122.1778|(756.4, 695.1)
122.1944|(767.2, 693.3)
122.2278|(767.5, 691.6)
122.2447|(767.1, 689.7)
122.2613|(769.2, 685.3)
122.2779|(817.7, 585.5)
122.2945|(964.7, 250.7)
122.3114|(974.2, 223.4)
122.3279|(977.3, 214.0)
122.3448|(987.8, 181.8)
122.3781|(986.4, 164.8)
122.3948|(984.9, 168.0)
122.4115|(974.5, 164.9)
122.4282|(979.1, 165.7)
122.4449|(994.9, 152.2)
122.4617|(1009.7, 136.5)
122.4783|(1017.8, 130.2)
122.495|(1025.8, 121.1)
122.5283|(1032.9, 115.4)
122.545|(1039.5, 114.1)
122.5618|(1040.3, 112.1)
122.5783|(1040.2, 112.5)
122.595|(1046.4, 112.2)
122.612|(1046.4, 111.4)
122.6284|(1043.8, 111.2)
122.6452|(1041.0, 109.3)
122.6789|(1039.5, 107.1)
122.6954|(1034.5, 105.1)
122.7121|(1031.6, 108.5)
122.7287|(1028.1, 109.7)
122.7454|(936.5, 328.1)
122.7621|(912.6, 390.2)
122.7787|(885.3, 481.7)
122.7954|(856.3, 591.6)
122.829|(823.1, 693.3)
122.8456|(828.1, 677.6)
122.8623|(774.8, 897.5)
122.8789|(776.6, 892.9)
122.8956|(782.2, 890.0)
122.9123|(782.3, 889.1)
122.9289|(779.2, 888.1)
122.9456|(765.7, 882.2)
122.9792|(762.0, 890.1)
122.9957|(761.8, 892.2)
123.0125|(761.7, 951.2)
123.0291|(761.2, 963.8)
123.046|(753.1, 1021.4)
123.0792|(742.1, 1184.6)
123.096|(744.2, 1141.2)
123.2463|(722.5, 1196.1)
123.2796|(721.9, 1193.5)
123.2965|(724.1, 1180.1)
123.3129|(722.0, 1181.7)
123.3298|(717.6, 1193.3)
123.43|(717.8, 1197.9)
123.4466|(714.4, 1141.4)
123.4632|(717.9, 1077.3)
123.48|(735.5, 812.8)
123.4966|(736.8, 735.9)
123.5134|(734.0, 737.5)
123.53|(731.7, 733.7)
123.5467|(733.8, 733.4)
123.5801|(732.0, 734.8)
123.5968|(731.5, 733.5)
123.6135|(731.6, 728.2)
123.6301|(737.3, 725.9)
123.6469|(738.2, 724.4)
123.6634|(738.9, 711.3)
123.6803|(742.7, 700.9)
123.6969|(743.7, 699.5)
123.7305|(745.3, 694.9)
123.7471|(746.7, 691.0)
123.7637|(747.3, 690.6)
123.7806|(744.6, 686.2)
123.7971|(743.6, 692.5)
123.8139|(743.2, 704.5)
123.8305|(744.5, 708.2)
123.8472|(745.5, 708.1)
123.8808|(744.2, 709.4)
123.8972|(743.5, 706.8)
123.914|(745.5, 704.1)
123.9308|(746.3, 698.9)
123.9474|(753.5, 703.8)
123.964|(798.3, 699.4)
123.9808|(778.5, 701.7)
123.9975|(786.2, 701.1)
124.031|(833.8, 696.1)
124.0476|(825.2, 688.3)
124.0641|(822.5, 682.0)
124.0811|(824.7, 687.0)
124.098|(826.5, 687.5)
124.1143|(840.4, 691.8)
124.1311|(847.4, 697.2)
124.1478|(853.6, 704.8)
124.1812|(857.5, 707.0)
124.1976|(859.1, 708.1)
124.2145|(871.1, 718.6)
124.2313|(871.8, 720.2)
124.2479|(871.0, 719.5)
124.2645|(870.6, 716.6)
124.2814|(870.2, 715.1)
124.298|(868.3, 711.1)
124.3315|(869.0, 710.7)
124.348|(870.3, 713.8)
124.3647|(868.9, 713.7)
124.3815|(869.4, 710.7)
124.3982|(868.0, 708.7)
124.4148|(870.9, 705.8)
124.4314|(871.3, 699.1)
124.4483|(872.2, 695.6)
124.4817|(882.7, 696.1)
124.4982|(880.7, 694.6)
124.5152|(877.7, 695.8)
124.5316|(876.4, 695.5)
124.5483|(877.6, 698.4)
124.565|(883.1, 704.3)
124.5819|(885.2, 705.2)
124.5984|(882.6, 695.9)
124.632|(886.0, 702.7)
124.6485|(885.1, 700.9)
124.6652|(886.2, 703.4)
124.682|(889.1, 709.3)
124.6987|(892.8, 721.3)
124.7154|(886.3, 719.0)
124.7319|(871.4, 712.4)
124.7489|(850.9, 704.3)
124.7821|(830.3, 696.1)
124.7988|(764.2, 669.2)
124.8156|(764.3, 668.7)
124.8321|(763.5, 669.2)
124.8655|(770.8, 666.0)
124.8824|(769.7, 666.6)
124.8988|(770.7, 680.3)
124.9324|(770.2, 683.8)
124.9492|(769.6, 666.6)
124.9826|(772.8, 665.6)
124.9992|(773.6, 667.8)
125.0326|(784.8, 654.3)
125.0493|(783.9, 655.4)
125.0828|(797.1, 656.3)
125.0992|(804.4, 666.3)
125.1161|(800.6, 672.1)
125.1328|(803.7, 677.4)
125.1661|(802.2, 685.2)
125.1828|(806.0, 687.7)
125.1995|(807.1, 687.3)
125.233|(814.8, 687.7)
125.2496|(824.6, 683.0)
125.2665|(828.6, 673.9)
125.2829|(831.9, 669.2)
125.2995|(832.8, 666.1)
125.3164|(833.4, 654.3)
125.3331|(836.2, 637.0)
125.3497|(836.7, 634.6)
125.3833|(846.3, 626.6)
125.3999|(861.9, 627.6)
125.4165|(901.4, 633.2)
125.4331|(931.0, 636.3)
125.4499|(943.8, 637.3)
125.4667|(963.3, 641.9)
125.4834|(967.2, 642.3)
125.5|(969.5, 642.7)
125.5334|(968.6, 643.4)
125.5502|(973.3, 643.6)
125.5667|(973.0, 643.4)
125.5835|(972.2, 644.6)
125.6002|(969.5, 645.3)
125.6168|(969.2, 645.4)
125.6335|(969.7, 645.4)
125.6503|(962.2, 639.1)
125.6837|(958.4, 632.7)
125.7002|(958.9, 606.2)
125.717|(958.7, 604.0)
125.7337|(959.6, 603.2)
125.7504|(957.8, 599.1)
125.7671|(953.5, 597.9)
125.784|(952.4, 597.6)
125.8007|(952.2, 597.3)
125.8339|(931.5, 591.7)
125.8504|(924.9, 589.1)
125.8674|(905.6, 583.0)
125.884|(904.0, 583.4)
125.901|(886.0, 578.5)
125.9175|(877.9, 577.6)
125.9345|(875.6, 580.1)
125.9508|(874.9, 580.8)
125.9841|(874.5, 582.0)
126.001|(862.3, 579.9)
126.0176|(855.8, 578.5)
126.0343|(813.6, 583.7)
126.051|(790.9, 585.8)
126.0677|(794.2, 583.3)
126.0844|(798.0, 580.7)
126.1009|(781.9, 581.1)
126.1344|(784.4, 584.2)
126.1512|(789.8, 593.9)
126.1678|(784.9, 589.1)
126.1845|(785.4, 589.3)
126.2011|(789.1, 588.4)
126.218|(789.3, 582.3)
126.2345|(790.2, 582.7)
126.2513|(789.5, 584.3)
126.2845|(791.2, 584.7)
126.3015|(790.5, 585.4)
126.3181|(788.3, 588.6)
126.3346|(791.6, 596.1)
126.3514|(794.0, 598.0)
126.3681|(833.6, 612.9)
126.385|(847.3, 616.9)
126.4016|(864.8, 622.3)
126.435|(898.5, 631.6)
126.4518|(899.7, 634.4)
126.4682|(899.5, 635.3)
126.4849|(900.4, 636.5)
126.5016|(899.3, 642.5)
126.5184|(902.8, 646.5)
126.535|(876.6, 641.7)
126.5518|(836.8, 635.0)
126.5853|(777.8, 617.6)
126.6018|(773.4, 616.5)
126.6185|(770.7, 627.1)
126.6352|(769.1, 618.8)
126.6518|(770.6, 617.7)
126.6689|(772.7, 619.3)
126.6853|(773.7, 619.4)
126.7021|(771.2, 622.1)
126.7353|(782.4, 614.4)
126.752|(783.6, 615.3)
126.7687|(782.4, 618.0)
126.7856|(784.1, 629.7)
126.8022|(784.2, 634.2)
126.819|(785.5, 649.2)
126.8356|(791.4, 681.7)
126.8523|(792.7, 694.5)
126.8858|(797.6, 701.6)
126.9024|(805.6, 705.7)
126.9189|(806.3, 706.0)
126.9356|(801.5, 704.2)
126.9524|(803.1, 705.4)
126.9691|(804.2, 705.9)
126.9859|(794.8, 700.8)
127.0025|(781.8, 694.1)
127.0359|(775.9, 688.5)
127.0526|(777.8, 686.6)
127.0692|(776.8, 683.4)
127.0859|(778.6, 664.3)
127.1026|(782.7, 668.5)
127.1195|(785.1, 665.6)
127.1361|(790.8, 662.4)
127.1527|(791.1, 661.9)
127.1862|(781.5, 671.2)
127.2029|(779.6, 671.8)
127.2195|(778.1, 672.8)
127.2364|(776.3, 672.4)
127.253|(775.3, 672.0)
127.2696|(774.7, 673.8)
127.2864|(775.6, 674.5)
127.3029|(777.9, 672.9)
127.3363|(781.6, 682.7)
127.3531|(783.8, 681.6)
127.3697|(783.0, 682.9)
127.3867|(779.9, 683.1)
127.4032|(778.7, 682.4)
127.4199|(782.0, 683.6)
127.4366|(782.7, 680.8)
127.4531|(782.6, 680.9)
127.4698|(785.1, 707.1)
127.4867|(778.5, 716.2)
127.5033|(777.8, 717.9)
127.5201|(778.6, 716.5)
127.5367|(779.4, 719.0)
127.5534|(783.2, 719.6)
127.5701|(813.4, 722.9)
127.5868|(835.4, 724.5)
127.6034|(854.9, 721.1)
127.6369|(864.6, 719.7)
127.6537|(866.4, 720.6)
127.6703|(865.6, 718.3)
127.6869|(864.2, 723.1)
127.7036|(866.1, 721.3)
127.7203|(865.9, 721.9)
127.737|(865.4, 722.6)
127.7536|(866.4, 722.0)
127.7873|(874.3, 720.0)
127.8037|(877.7, 716.5)
127.8206|(877.8, 716.6)
127.8373|(880.2, 715.0)
127.8539|(884.1, 713.3)
127.8707|(883.9, 712.3)
127.8873|(884.3, 712.6)
127.9041|(884.1, 713.4)
127.9206|(885.1, 715.2)
127.9374|(886.7, 720.1)
127.9542|(896.0, 720.5)
127.9707|(898.7, 721.2)
127.9876|(895.3, 726.0)
128.004|(884.4, 725.1)
128.021|(868.5, 726.3)
128.0375|(803.7, 724.3)
128.0543|(811.0, 725.2)
128.0709|(744.5, 726.6)
128.0879|(735.0, 726.9)
128.1042|(725.5, 721.1)
128.121|(720.4, 723.8)
128.138|(733.3, 718.5)
128.1544|(736.4, 719.0)
128.1711|(741.8, 717.7)
128.1878|(742.2, 711.2)
128.2046|(743.0, 710.8)
128.2211|(745.3, 713.1)
128.2379|(747.6, 709.9)
128.2546|(745.9, 710.2)
128.2713|(746.1, 710.0)
128.288|(744.9, 708.9)
128.3046|(744.3, 711.6)
128.3213|(755.4, 721.8)
128.338|(754.7, 713.6)
128.3547|(840.3, 530.7)
128.3714|(904.0, 393.3)
128.3881|(943.1, 306.2)
128.4048|(946.8, 301.4)
128.4215|(948.9, 302.1)
128.4383|(949.1, 301.8)
128.455|(943.7, 303.1)
128.4717|(939.8, 301.8)
128.4883|(940.9, 300.0)
128.5051|(945.5, 285.6)
128.5215|(981.0, 176.5)
128.5383|(987.3, 154.5)
128.5551|(993.6, 125.0)
128.5719|(995.1, 118.6)
128.5887|(996.8, 115.1)
128.6052|(1002.7, 105.7)
128.6219|(1003.3, 104.8)
128.6385|(1000.6, 109.8)
128.672|(997.7, 113.4)
128.6886|(998.6, 113.5)
128.7053|(1000.9, 112.6)
128.7221|(1003.7, 115.5)
128.7388|(1004.4, 115.9)
128.7554|(1004.8, 117.6)
128.7722|(1002.4, 118.2)
128.7888|(1004.2, 118.7)
128.8055|(1039.8, 101.1)
128.8224|(1042.0, 100.9)
128.8388|(1048.3, 97.3)
128.8557|(1052.3, 93.6)
128.8722|(1057.4, 89.7)
128.889|(1059.7, 91.2)
128.9058|(1061.5, 92.2)
128.9223|(1064.0, 96.8)
128.939|(1063.6, 98.1)
128.9557|(1060.7, 103.2)
128.9724|(1032.7, 97.4)
128.9893|(1031.0, 101.7)
129.0059|(1023.0, 101.0)
129.0225|(1016.1, 100.7)
129.0392|(1011.6, 98.7)
129.0559|(1018.8, 102.4)
129.0726|(1008.4, 117.4)
129.0892|(968.8, 208.9)
129.1227|(961.4, 228.8)
129.1394|(956.1, 218.2)
129.1562|(954.1, 202.1)
129.1728|(954.7, 202.3)
129.1895|(955.0, 202.8)
129.2061|(956.4, 207.5)
129.2227|(954.5, 212.5)
129.2395|(936.6, 216.5)
129.2729|(934.1, 217.8)
129.2896|(897.5, 210.8)
129.3064|(883.5, 213.5)
129.323|(880.0, 215.5)
129.3396|(879.6, 214.3)
129.3566|(875.7, 218.6)
129.373|(876.9, 216.1)
129.39|(877.2, 215.9)
129.4232|(888.1, 200.1)
129.4398|(906.7, 166.9)
129.4565|(907.5, 161.0)
129.4733|(904.5, 166.8)
129.4899|(890.4, 177.1)
129.5067|(893.7, 176.3)
129.5235|(892.1, 176.2)
129.5399|(901.8, 176.3)
129.5734|(910.0, 176.7)
129.5901|(907.4, 177.5)
129.6069|(897.3, 189.8)
129.6236|(898.9, 188.8)
129.6402|(889.2, 200.7)
129.6572|(879.7, 195.7)
129.6736|(875.2, 194.1)
129.6905|(860.6, 196.2)
129.7237|(838.3, 195.7)
129.7404|(788.6, 200.9)
129.7573|(798.2, 212.9)
129.7738|(794.0, 212.5)
129.7907|(794.8, 210.9)
129.8072|(800.4, 211.7)
129.8238|(797.8, 211.0)
129.8404|(809.7, 216.1)
129.8905|(802.1, 212.7)
129.9076|(809.2, 217.6)
129.9407|(906.7, 197.4)
129.9573|(913.9, 196.6)
129.9741|(914.6, 206.9)
129.9908|(918.1, 200.1)
130.0244|(921.3, 209.3)
130.0409|(920.5, 205.3)
130.0577|(907.8, 228.3)
130.0744|(908.4, 227.6)
130.091|(900.0, 236.0)
130.1075|(875.6, 255.4)
130.1243|(874.3, 256.3)
130.1413|(877.8, 259.3)
130.1745|(878.8, 261.6)
130.1912|(877.7, 259.9)
130.2079|(874.8, 258.6)
130.2245|(867.8, 263.4)
130.2414|(861.4, 268.0)
130.2579|(859.7, 270.3)
130.2747|(865.4, 267.7)
130.2912|(874.3, 267.8)
130.3248|(837.1, 233.7)
130.3416|(833.1, 234.3)
130.3582|(828.6, 236.9)
130.3748|(805.7, 216.1)
130.3916|(799.7, 214.6)
130.4081|(794.3, 211.2)
130.4249|(782.1, 207.5)
130.4417|(782.8, 199.0)
130.475|(778.6, 189.0)
130.4917|(777.3, 176.6)
130.5084|(779.5, 173.6)
130.5252|(780.5, 204.3)
130.5417|(780.3, 205.4)
130.5585|(779.1, 210.8)
130.5751|(778.4, 206.6)
130.5918|(778.1, 204.2)
130.6253|(782.8, 206.9)
130.6418|(785.3, 212.4)
130.6586|(791.1, 211.4)
130.6753|(789.6, 211.4)
130.692|(791.0, 211.1)
130.7087|(765.2, 205.1)
130.7254|(765.9, 204.9)
130.7421|(772.0, 205.0)
130.8589|(794.5, 202.4)
130.8756|(883.4, 124.1)
130.8923|(907.8, 115.7)
130.9258|(892.4, 162.6)
130.9424|(884.5, 191.5)
130.959|(896.5, 193.9)
130.9757|(894.5, 178.7)
130.9926|(892.6, 180.0)
131.0091|(892.2, 185.2)
131.0259|(905.8, 187.0)
131.0424|(910.9, 185.4)
131.076|(935.6, 193.1)
131.0926|(935.3, 193.8)
131.1094|(913.9, 198.0)
131.1262|(912.7, 194.5)
131.1426|(924.1, 184.6)
131.1593|(920.7, 187.4)
131.1761|(915.9, 192.0)
131.1929|(913.5, 201.7)
131.2262|(870.1, 350.5)
131.2429|(856.0, 403.9)
131.2597|(839.9, 511.1)
131.2762|(822.1, 579.3)
131.2928|(820.8, 586.2)
131.3096|(809.7, 584.4)
131.3266|(800.1, 582.8)
131.3431|(798.9, 582.4)
131.3764|(793.5, 586.0)
131.3933|(786.0, 622.7)
131.4099|(774.1, 704.0)
131.4268|(769.5, 736.1)
131.4431|(769.6, 730.9)
131.4599|(760.4, 793.5)
131.4766|(755.0, 800.3)
131.4931|(758.6, 805.7)
131.5267|(756.2, 818.0)
131.5435|(751.3, 833.1)
131.5601|(752.4, 946.5)
131.5767|(752.8, 970.3)
131.5936|(754.8, 1070.3)
131.6101|(757.4, 1081.4)
131.6267|(765.4, 1041.1)
131.6435|(759.4, 1057.8)
131.6769|(761.6, 1064.4)
131.6936|(756.4, 1092.4)
131.7104|(753.4, 1125.2)
131.7271|(737.6, 1157.5)
131.7436|(741.9, 1154.1)
131.7603|(751.3, 1145.1)
131.777|(748.5, 1148.5)
131.7939|(737.7, 1145.7)
131.8273|(750.7, 1141.0)
131.8438|(752.4, 1140.7)
131.8607|(733.8, 1150.9)
131.8772|(733.6, 1152.9)
131.8939|(731.5, 1157.4)
131.9108|(729.0, 1159.5)
131.9274|(726.6, 1159.8)
131.944|(723.9, 1162.1)
131.9774|(720.5, 1174.7)
131.9941|(725.3, 1182.0)
132.0108|(733.7, 1181.7)
132.0276|(742.5, 1181.1)
132.0441|(765.3, 1180.9)
132.0611|(767.1, 1178.4)
132.0776|(770.9, 1176.0)
132.0943|(777.3, 1172.7)
132.1278|(782.1, 1165.1)
132.1445|(779.2, 1167.7)
132.1612|(779.8, 1164.9)
132.1777|(790.6, 1106.0)
132.195|(790.1, 1094.2)
132.2112|(788.8, 1088.4)
132.2278|(789.3, 1086.2)
132.2445|(790.3, 1078.4)
132.2779|(792.0, 1066.5)
132.2947|(788.9, 1069.6)
132.3112|(793.0, 1074.4)
132.328|(794.9, 1063.6)
132.3448|(795.2, 1070.3)
132.3616|(831.9, 1000.1)
132.378|(869.7, 932.2)
132.3948|(884.9, 899.9)
132.4283|(902.9, 870.9)
132.445|(908.6, 874.1)
132.4617|(917.5, 857.5)
132.4781|(904.5, 849.0)
132.4949|(898.1, 842.9)
132.5117|(898.7, 843.3)
132.5283|(900.4, 845.3)
132.545|(899.1, 845.9)
132.5784|(898.2, 866.7)
132.5953|(900.3, 866.2)
132.6117|(917.8, 874.2)
132.6286|(937.9, 883.9)
132.6451|(1029.3, 902.0)
132.6618|(1040.0, 908.2)
132.6787|(1036.2, 909.6)
132.6953|(1041.8, 914.1)
132.7288|(1079.3, 938.1)
132.7455|(1079.4, 932.6)
132.7622|(1078.4, 929.2)
132.7787|(1075.1, 899.3)
132.7956|(1073.3, 897.4)
132.8121|(1066.4, 894.8)
132.8288|(1065.7, 897.0)
132.8455|(1067.3, 898.1)
132.879|(1069.4, 887.0)
132.8958|(1067.8, 888.3)
132.9123|(1070.4, 889.7)
132.929|(1071.8, 892.5)
132.9457|(1077.2, 894.1)
132.9626|(1075.7, 893.0)
132.9791|(1075.7, 892.4)
132.9961|(1072.8, 905.4)
133.0293|(1042.7, 911.7)
133.0461|(1050.3, 917.2)
133.0624|(986.9, 925.0)
133.0793|(852.8, 947.9)
133.0961|(795.4, 946.5)
133.1127|(766.3, 948.9)
133.1296|(766.6, 947.8)
133.146|(768.2, 947.8)
133.1795|(767.7, 945.1)
133.1962|(772.9, 945.6)
133.2128|(778.2, 948.3)
133.2294|(779.3, 941.2)
133.2461|(784.0, 930.6)
133.263|(785.9, 923.6)
133.2796|(785.6, 925.1)
133.2963|(786.2, 915.0)
133.3297|(813.2, 466.2)
133.3465|(815.3, 421.7)
133.363|(814.4, 413.8)
133.3799|(819.6, 364.7)
133.3966|(821.8, 364.1)
133.4132|(822.8, 360.3)
133.4298|(821.3, 361.9)
133.4464|(816.5, 366.0)
133.48|(809.0, 371.9)
133.4967|(805.0, 373.7)
133.5133|(805.1, 374.3)
133.53|(808.0, 374.0)
133.547|(808.3, 374.5)
133.5634|(807.2, 376.4)
133.58|(808.4, 375.7)
133.597|(811.0, 374.8)
133.6303|(823.6, 360.2)
133.6469|(886.7, 282.0)
133.6637|(903.6, 263.6)
133.6803|(959.7, 182.9)
133.697|(1006.7, 125.1)
133.7137|(1006.6, 124.7)
133.7304|(1009.4, 126.2)
133.747|(1030.4, 127.9)
133.7805|(1039.7, 115.7)
133.7975|(1035.8, 120.2)
133.8138|(1036.1, 113.2)
133.8305|(1037.4, 99.6)
133.8471|(1035.7, 97.9)
133.8639|(1032.4, 93.4)
133.8806|(1040.3, 101.1)
133.8974|(1037.9, 98.3)
133.9307|(1036.0, 99.1)
133.9475|(1035.3, 98.2)
133.9641|(1035.6, 98.0)
133.9809|(1036.9, 96.2)
133.9975|(1034.6, 96.0)
134.0143|(1028.9, 95.8)
134.0308|(1023.3, 96.0)
134.0476|(1007.4, 89.4)
134.081|(1004.8, 90.3)
134.0977|(1003.6, 92.9)
134.1143|(1002.8, 91.7)
134.1313|(1003.9, 86.5)
134.1476|(1005.6, 85.9)
134.1645|(1009.0, 86.2)
134.1812|(1020.3, 86.5)
134.1977|(1037.5, 84.0)
134.2313|(1042.3, 83.7)
134.2479|(1075.3, 82.6)
134.2647|(1076.1, 81.8)
134.2811|(1070.8, 80.4)
134.2979|(1070.4, 77.6)
134.3147|(1070.1, 78.8)
134.3315|(1071.0, 81.0)
134.3481|(1070.9, 82.7)
134.3815|(1074.1, 89.1)
134.3981|(1074.7, 93.1)
134.4151|(1075.4, 93.9)
134.4316|(1076.7, 94.1)
134.4482|(1078.4, 91.5)
134.4648|(1077.4, 88.0)
134.4816|(1075.6, 88.0)
134.4984|(1076.2, 87.7)
134.5318|(1074.1, 88.9)
134.5483|(1073.0, 93.3)
134.565|(1050.3, 105.2)
134.5819|(1046.5, 104.9)
134.5985|(1033.3, 99.7)
134.6154|(1033.8, 99.2)
134.6319|(1026.3, 91.5)
134.6486|(1029.0, 94.5)
134.6821|(1028.2, 91.9)
134.6985|(1030.7, 92.3)
134.7154|(1041.2, 91.9)
134.7321|(1048.4, 93.2)
134.7487|(1051.0, 93.4)
134.7655|(1051.8, 95.0)
134.7821|(1052.4, 95.7)
134.799|(1055.2, 94.7)
134.8323|(1051.8, 93.6)
134.849|(1039.5, 92.1)
134.8656|(1024.9, 92.8)
134.8822|(1022.2, 95.3)
134.899|(1019.3, 95.7)
134.9156|(1014.3, 98.8)
134.9324|(1012.2, 99.6)
134.9492|(1006.1, 100.2)
134.9825|(1005.5, 98.5)
134.9992|(1005.6, 98.3)
135.0159|(1008.9, 97.0)
135.0326|(1008.2, 99.6)
135.0493|(922.5, 248.4)
135.0659|(818.3, 453.0)
135.0826|(801.5, 486.9)
135.1327|(783.7, 531.3)
135.1661|(783.6, 539.7)
135.1828|(781.5, 522.9)
135.1994|(783.3, 521.2)
135.2161|(788.7, 524.3)
135.2329|(791.6, 530.1)
135.2495|(792.0, 534.0)
135.2831|(792.5, 537.2)
135.2996|(790.2, 608.6)
135.3165|(788.6, 668.7)
135.333|(792.2, 686.0)
135.3498|(792.1, 690.0)
135.3663|(788.4, 697.5)
135.3832|(788.3, 699.7)
135.3999|(786.6, 706.3)
135.4333|(782.3, 703.8)
135.45|(769.1, 707.4)
135.4666|(762.0, 704.7)
135.4833|(742.2, 706.8)
135.4999|(730.2, 706.4)
135.5167|(733.2, 705.6)
135.5333|(729.1, 707.8)
135.55|(719.0, 703.9)
135.5835|(716.3, 698.5)
135.6001|(717.5, 694.1)
135.6169|(720.9, 690.8)
135.6335|(717.4, 690.9)
135.6502|(721.3, 690.2)
135.6672|(725.9, 695.3)
135.6836|(723.7, 698.5)
135.7004|(721.2, 697.9)
135.7337|(719.5, 698.1)
135.7504|(725.9, 694.9)
135.7671|(755.3, 686.2)
135.7838|(814.4, 676.7)
135.8006|(819.4, 681.0)
135.8172|(822.6, 681.4)
135.8338|(826.6, 681.9)
135.8507|(839.4, 683.4)
135.8839|(854.3, 684.5)
135.9006|(856.4, 686.8)
135.9174|(860.9, 689.0)
135.934|(871.2, 697.3)
135.9508|(879.7, 704.5)
135.9675|(874.5, 701.5)
135.9842|(869.9, 695.0)
136.0009|(869.0, 693.3)
136.0342|(864.3, 690.2)
136.051|(863.6, 692.6)
136.0676|(856.5, 691.9)
136.0843|(838.2, 690.2)
136.1011|(836.9, 690.4)
136.1179|(832.1, 687.5)
136.1346|(831.7, 685.5)
136.1512|(826.2, 683.8)
136.1846|(827.7, 681.3)
136.2012|(831.3, 677.5)
136.2177|(829.8, 679.9)
136.2345|(831.2, 679.8)
136.2512|(814.4, 679.7)
136.268|(805.3, 679.6)
136.2847|(806.8, 679.0)
136.3013|(790.3, 679.8)
136.3346|(751.2, 675.8)
136.3513|(750.4, 676.1)
136.3681|(741.1, 672.4)
136.3848|(737.9, 672.0)
136.4014|(740.4, 676.0)
136.4182|(742.1, 676.7)
136.4351|(744.5, 677.9)
136.4515|(746.7, 678.6)
136.485|(747.3, 674.4)
136.5016|(749.0, 676.9)
136.5183|(750.3, 668.7)
136.535|(750.5, 658.0)
136.5516|(750.8, 656.0)
136.5684|(750.8, 652.5)
136.5853|(754.0, 651.6)
136.6019|(752.5, 648.9)
136.6352|(746.6, 645.9)
136.6519|(746.5, 646.0)
136.6684|(746.5, 645.3)
136.6852|(749.9, 644.9)
136.702|(750.9, 645.2)
136.7188|(753.4, 645.0)
136.7355|(755.8, 643.1)
136.752|(756.2, 643.3)
136.7853|(763.0, 637.9)
136.8021|(799.1, 581.9)
136.8188|(937.7, 311.0)
136.8355|(983.1, 222.0)
136.8523|(1029.9, 133.2)
136.869|(1027.8, 122.1)
136.8858|(1026.5, 118.1)
136.9023|(1029.1, 115.2)
136.9191|(1031.8, 115.9)
136.9359|(1032.7, 111.9)
136.9523|(1031.2, 111.3)
136.9691|(1030.5, 111.2)
136.9857|(1029.5, 112.6)
137.0026|(1030.2, 111.4)
137.0193|(1033.4, 111.5)
137.0359|(1040.4, 108.4)
137.0526|(1041.0, 109.0)
137.0859|(1048.0, 107.3)
137.1028|(1047.8, 107.5)
137.1194|(1051.9, 105.7)
137.1361|(1050.1, 106.7)
137.1528|(1041.6, 108.6)
137.1695|(1038.1, 109.4)
137.1862|(1039.6, 108.9)
137.2029|(1041.1, 108.0)
137.2363|(1044.9, 105.4)
137.2529|(1045.7, 104.5)
137.2697|(1040.4, 101.5)
137.2863|(1035.8, 99.6)
137.3031|(1036.0, 104.1)
137.3197|(1039.9, 107.7)
137.3363|(1042.6, 108.9)
137.353|(1043.6, 109.8)
137.3697|(1046.0, 112.1)
137.3865|(1043.6, 110.7)
137.4032|(1043.7, 110.6)
137.4199|(1040.4, 108.7)
137.4365|(1035.9, 108.1)
137.4534|(1036.4, 107.8)
137.47|(1035.9, 106.2)
137.4868|(1036.7, 105.7)
137.5033|(1036.2, 105.4)
137.5368|(1029.3, 105.3)
137.5535|(1028.5, 103.7)
137.5701|(1024.6, 104.9)
137.5869|(1021.7, 114.2)
137.6035|(972.9, 157.7)
137.6203|(901.5, 217.8)
137.6369|(893.6, 224.5)
137.6536|(887.5, 229.6)
137.6702|(864.7, 249.2)
137.6871|(860.6, 251.7)
137.7035|(857.9, 252.9)
137.7205|(861.3, 250.7)
137.7371|(859.5, 253.8)
137.7537|(862.2, 254.7)
137.7704|(861.8, 256.5)
137.7871|(862.4, 260.1)
137.8038|(862.0, 261.8)
137.8204|(863.1, 262.6)
137.8371|(862.5, 269.5)
137.8539|(859.8, 272.2)
137.8705|(858.7, 271.1)
137.8874|(858.4, 271.5)
137.904|(855.2, 269.8)
137.9207|(855.3, 270.1)
137.9374|(854.9, 271.3)
137.954|(853.5, 272.9)
137.9707|(845.5, 271.4)
137.9877|(844.0, 272.3)
138.0041|(832.3, 257.0)
138.0207|(813.8, 235.5)
138.0376|(811.5, 233.2)
138.0542|(803.2, 226.3)
138.0712|(797.6, 217.2)
138.0874|(808.1, 223.3)
138.1045|(801.7, 221.1)
138.1208|(798.0, 218.3)
138.1378|(797.7, 219.3)
138.1543|(793.0, 221.3)
138.1711|(793.5, 222.2)
138.1879|(793.4, 222.9)
138.2046|(792.9, 228.5)
138.2213|(791.1, 228.4)
138.2378|(789.5, 230.2)
138.2546|(790.4, 279.7)
138.2713|(789.6, 286.2)
138.2879|(789.4, 294.0)
138.3047|(788.6, 295.9)
138.3213|(791.1, 302.9)
138.3382|(787.2, 300.0)
138.355|(779.3, 298.3)
138.3715|(779.7, 298.5)
138.3881|(779.5, 302.2)
138.4048|(780.8, 304.8)
138.4215|(781.2, 303.5)
138.4382|(785.7, 305.3)
138.4548|(790.8, 308.8)
138.4718|(789.3, 308.5)
138.4884|(790.0, 307.5)
138.5051|(787.9, 300.8)
138.5217|(789.2, 299.1)
138.5383|(851.3, 300.0)
138.5719|(858.6, 302.0)
138.5884|(872.1, 302.2)
138.6052|(897.5, 292.5)
138.6219|(896.4, 293.2)
138.6385|(894.2, 296.0)
138.6552|(892.3, 290.8)
138.672|(890.7, 291.5)
138.6885|(889.8, 291.3)
138.7054|(885.6, 290.8)
138.7221|(883.3, 290.2)
138.7388|(882.7, 292.2)
138.7722|(888.0, 291.9)
138.7888|(889.7, 292.1)
138.8056|(831.6, 459.4)
138.8221|(801.2, 556.5)
138.8388|(797.4, 567.7)
138.8723|(797.6, 556.8)
138.8889|(796.3, 565.4)
138.9057|(792.5, 586.2)
138.9223|(793.8, 585.4)
138.9392|(793.8, 585.0)
138.9559|(796.2, 581.2)
138.9723|(797.0, 577.3)
138.9892|(788.6, 578.7)
139.0227|(794.7, 581.3)
139.0391|(797.7, 584.6)
139.0559|(799.3, 585.4)
139.0725|(803.2, 596.3)
139.0895|(807.4, 606.6)
139.106|(810.0, 619.0)
139.1228|(806.2, 624.3)
139.1395|(806.5, 625.8)
139.1728|(801.6, 636.0)
139.1893|(803.9, 639.0)
139.2062|(805.7, 639.1)
139.2228|(808.4, 641.2)
139.2395|(817.0, 645.6)
139.2563|(819.2, 653.4)
139.273|(821.1, 664.1)
139.2895|(830.3, 681.6)
139.3231|(828.8, 690.3)
139.3398|(832.3, 687.7)
139.3566|(834.4, 687.1)
139.3731|(838.2, 686.0)
139.3899|(838.9, 686.0)
139.4066|(840.3, 686.9)
139.4232|(844.8, 693.2)
139.4398|(869.7, 688.3)
139.4733|(871.5, 693.6)
139.4899|(879.4, 688.5)
139.5067|(888.6, 684.5)
139.5233|(891.3, 687.0)
139.5401|(889.8, 680.4)
139.5569|(887.9, 675.0)
139.5733|(887.4, 672.3)
139.5901|(889.0, 671.3)
139.6236|(894.9, 677.0)
139.6401|(896.1, 674.4)
139.657|(893.9, 673.1)
139.6736|(870.8, 687.6)
139.6903|(814.7, 658.1)
139.7069|(822.1, 662.7)
139.7238|(819.5, 661.5)
139.7406|(796.1, 638.0)
139.7738|(786.4, 629.4)
139.7904|(785.0, 623.4)
139.8073|(785.2, 622.8)
139.8238|(785.0, 622.0)
139.8406|(783.4, 619.3)
139.8573|(783.7, 619.2)
139.8739|(782.1, 616.6)
139.8907|(785.0, 612.2)
139.9241|(781.2, 617.3)
139.9408|(782.4, 616.3)
139.9574|(782.0, 616.0)
139.9741|(779.8, 611.5)
139.9908|(778.1, 611.1)
140.0074|(783.5, 617.3)
140.0242|(783.8, 617.0)
140.0409|(785.7, 618.9)
140.0743|(787.3, 624.4)
140.0909|(787.5, 622.0)
140.1077|(790.2, 623.3)
140.1244|(790.4, 623.2)
140.141|(802.0, 627.3)
140.1576|(804.1, 629.6)
140.1747|(802.6, 636.0)
140.1913|(803.3, 636.5)
140.2245|(802.3, 636.6)
140.2412|(801.4, 636.9)
140.2579|(799.1, 636.4)
140.2747|(802.4, 633.5)
140.2914|(801.7, 633.3)
140.3079|(800.7, 633.2)
140.3248|(801.8, 638.1)
140.3415|(803.0, 639.3)
140.3749|(806.5, 639.3)
140.3914|(804.1, 640.2)
140.4082|(805.2, 642.9)
140.4248|(803.5, 646.6)
140.4415|(803.8, 644.9)
140.4584|(809.4, 638.7)
140.4749|(837.3, 636.4)
140.4916|(869.1, 630.7)
140.525|(945.4, 621.2)
140.5416|(1011.0, 612.6)
140.5584|(1029.7, 611.2)
140.5751|(1045.2, 609.1)
140.5917|(1048.8, 604.8)
140.6085|(1051.5, 598.7)
140.6251|(1050.9, 598.7)
140.642|(1048.2, 597.5)
140.6753|(1049.0, 601.9)
140.692|(1050.5, 601.6)
140.7088|(1050.4, 601.7)
140.7253|(1049.6, 602.6)
140.7421|(1047.2, 604.1)
140.7586|(1054.2, 603.9)
140.7755|(1087.5, 600.9)
140.7921|(1097.6, 599.1)
140.8255|(1139.6, 606.2)
140.8424|(1141.3, 608.2)
140.8588|(1139.8, 611.3)
140.8758|(1145.7, 618.4)
140.8923|(1145.4, 617.7)
140.9089|(1144.1, 615.9)
140.9258|(1140.8, 610.6)
140.9424|(1123.1, 601.1)
140.9757|(1071.2, 597.4)
140.9926|(973.1, 595.0)
141.0092|(964.7, 594.6)
141.0258|(976.4, 594.6)
141.0425|(902.8, 597.3)
141.0591|(899.5, 599.6)
141.0759|(904.4, 606.0)
141.0927|(900.1, 601.9)
141.1261|(899.5, 598.8)
141.143|(902.5, 592.6)
141.1595|(903.5, 592.4)
141.1762|(905.4, 584.8)
141.1928|(907.0, 581.4)
141.2095|(913.5, 568.9)
141.2263|(913.9, 568.5)
141.2429|(914.9, 566.5)
141.2764|(912.8, 566.9)
141.2931|(914.3, 569.1)
141.3097|(914.1, 569.4)
141.3265|(911.7, 557.2)
141.3431|(910.6, 552.9)
141.3596|(913.0, 556.1)
141.3765|(912.7, 558.7)
141.3932|(912.8, 556.1)
141.4265|(914.4, 560.2)
141.4433|(916.8, 562.7)
141.4599|(918.3, 564.8)
141.4766|(921.8, 570.5)
141.4933|(922.4, 570.9)
141.51|(919.6, 565.5)
141.5266|(919.8, 566.5)
141.5434|(919.5, 565.9)
141.5768|(918.6, 565.5)
141.5936|(916.6, 570.9)
141.6102|(915.6, 573.9)
141.6268|(910.0, 571.2)
141.6436|(915.8, 569.3)
141.6603|(917.3, 573.0)
141.677|(917.6, 575.8)
141.6936|(908.2, 591.0)
141.727|(907.4, 597.3)
141.7439|(907.1, 598.2)
141.7605|(896.6, 613.2)
141.7771|(897.8, 613.2)
141.7937|(902.9, 614.4)
141.8106|(899.4, 614.4)
141.8272|(899.6, 614.2)
141.8439|(899.9, 613.7)
141.8773|(895.5, 612.1)
141.894|(882.5, 613.1)
141.9107|(839.7, 605.6)
141.9274|(832.3, 606.6)
141.9441|(825.7, 607.3)
141.9609|(813.0, 604.6)
141.9773|(812.6, 603.9)
141.9941|(815.7, 606.7)
142.0276|(815.7, 607.2)
142.0442|(815.0, 605.7)
142.0609|(813.6, 605.0)
142.0776|(808.2, 602.5)
142.0942|(801.6, 580.6)
142.111|(803.7, 578.2)
142.1276|(802.6, 573.3)
142.1443|(805.3, 572.9)
142.1778|(803.1, 562.7)
142.1945|(800.3, 577.4)
142.2112|(798.9, 578.2)
142.2277|(802.4, 581.8)
142.2447|(806.2, 575.6)
142.2614|(803.3, 575.0)
142.2778|(802.7, 574.8)
142.2946|(800.9, 574.4)
142.3281|(800.6, 577.5)
142.3449|(801.9, 580.3)
142.3616|(803.6, 582.8)
142.3779|(802.9, 581.1)
142.3948|(807.3, 575.5)
142.4115|(804.1, 577.4)
142.4281|(805.6, 575.4)
142.4449|(805.5, 581.6)
142.4784|(802.0, 594.7)
142.4949|(800.6, 600.2)
142.5115|(801.0, 612.7)
142.5284|(802.2, 621.0)
142.545|(802.3, 618.1)
142.5616|(802.1, 618.4)
142.5784|(801.2, 636.8)
142.5952|(798.5, 657.2)
142.6285|(798.5, 666.0)
142.6456|(800.4, 665.6)
142.6619|(803.4, 661.3)
142.6786|(795.0, 667.4)
142.6953|(797.5, 668.3)
142.712|(796.4, 668.5)
142.7286|(802.5, 669.8)
142.7453|(803.3, 670.2)
142.7789|(831.1, 667.9)
142.7954|(843.4, 664.3)
142.8121|(851.9, 663.8)
142.8289|(865.5, 665.5)
142.8458|(865.4, 667.0)
142.8622|(863.6, 667.0)
142.8791|(864.3, 666.1)
142.8956|(865.4, 666.4)
142.9291|(864.2, 666.9)
142.946|(864.0, 666.6)
142.9624|(867.6, 659.7)
142.979|(876.1, 639.9)
142.9961|(891.4, 622.4)
143.0125|(901.0, 614.1)
143.0291|(914.4, 594.7)
143.0459|(916.7, 593.6)
143.0793|(924.6, 582.9)
143.096|(926.1, 585.2)
143.1127|(929.7, 585.3)
143.1294|(932.9, 579.4)
143.1461|(934.0, 577.8)
143.1627|(934.5, 575.0)
143.1795|(935.1, 573.4)
143.1961|(936.5, 572.3)
143.2295|(937.6, 563.0)
143.2462|(938.8, 563.6)
143.2629|(939.9, 561.6)
143.2798|(940.7, 561.2)
143.2966|(944.3, 569.5)
143.313|(945.5, 570.0)
143.3298|(950.7, 571.1)
143.3463|(979.6, 579.1)
143.3799|(1008.4, 586.6)
143.3966|(1038.4, 587.9)
143.4132|(1061.6, 592.9)
143.4298|(1098.6, 614.5)
143.4466|(1097.8, 621.6)
143.4632|(1096.0, 612.7)
143.4801|(1096.9, 613.0)
143.4966|(1096.6, 609.9)
143.5299|(1092.2, 593.2)
143.5468|(1090.0, 591.2)
143.5634|(1086.3, 591.3)
143.5801|(1062.8, 587.0)
143.5968|(1001.5, 575.6)
143.6136|(995.3, 573.9)
143.6301|(987.3, 568.5)
143.6468|(972.3, 563.6)
143.6804|(966.9, 558.8)
143.6969|(967.8, 559.7)
143.7138|(971.8, 561.6)
143.7304|(973.6, 561.2)
143.7471|(974.6, 561.7)
143.7637|(974.4, 561.5)
143.7804|(972.1, 558.7)
143.7972|(963.1, 548.0)
143.8306|(955.2, 524.0)
143.8471|(944.0, 495.7)
143.8639|(942.7, 489.4)
143.8807|(943.7, 472.7)
143.8973|(946.1, 474.8)
143.9141|(946.3, 470.7)
143.9306|(944.8, 469.4)
143.9475|(943.7, 469.1)
143.9807|(933.7, 468.5)
143.9973|(936.4, 467.2)
144.014|(905.6, 464.6)
144.0312|(903.5, 465.1)
144.0475|(885.3, 467.0)
144.0644|(873.9, 465.4)
144.081|(874.4, 465.0)
144.0977|(869.5, 468.7)
144.1311|(864.0, 470.2)
144.1476|(872.0, 469.8)
144.1643|(878.1, 472.2)
144.181|(911.0, 473.6)
144.1976|(944.8, 476.9)
144.2147|(947.8, 476.8)
144.2311|(946.5, 476.4)
144.2479|(954.3, 477.6)
144.2813|(958.5, 478.8)
144.298|(957.6, 477.5)
144.3147|(955.2, 480.5)
144.3314|(957.7, 481.5)
144.3482|(957.5, 481.2)
144.3647|(961.9, 478.4)
144.3815|(963.3, 478.2)
144.3981|(965.2, 481.5)
144.4316|(999.7, 475.2)
144.4481|(994.7, 476.5)
144.4648|(1042.5, 476.6)
144.4818|(1026.8, 475.8)
144.4984|(1092.5, 491.0)
144.515|(1092.1, 491.8)
144.5318|(1091.9, 491.9)
144.5484|(1092.3, 491.9)
144.5818|(1094.8, 486.4)
144.5985|(1091.3, 488.6)
144.6152|(1093.1, 473.1)
144.6317|(1095.3, 475.3)
144.6485|(1095.9, 474.8)
144.6653|(1094.4, 471.0)
144.8323|(1116.7, 478.4)
144.849|(1092.1, 430.8)
144.8825|(1057.6, 401.4)
144.899|(1049.2, 408.1)
144.9158|(1050.2, 409.0)
144.9323|(1056.6, 419.7)
144.949|(1070.9, 447.2)
144.9657|(1076.9, 450.8)
144.9825|(1077.2, 450.8)
144.9991|(1085.1, 457.2)
145.0325|(1084.6, 468.4)
145.0492|(1080.4, 469.1)
145.0661|(1073.0, 472.9)
145.0825|(1069.7, 475.4)
145.0992|(1064.7, 474.3)
145.116|(1051.4, 477.5)
145.1327|(975.2, 499.1)
145.1496|(959.2, 504.0)
145.1828|(938.5, 510.7)
145.1993|(931.0, 517.3)
145.2162|(929.8, 523.7)
145.2329|(931.5, 524.0)
145.2498|(930.8, 523.8)
145.2661|(931.3, 520.3)
145.2831|(929.9, 519.2)
145.2997|(931.4, 517.6)
145.333|(932.5, 511.4)
145.3498|(865.9, 680.5)
145.3663|(864.9, 683.3)
145.3831|(864.7, 683.5)
145.3997|(862.0, 689.8)
145.4165|(861.3, 690.1)
145.4331|(860.7, 689.2)
145.45|(858.8, 689.5)
145.4832|(858.0, 694.7)
145.5|(859.1, 700.4)
145.5168|(856.3, 697.7)
145.5333|(851.2, 699.4)
145.5501|(836.2, 705.1)
145.567|(816.9, 709.2)
145.5835|(814.7, 708.4)
145.6001|(801.4, 709.7)
145.6334|(784.7, 713.8)
145.6502|(778.8, 715.9)
145.6668|(775.9, 714.2)
145.6836|(777.9, 712.1)
145.7003|(776.0, 711.3)
145.7171|(781.2, 711.7)
145.7337|(781.4, 712.3)
145.7505|(777.9, 712.6)
145.7838|(776.0, 720.3)
145.8004|(751.3, 726.7)
145.8172|(744.3, 722.0)
145.8337|(745.6, 722.8)
145.8507|(743.4, 716.6)
145.8673|(742.4, 716.0)
145.8841|(742.0, 716.5)
145.9006|(744.3, 717.2)
145.934|(757.3, 707.0)
145.9512|(766.4, 705.8)
145.9674|(834.6, 699.0)
145.984|(839.2, 698.0)
146.0008|(841.5, 697.9)
146.0175|(852.8, 697.9)
146.0343|(851.9, 697.6)
146.0509|(850.4, 698.1)
146.0844|(847.5, 698.0)
146.101|(847.5, 694.2)
146.1177|(847.3, 693.0)
146.1344|(845.9, 691.3)
146.1511|(846.7, 691.1)
146.1679|(850.2, 686.0)
146.1846|(852.3, 688.5)
146.2011|(852.0, 689.5)
146.2346|(898.0, 316.7)
146.2511|(905.6, 252.1)
146.2681|(906.1, 239.9)
146.2845|(911.7, 203.5)
146.3014|(909.7, 201.4)
146.3183|(908.4, 196.4)
146.3347|(908.0, 196.2)
146.3517|(907.9, 195.0)
146.3848|(908.3, 194.9)
146.4015|(904.8, 194.9)
146.4182|(902.5, 195.0)
146.435|(902.6, 193.7)
146.4515|(905.3, 192.6)
146.4683|(906.0, 192.9)
146.4851|(909.9, 191.0)
146.5016|(913.3, 186.7)
146.5351|(906.4, 189.4)
146.5517|(907.8, 191.6)
146.5685|(908.6, 191.8)
146.585|(909.8, 192.0)
146.6018|(909.7, 191.3)
146.6185|(912.0, 193.1)
146.6353|(910.0, 191.7)
146.6518|(909.3, 191.6)
146.6852|(911.7, 206.7)
146.702|(915.9, 227.4)
146.7186|(918.1, 234.1)
146.7353|(916.6, 248.5)
146.7521|(918.3, 263.1)
146.7687|(928.0, 261.7)
146.7857|(927.7, 261.8)
146.802|(936.1, 263.8)
146.8188|(939.2, 264.2)
146.8356|(941.4, 264.9)
146.8521|(936.9, 264.6)
146.8689|(938.1, 264.8)
146.8856|(933.5, 265.0)
146.9023|(930.2, 265.1)
146.919|(931.1, 267.3)
146.9358|(932.4, 264.2)
146.9522|(932.0, 262.5)
146.9857|(933.9, 257.3)
147.0025|(933.9, 255.6)
147.0192|(931.6, 254.6)
147.0357|(931.6, 255.2)
147.0527|(929.4, 258.8)
147.0692|(928.9, 260.3)
147.0861|(928.8, 260.1)
147.1027|(928.8, 261.7)
147.136|(924.1, 261.8)
147.1528|(908.3, 263.6)
147.1694|(863.4, 287.6)
147.1862|(859.4, 290.9)
147.2029|(846.1, 297.9)
147.2197|(847.8, 297.2)
147.2362|(847.8, 296.7)
147.2528|(826.1, 302.6)
147.2695|(823.6, 303.0)
147.2863|(824.7, 300.2)
147.3029|(824.3, 301.1)
147.3197|(825.1, 300.0)
147.3363|(823.5, 305.2)
147.3531|(823.2, 306.7)
147.3698|(822.2, 303.3)
147.3865|(821.4, 301.8)
147.4031|(821.2, 304.9)
147.4365|(813.9, 310.5)
147.4532|(814.3, 309.9)
147.4698|(810.8, 322.7)
147.4867|(810.2, 323.6)
147.5034|(808.7, 329.0)
147.5202|(803.1, 333.8)
147.5368|(799.5, 331.7)
147.5534|(799.2, 328.1)
147.5699|(800.6, 328.9)
147.587|(802.1, 329.9)
147.6035|(803.4, 333.0)
147.6201|(802.4, 332.4)
147.6369|(800.0, 334.7)
147.6536|(797.7, 337.7)
147.6704|(798.3, 338.1)
147.6869|(798.7, 337.9)
147.7037|(797.6, 334.7)
147.7203|(796.8, 336.6)
147.737|(801.5, 332.8)
147.7537|(801.7, 332.7)
147.7704|(801.7, 332.5)
147.7872|(801.9, 332.4)
147.8037|(801.4, 334.3)
147.8206|(801.1, 338.1)
147.837|(803.4, 336.3)
147.8539|(803.0, 337.3)
147.8705|(804.7, 334.5)
147.8873|(799.8, 334.6)
147.9038|(791.9, 337.1)
147.9207|(790.5, 337.2)
147.9373|(791.7, 336.1)
147.9542|(792.1, 335.7)
147.9708|(795.2, 332.8)
147.9874|(795.9, 332.0)
148.0042|(796.1, 332.9)
148.0209|(799.7, 328.0)
148.0375|(798.5, 333.6)
148.0545|(799.9, 313.8)
148.0709|(798.5, 307.1)
148.0877|(798.3, 303.8)
148.1045|(798.4, 287.2)
148.1212|(804.0, 294.3)
148.1376|(804.2, 294.6)
148.1544|(803.0, 290.8)
148.1713|(806.4, 297.7)
148.1877|(807.1, 295.2)
148.2045|(808.4, 294.8)
148.2213|(806.0, 294.1)
148.2379|(802.4, 291.8)
148.2546|(798.6, 289.3)
148.2713|(797.6, 285.7)
148.2879|(798.8, 283.3)
148.3047|(803.6, 278.0)
148.3213|(814.6, 280.4)
148.338|(826.1, 280.4)
148.3549|(864.2, 284.5)
148.3715|(866.6, 284.9)
148.3882|(856.1, 286.5)
148.4049|(870.6, 289.6)
148.4216|(881.4, 291.0)
148.4381|(883.3, 283.7)
148.4715|(896.1, 280.7)
148.4883|(891.6, 283.8)
148.5049|(947.0, 284.7)
148.5216|(934.0, 282.9)
148.5385|(945.0, 283.0)
148.5552|(973.9, 283.0)
148.5717|(977.2, 285.8)
148.5886|(977.8, 285.9)
148.6051|(975.9, 281.4)
148.622|(977.8, 286.1)
148.6384|(978.1, 289.7)
148.6553|(976.1, 292.2)
148.672|(974.7, 294.7)
148.6886|(974.1, 296.9)
148.7053|(972.6, 296.3)
148.7221|(971.6, 295.2)
148.7386|(970.9, 294.7)
148.7556|(968.7, 295.1)
148.7721|(969.1, 295.2)
148.7888|(968.3, 295.1)
148.8055|(969.8, 296.2)
148.8222|(967.5, 295.0)
148.839|(969.0, 294.7)
148.8556|(969.5, 292.1)
148.8721|(969.7, 291.2)
148.889|(969.2, 285.8)
148.9224|(966.8, 282.8)
148.9389|(967.3, 282.7)
148.9558|(967.4, 280.5)
148.9725|(957.1, 281.8)
148.9895|(942.6, 282.7)
149.0059|(842.7, 299.7)
149.0224|(834.9, 301.5)
149.0393|(819.1, 302.2)
149.0726|(809.8, 298.3)
149.0893|(811.2, 299.2)
149.1059|(812.6, 300.9)
149.1226|(813.0, 300.1)
149.1396|(811.8, 300.7)
149.1562|(812.1, 300.6)
149.1727|(811.5, 300.3)
149.1894|(811.4, 294.4)
149.2228|(811.2, 291.9)
149.2397|(934.9, 133.0)
149.2563|(940.6, 127.0)
149.273|(948.7, 118.9)
149.2896|(959.7, 109.4)
149.3064|(959.7, 109.7)
149.3229|(962.7, 113.0)
149.3396|(962.8, 111.9)
149.3732|(962.6, 113.2)
149.3897|(963.0, 112.3)
149.4065|(960.6, 110.6)
149.4234|(962.3, 113.1)
149.4399|(959.9, 113.9)
149.4565|(960.8, 111.4)
149.4733|(990.3, 115.9)
149.4899|(1002.8, 118.6)
149.5234|(1007.3, 119.5)
149.54|(1045.7, 125.1)
149.5567|(1032.9, 120.2)
149.5735|(1043.0, 123.3)
149.6069|(1039.7, 120.1)
149.6236|(1037.1, 121.2)
149.6404|(1020.2, 146.3)
149.6737|(929.5, 302.7)
149.6904|(908.1, 336.5)
149.7069|(901.6, 346.4)
149.7238|(885.1, 373.8)
149.7403|(884.7, 379.3)
149.7569|(885.4, 379.1)
149.7736|(890.9, 383.2)
149.7905|(890.5, 383.2)
149.8241|(889.9, 378.6)
149.8405|(890.2, 379.9)
149.8573|(866.8, 476.1)
149.8739|(855.4, 545.1)
149.8907|(851.7, 563.6)
149.9073|(847.0, 594.4)
149.924|(846.7, 601.5)
149.9408|(848.5, 604.3)
149.974|(847.0, 604.0)
149.9907|(846.3, 603.9)
150.0078|(850.0, 604.4)
150.0242|(851.7, 607.0)
150.041|(852.0, 606.9)
150.0575|(852.9, 606.9)
150.0744|(853.6, 600.5)
150.0911|(853.1, 588.2)
150.1244|(853.7, 552.9)
150.1411|(854.1, 529.6)
150.1578|(850.5, 442.7)
150.1746|(849.9, 420.2)
150.1912|(848.4, 396.1)
150.2077|(850.0, 392.1)
150.2246|(849.1, 369.2)
150.2413|(854.5, 374.2)
150.2747|(854.0, 377.2)
150.2912|(854.2, 379.5)
150.3081|(856.4, 385.8)
150.3247|(856.3, 388.3)
150.3413|(856.2, 384.9)
150.3581|(856.3, 385.6)
150.3747|(857.5, 390.9)
150.3913|(857.6, 391.5)
150.4249|(854.6, 391.6)
150.4416|(840.4, 386.2)
150.4581|(821.3, 385.7)
150.475|(806.6, 383.4)
150.4917|(762.0, 384.9)
150.5085|(751.1, 367.8)
150.5252|(744.2, 367.9)
150.5416|(737.4, 366.3)
150.5752|(734.6, 361.2)
150.5919|(739.1, 358.5)
150.609|(740.7, 386.9)
150.6252|(770.8, 1014.2)
150.6419|(770.4, 1020.3)
150.6586|(767.2, 1017.3)
150.6755|(761.9, 1045.5)
150.6918|(757.7, 1055.8)
150.7253|(758.1, 1059.1)
150.7421|(758.2, 1058.6)
150.7589|(757.1, 1060.3)
150.7755|(767.4, 1052.9)
150.792|(773.1, 1050.9)
150.8088|(766.0, 1062.1)
150.8256|(757.2, 1060.8)
150.8422|(753.0, 1061.8)
150.8756|(761.0, 1046.8)
150.8922|(760.7, 1041.7)
150.909|(753.4, 1055.4)
150.9257|(755.6, 1049.8)
150.9424|(751.7, 1057.3)
150.959|(753.9, 1058.4)
150.9758|(756.5, 1051.3)
150.9925|(758.2, 1033.9)
151.0259|(759.0, 1032.1)
151.0426|(759.5, 1030.4)
151.0595|(760.4, 1021.0)
151.0759|(764.7, 1021.6)
151.0925|(822.0, 1006.7)
151.1095|(835.6, 998.2)
151.126|(901.1, 968.6)
151.1426|(913.3, 963.4)
151.176|(1002.6, 921.6)
151.1929|(1002.1, 922.1)
151.2095|(1000.2, 923.9)
151.2263|(983.6, 946.3)
151.2427|(985.4, 953.9)
151.2597|(999.1, 956.8)
151.2762|(995.7, 959.6)
151.293|(993.0, 970.5)
151.3264|(986.1, 946.2)
151.343|(980.9, 929.1)
151.3598|(984.2, 928.6)
151.3764|(985.6, 927.3)
151.393|(1006.4, 929.3)
151.4097|(1050.1, 929.5)
151.4265|(1051.4, 932.0)
151.4432|(1060.7, 935.6)
151.4766|(1056.8, 929.1)
151.4934|(1056.4, 928.5)
151.5099|(1052.0, 921.0)
151.5266|(1047.8, 916.7)
151.5433|(1053.2, 920.9)
151.5602|(1060.1, 909.9)
151.5767|(1060.8, 908.2)
151.5935|(1062.5, 905.2)
151.6269|(1065.5, 898.4)
151.6437|(1065.2, 897.5)
151.6603|(1064.1, 901.6)
151.6769|(1064.1, 904.6)
151.6938|(1067.4, 905.1)
151.7103|(1057.8, 899.2)
151.727|(1058.6, 901.7)
151.7771|(1024.3, 891.4)
151.8105|(955.6, 910.0)
151.8272|(968.4, 902.1)
151.8438|(963.9, 914.0)
151.8607|(961.4, 916.7)
151.8772|(960.3, 916.3)
151.8939|(959.7, 918.6)
151.9274|(956.8, 923.5)
151.944|(952.1, 930.9)
151.9608|(941.7, 950.3)
151.9779|(894.3, 1017.2)
151.9942|(841.2, 1080.1)
152.0109|(809.5, 1109.0)
152.0275|(812.0, 1102.4)
152.0442|(766.8, 1111.1)
152.0778|(764.3, 1127.0)
152.0942|(765.8, 1132.1)
152.1277|(777.1, 1147.6)
152.1446|(778.6, 1154.3)
152.1611|(771.5, 1160.9)
152.1778|(750.1, 1172.3)
152.1944|(751.5, 1171.2)
152.228|(748.6, 1176.9)
152.2446|(741.9, 1181.2)
152.2612|(738.1, 1177.0)
152.2778|(733.7, 1173.6)
152.2947|(734.7, 1178.9)
152.3112|(735.2, 1179.3)
152.3279|(742.6, 1174.6)
152.3447|(743.0, 1175.3)
152.3781|(759.3, 1159.1)
152.395|(754.6, 1163.9)
152.4114|(755.7, 1161.0)
152.4282|(754.1, 1158.4)
152.4451|(755.8, 1154.3)
152.4614|(756.3, 1151.0)
152.4783|(759.4, 1150.2)
152.495|(758.6, 1140.7)
152.5284|(763.3, 1122.8)
152.5452|(758.4, 1124.3)
152.5617|(764.2, 1131.3)
152.5784|(762.2, 1132.2)
152.5951|(764.9, 1136.9)
152.6119|(762.9, 1141.8)
152.6284|(754.9, 1147.8)
152.6452|(751.9, 1149.0)
152.6788|(744.8, 1147.0)
152.6954|(743.7, 1149.2)
152.7119|(728.3, 1143.1)
152.7286|(707.7, 1131.8)
152.7455|(700.7, 1129.4)
152.7621|(704.0, 1132.8)
152.7787|(704.4, 1132.9)
152.7955|(706.3, 1138.1)
152.8289|(713.5, 1150.9)
152.8458|(713.4, 1149.0)
152.8622|(716.7, 1144.0)
152.8789|(712.7, 1142.4)
152.8958|(714.3, 1142.4)
152.9123|(714.2, 1142.0)
152.929|(714.5, 1142.8)
152.9458|(714.1, 1144.3)
152.9792|(712.5, 1150.2)
152.996|(712.1, 1149.5)
153.0124|(715.1, 1147.3)
153.0293|(716.1, 1144.1)
153.0461|(717.6, 1141.4)
153.0628|(720.0, 1138.0)
153.0794|(718.9, 1141.5)
153.0961|(719.4, 1139.5)
153.1299|(720.9, 1142.7)
153.1462|(718.8, 1143.4)
153.163|(713.9, 1142.0)
153.1796|(709.2, 1137.3)
153.1963|(720.3, 1137.7)
153.2129|(725.2, 1138.5)
153.2296|(727.3, 1138.3)
153.2462|(728.9, 1138.0)
153.28|(726.5, 1146.6)
153.2967|(723.9, 1146.5)
153.3132|(721.0, 1147.9)
153.3301|(707.6, 1154.6)
153.3468|(709.7, 1153.3)
153.3631|(707.3, 1145.6)
153.3799|(708.1, 1148.7)
153.3968|(708.5, 1150.0)
153.43|(716.7, 1158.7)
153.4467|(725.0, 1176.0)
153.4633|(713.1, 1171.3)
153.4802|(716.1, 1176.5)
153.4968|(711.8, 1180.3)
153.5134|(714.3, 1180.5)
153.5301|(715.4, 1178.8)
153.5471|(718.4, 1165.5)
153.5803|(734.9, 1164.8)
153.5969|(756.6, 1157.3)
153.6134|(768.0, 1148.8)
153.6302|(779.8, 1143.3)
153.647|(778.2, 1140.6)
153.6636|(783.2, 1132.6)
153.6803|(784.4, 1125.7)
153.6971|(785.2, 1122.7)
153.7304|(782.5, 1116.0)
153.7471|(782.9, 1118.3)
153.7637|(777.7, 1102.5)
153.7805|(771.4, 1106.0)
153.7971|(771.6, 1104.3)
153.8137|(774.0, 1102.7)
153.8306|(774.2, 1102.2)
153.8472|(774.4, 1103.1)
153.8806|(783.9, 1100.2)
153.8972|(782.7, 1101.8)
153.914|(788.2, 1104.4)
153.9307|(789.2, 1094.7)
153.9642|(786.0, 1099.1)
153.9808|(785.1, 1095.9)
154.0311|(783.9, 1099.6)
154.0475|(782.8, 1116.1)
154.0648|(781.1, 1110.5)
154.0816|(787.6, 1096.9)
154.0982|(788.8, 1101.4)
154.1145|(787.4, 1115.5)
154.1312|(786.5, 1122.7)
154.148|(786.5, 1127.5)
154.1811|(785.9, 1147.8)
154.1977|(786.8, 1153.8)
154.2145|(791.4, 1152.4)
154.2311|(789.5, 1152.8)
154.2479|(788.5, 1153.1)
154.2645|(783.1, 1152.4)
154.2814|(783.4, 1148.3)
154.298|(784.2, 1149.4)
154.3314|(788.1, 1143.4)
154.3481|(789.8, 1142.2)
154.3649|(788.8, 1157.2)
154.3815|(784.9, 1156.1)
154.398|(773.6, 1152.8)
154.4148|(755.4, 1149.4)
154.4316|(743.3, 1149.9)
154.4818|(730.7, 1153.6)
154.4985|(716.4, 1131.5)
154.5152|(718.1, 1132.9)
154.5482|(735.5, 1104.7)
154.565|(736.5, 1107.5)
154.5819|(854.0, 789.4)
154.5985|(877.0, 693.7)
154.632|(897.3, 614.7)
154.6488|(886.9, 622.7)
154.6653|(899.9, 510.6)
154.6821|(900.6, 512.7)
154.6987|(901.4, 515.1)
154.7156|(894.4, 519.7)
154.7321|(881.3, 530.7)
154.7488|(881.8, 529.7)
154.7823|(885.3, 534.9)
154.799|(876.0, 539.9)
154.8156|(871.6, 531.9)
154.8322|(869.3, 514.5)
154.8488|(869.0, 513.3)
154.8659|(866.7, 504.8)
154.8824|(864.5, 497.9)
154.899|(863.5, 491.2)
154.9325|(862.7, 488.8)
154.9489|(854.8, 484.8)
154.966|(852.3, 483.2)
154.9823|(851.2, 483.4)
154.9992|(853.4, 488.9)
155.016|(854.5, 491.1)
155.0329|(863.0, 494.8)
155.0493|(863.7, 494.5)
155.0827|(865.1, 496.1)
155.0993|(866.8, 489.1)
155.1161|(865.7, 479.8)
155.1327|(844.6, 415.7)
155.1495|(839.1, 401.3)
155.1662|(833.1, 389.5)
155.1829|(832.5, 393.7)
155.1996|(831.0, 379.6)
155.233|(821.3, 367.6)
155.2496|(828.1, 366.5)
155.2663|(833.8, 363.6)
155.2829|(831.4, 364.7)
155.2997|(832.7, 370.0)
155.3164|(835.9, 370.1)
155.3332|(832.2, 371.6)
155.3499|(892.0, 347.7)
155.383|(910.7, 339.1)
155.4001|(928.8, 334.3)
155.4178|(929.4, 334.9)
155.4333|(929.0, 338.5)
155.4498|(931.7, 340.5)
155.4665|(936.0, 342.7)
155.4834|(936.0, 341.9)
155.4999|(936.3, 339.9)
155.5334|(938.0, 335.8)
155.5501|(932.7, 331.6)
155.5668|(924.0, 321.0)
155.5833|(922.3, 319.4)
155.6001|(921.5, 318.4)
155.6169|(905.4, 302.8)
155.6338|(901.5, 301.2)
155.6502|(902.3, 302.3)
155.6837|(897.6, 306.0)
155.7002|(890.1, 303.0)
155.717|(887.6, 302.1)
155.7339|(897.7, 313.8)
155.7503|(896.3, 313.6)
155.7672|(880.5, 302.7)
155.7839|(891.4, 343.8)
155.8006|(889.3, 408.5)
155.8338|(875.3, 502.4)
155.8506|(863.7, 559.0)
155.8673|(862.1, 556.7)
155.8839|(861.5, 552.3)
155.9007|(862.9, 553.3)
155.9175|(864.4, 554.3)
155.9341|(865.2, 556.3)
155.9507|(865.5, 558.3)
155.9844|(864.4, 560.4)
156.0007|(855.8, 561.8)
156.0174|(852.4, 559.5)
156.0342|(850.7, 559.4)
156.0509|(851.9, 545.2)
156.0676|(849.0, 544.5)
156.0843|(849.5, 538.6)
156.101|(848.8, 533.1)
156.1343|(847.7, 523.4)
156.1511|(848.8, 513.8)
156.1677|(848.8, 512.8)
156.1844|(845.7, 514.6)
156.201|(839.8, 517.5)
156.2179|(849.1, 512.4)
156.2346|(859.3, 509.2)
156.2512|(911.6, 501.1)
156.2848|(966.6, 488.2)
156.3012|(968.0, 479.8)
156.318|(968.8, 478.5)
156.3347|(970.3, 477.8)
156.3515|(969.6, 476.5)
156.368|(972.3, 479.7)
156.3848|(972.1, 479.3)
156.4015|(974.6, 482.6)
156.4347|(975.0, 485.1)
156.4514|(970.7, 483.0)
156.4682|(969.3, 484.8)
156.485|(975.9, 490.5)
156.5017|(980.1, 489.4)
156.5183|(989.6, 483.7)
156.535|(987.4, 483.5)
156.5517|(1001.3, 487.3)
156.5851|(1036.6, 489.2)
156.6018|(1065.1, 497.5)
156.6187|(1066.7, 496.8)
156.6354|(1067.5, 496.3)
156.6521|(1068.1, 493.4)
156.6688|(1073.9, 492.5)
156.6852|(1074.4, 493.3)
156.702|(1075.8, 492.5)
156.7186|(1076.3, 490.7)
156.7355|(1068.3, 469.0)
156.752|(1078.9, 476.7)
156.7689|(1345.5, 568.1)
156.7854|(1466.4, 608.4)
156.8023|(1501.4, 621.8)
156.819|(1512.3, 629.5)
156.8358|(1521.3, 629.9)
156.8522|(1528.5, 636.7)
156.8859|(1529.9, 635.2)
156.9025|(1528.4, 635.4)
156.919|(1532.6, 639.4)
156.9364|(1547.2, 630.1)
156.9528|(1572.5, 631.8)
156.9693|(1647.9, 637.8)
157.0026|(1657.4, 637.8)
157.0362|(1724.9, 642.8)
157.0526|(1718.5, 642.3)
157.0694|(1714.2, 646.8)
157.0862|(1725.9, 647.1)
157.1029|(1725.8, 640.7)
157.1195|(1717.6, 641.3)
157.136|(1718.2, 638.5)
157.1528|(1720.0, 643.4)
157.1695|(1717.4, 640.6)
157.1863|(1725.8, 634.4)
157.203|(1728.0, 641.1)
157.2197|(1729.0, 641.7)
157.2364|(1720.4, 637.8)
157.2531|(1710.2, 646.5)
157.2698|(1706.0, 644.2)
157.2865|(1707.7, 637.9)
157.3032|(1708.4, 634.4)
157.3197|(1707.2, 631.1)
157.3385|(1708.1, 630.2)
157.3531|(1704.8, 619.8)
157.3701|(1706.5, 617.1)
157.3867|(1706.0, 615.3)
157.4034|(1701.9, 610.8)
157.4203|(1695.2, 606.6)
157.4368|(1659.2, 604.6)
157.4534|(1631.5, 601.2)
157.4699|(1625.9, 596.9)
157.4868|(1617.6, 597.9)
157.5033|(1614.8, 602.6)
157.52|(1611.3, 601.5)
157.5369|(1607.4, 599.8)
157.5533|(1611.8, 591.3)
157.5703|(1622.1, 584.9)
157.5868|(1626.5, 585.0)
157.6036|(1627.1, 583.8)
157.6203|(1627.4, 585.3)
157.6371|(1624.0, 585.7)
157.6703|(1626.9, 601.7)
157.6871|(1624.3, 609.5)
157.7204|(1056.2, 622.4)
157.737|(1070.7, 613.5)
157.7536|(1021.2, 609.7)
157.7704|(956.5, 601.4)
157.7869|(956.4, 604.9)
157.8038|(958.7, 611.0)
157.8203|(960.4, 609.3)
157.8373|(958.9, 619.9)
157.854|(958.8, 622.3)
157.8709|(955.1, 628.0)
157.8873|(954.0, 629.4)
157.9208|(951.9, 628.7)
157.938|(952.1, 626.9)
157.9543|(951.9, 626.2)
157.9711|(956.4, 625.8)
157.9877|(962.4, 625.3)
158.0041|(963.5, 626.4)
158.021|(958.6, 630.8)
158.0375|(956.2, 632.5)
158.0543|(947.6, 645.5)
158.0709|(921.6, 674.2)
158.0875|(913.1, 690.0)
158.1044|(903.0, 707.3)
158.1209|(900.0, 710.8)
158.1377|(896.0, 713.2)
158.1545|(899.1, 710.0)
158.171|(902.1, 705.9)
158.1878|(903.3, 704.1)
158.2045|(904.4, 702.1)
158.2212|(905.8, 698.7)
158.2379|(908.0, 699.5)
158.2546|(910.0, 703.3)
158.2712|(909.0, 707.8)
158.288|(905.7, 709.6)
158.3047|(904.7, 709.1)
158.3213|(900.9, 707.0)
158.3379|(892.5, 701.0)
158.3715|(878.3, 689.8)
158.3881|(870.5, 681.4)
158.4048|(847.2, 661.2)
158.4215|(845.4, 659.0)
158.4382|(842.1, 654.0)
158.4549|(839.7, 650.5)
158.4717|(838.3, 650.1)
158.4884|(842.6, 661.2)
158.5218|(845.1, 666.8)
158.5383|(845.7, 664.0)
158.5552|(843.2, 660.2)
158.5718|(843.5, 661.2)
158.5885|(843.5, 662.3)
158.6053|(843.3, 662.4)
158.6218|(841.6, 669.1)
158.6385|(855.1, 661.0)
158.6721|(888.6, 642.1)
158.6885|(896.6, 637.8)
158.7053|(897.3, 637.3)
158.722|(898.7, 634.2)
